0 1309.001525
4 993.140261
8 714.281759
12 584.043044
16 522.632634
20 480.660470
24 446.910993
28 419.101700
32 398.626277
36 381.847120
40 368.818882
44 359.858602
48 350.570687
52 342.756089
56 336.079245
60 331.549162
64 327.371964
68 322.885009
72 319.501042
76 317.429903
80 316.604173
84 319.080306
88 322.005824
92 324.247060
96 324.640827
100 322.142666
104 319.991710
108 317.477593
112 314.714978
116 312.344165
120 311.239498
124 310.234296
128 308.651587
132 307.695963
136 307.459905
140 307.841349
144 309.160181
148 309.839494
152 310.288900
156 310.107338
160 309.446840
164 308.923822
168 308.137994
172 306.873874
176 305.849193
180 305.119855
184 304.761799
188 304.111626
192 303.914970
196 304.118797
200 304.917920
204 305.889483
208 306.780430
212 307.520531
216 307.879455
220 308.993477
224 310.450510
228 311.806753
232 313.420012
236 315.781336
240 318.887502
244 322.169449
248 326.696889
252 332.028916
256 337.883145
260 344.994635
264 353.607738
268 360.473887
272 367.732314
276 372.954466
280 377.352739
284 381.623212
288 385.307209
292 388.742251
296 391.594351
300 395.123698
304 398.317875
308 401.645751
312 405.081092
316 408.198726
320 412.704568
324 417.146247
328 421.398057
332 425.227294
336 429.078920
340 433.217581
344 439.187129
348 444.439150
352 449.226057
356 454.718187
360 460.803287
364 465.965862
368 472.615043
372 478.198720
376 483.515518
380 488.580652
384 493.544558
388 497.051053
392 500.669109
396 503.224065
400 505.561695
404 507.510456
408 509.609940
412 511.491004
416 513.095693
420 514.816631
424 516.121577
428 517.732601
432 519.559858
436 521.804402
440 524.080520
444 525.561948
448 527.169406
452 527.959114
456 528.544607
460 529.155975
464 529.190380
468 529.732153
472 530.033520
476 530.184628
480 530.771902
484 531.454429
488 532.784652
492 533.885638
496 535.604433
500 536.781384
504 537.771160
508 538.459379
512 538.772219
516 538.866941
520 538.403345
524 538.048655
528 537.806025
532 537.553517
536 537.312521
540 537.040831
544 536.767412
548 536.503680
552 536.845209
556 537.519086
560 537.960741
564 537.982602
568 537.973458
572 537.949273
576 537.555230
580 537.403707
584 537.332292
588 537.087248
592 537.080587
596 536.866197
600 537.303278
604 537.563684
608 538.088235
612 538.757885
616 539.471198
620 539.967239
624 540.279631
628 540.275903
632 540.143191
636 539.980764
640 539.911619
644 539.832232
648 539.746299
652 539.434646
656 539.513159
660 539.513549
664 539.839440
668 540.164735
672 540.596468
676 540.844732
680 540.897023
684 540.724189
688 540.715487
692 540.338987
696 540.029722
700 539.746447
704 539.616822
708 539.508623
712 539.754752
716 540.058338
720 540.533849
724 540.965983
728 541.456470
732 541.899014
736 542.436521
740 542.924146
744 543.230886
748 543.322295
752 543.261684
756 543.332545
760 543.419715
764 543.214844
768 543.143936
772 542.844837
776 542.799025
780 542.877087
784 542.904889
788 542.886248
792 542.865294
796 542.856794
800 543.019844
804 543.228407
808 543.461849
812 543.550759
816 543.304330
820 543.137127
824 543.139047
828 543.225271
832 543.210273
836 543.379467
840 543.820642
844 544.185535
848 544.703054
852 545.241832
856 545.785525
860 546.298128
864 546.646430
868 547.139695
872 547.366114
876 547.470601
880 547.586819
884 547.659646
888 547.930757
892 548.133703
896 548.516052
900 548.703425
904 549.192114
908 549.799989
912 550.514828
916 551.030498
920 551.441267
924 551.784900
928 552.274853
932 552.507471
936 552.752901
940 553.136660
944 553.488934
948 554.001824
952 554.462941
956 554.822810
960 555.153929
964 555.580592
968 555.846185
972 556.237134
976 556.455374
980 556.487773
984 556.391390
988 556.635970
992 556.695949
996 556.694539
1000 557.131449
1004 557.618835
1008 558.190305
1012 558.732932
1016 559.129168
1020 559.616235
1024 560.106311
1028 560.505373
1032 561.020434
1036 561.575356
1040 562.016623
1044 562.393133
1048 562.644744
1052 562.719888
1056 563.002633
1060 563.497431
1064 563.669211
1068 564.036140
1072 564.289493
1076 564.722302
1080 565.139617
1084 565.475232
1088 565.805393
1092 566.353986
1096 566.779646
1100 567.166200
1104 567.517047
1108 567.779618
1112 568.231560
1116 568.456324
1120 568.712283
1124 569.012957
1128 569.278018
1132 569.540183
1136 569.776137
1140 569.879363
1144 570.043777
1148 570.185403
1152 570.292165
1156 570.294034
1160 570.213380
1164 570.088597
1168 569.932946
1172 569.627634
1176 569.547246
1180 569.374295
1184 569.127897
1188 569.040029
1192 568.911879
1196 568.859964
1200 568.636398
1204 568.513218
1208 568.355890
1212 568.242715
1216 568.117921
1220 567.782796
1224 567.589961
1228 567.272615
1232 567.099978
1236 566.985600
1240 566.824158
1244 566.717549
1248 566.626200
1252 566.519828
1256 566.453538
1260 566.347609
1264 566.381192
1268 566.226252
1272 566.014889
1276 565.749655
1280 565.477069
1284 565.236819
1288 565.083080
1292 565.012349
1296 564.889685
1300 564.933129
1304 564.944306
1308 565.072534
1312 565.283110
1316 565.584848
1320 565.792551
1324 566.099792
1328 566.352007
1332 566.508589
1336 566.780531
1340 567.037281
1344 567.171494
1348 567.543291
1352 567.855477
1356 568.150117
1360 568.322338
1364 568.859284
1368 569.134005
1372 569.456036
1376 569.880093
1380 570.327807
1384 570.794513
1388 571.131701
1392 571.518518
1396 571.969969
1400 572.250648
1404 572.514865
1408 572.852161
1412 573.143246
1416 573.282546
1420 573.595033
1424 573.841981
1428 574.046959
1432 574.371308
1436 574.622119
1440 574.950841
1444 575.186409
1448 575.358697
1452 575.355984
1456 575.401326
1460 575.447451
1464 575.440252
1468 575.660928
1472 575.782576
1476 575.996149
1480 576.164691
1484 576.350756
1488 576.477030
1492 576.735694
1496 576.924581
1500 577.065289
1504 577.189590
1508 577.292835
1512 577.258211
1516 577.214191
1520 577.153469
1524 577.153887
1528 577.253809
1532 577.422079
1536 577.665665
1540 577.935578
1544 578.282097
1548 578.570207
1552 578.936956
1556 579.529238
1560 579.895201
1564 580.328899
1568 580.796590
1572 581.221593
1576 581.498651
1580 581.690551
1584 581.894076
1588 582.131240
1592 582.318072
1596 582.533683
1600 582.791112
1604 583.116139
1608 583.388295
1612 583.678287
1616 583.813516
1620 584.078901
1624 584.270183
1628 584.317041
1632 584.260152
1636 584.167505
1640 584.153615
1644 584.131937
1648 584.030455
1652 584.003730
1656 583.983599
1660 584.055588
1664 584.092764
1668 584.154126
1672 584.136614
1676 584.146871
1680 584.081618
1684 584.058727
1688 584.058110
1692 584.001142
1696 583.940344
1700 583.764388
1704 583.682462
1708 583.519993
1712 583.318007
1716 583.141230
1720 583.034814
1724 582.945465
1728 582.993900
1732 582.840931
1736 582.720718
1740 582.735379
1744 582.665840
1748 582.500090
1752 582.375228
1756 582.197948
1760 582.007285
1764 581.920676
1768 581.737382
1772 581.640629
1776 581.528104
1780 581.551435
1784 581.579673
1788 581.611992
1792 581.592972
1796 581.757018
1800 581.907719
1804 581.950414
1808 582.090168
1812 582.065454
1816 582.053445
1820 582.055580
1824 582.100276
1828 582.075279
1832 582.076156
1836 582.172525
1840 582.307000
1844 582.362473
1848 582.433062
1852 582.468077
1856 582.485091
1860 582.532733
1864 582.524091
1868 582.463807
1872 582.429092
1876 582.346031
1880 582.216659
1884 582.214310
1888 582.165101
1892 582.077523
1896 582.093798
1900 582.039608
1904 581.979915
1908 581.906228
1912 581.846309
1916 581.748675
1920 581.688535
1924 581.572305
1928 581.396079
1932 581.240440
1936 581.040806
1940 580.834756
1944 580.601596
1948 580.489267
1952 580.293176
1956 580.206996
1960 580.155456
1964 580.019050
1968 579.882690
1972 579.747580
1976 579.590793
1980 579.539483
1984 579.437774
1988 579.324037
1992 579.217914
1996 579.125090
2000 579.073519
2004 579.000106
2008 579.021935
2012 578.952384
2016 578.934685
2020 578.937605
2024 578.890192
2028 578.896433
2032 578.921305
2036 578.953169
2040 578.968239
2044 578.972254
2048 578.999475
2052 578.991287
2056 578.975595
2060 578.939406
2064 578.874654
2068 578.878335
2072 578.868433
2076 578.881723
2080 578.880235
2084 578.837852
2088 578.829996
2092 578.768968
2096 578.717240
2100 578.716221
2104 578.667992
2108 578.559758
2112 578.462862
2116 578.349287
2120 578.288792
2124 578.182321
2128 578.114262
2132 578.071269
2136 577.952481
2140 577.863812
2144 577.832406
2148 577.737401
2152 577.666194
2156 577.549495
2160 577.436959
2164 577.277902
2168 577.126560
2172 576.960961
2176 576.859872
2180 576.768140
2184 576.675731
2188 576.560104
2192 576.465717
2196 576.428920
2200 576.391246
2204 576.291219
2208 576.242268
2212 576.167982
2216 576.160062
2220 576.114187
2224 576.051963
2228 575.984337
2232 575.920159
2236 575.916126
2240 575.946483
2244 575.918944
2248 575.901625
2252 575.955646
2256 576.106096
2260 576.183410
2264 576.162808
2268 576.231458
2272 576.280121
2276 576.305097
2280 576.436220
2284 576.515090
2288 576.631267
2292 576.787642
2296 576.862717
2300 576.949944
2304 577.062121
2308 577.165522
2312 577.210491
2316 577.286394
2320 577.368038
2324 577.362723
2328 577.445728
2332 577.492995
2336 577.484146
2340 577.457378
2344 577.494740
2348 577.517735
2352 577.529745
2356 577.582860
2360 577.610410
2364 577.600106
2368 577.634793
2372 577.729098
2376 577.746376
2380 577.802685
2384 577.807013
2388 577.886809
2392 577.912023
2396 577.911393
2400 577.840046
2404 577.832040
2408 577.823998
2412 577.752528
2416 577.605318
2420 577.467750
2424 577.448090
2428 577.326407
2432 577.313087
2436 577.295267
2440 577.280176
2444 577.154367
2448 577.065106
2452 576.973717
2456 576.872793
2460 576.741872
2464 576.685048
2468 576.573124
2472 576.401432
2476 576.221365
2480 576.130044
2484 576.035909
2488 575.836650
2492 575.703783
2496 575.622655
2500 575.522174
2504 575.431859
2508 575.302635
2512 575.195573
2516 575.062273
2520 574.974087
2524 574.876955
2528 574.714698
2532 574.611360
2536 574.521660
2540 574.484120
2544 574.470360
2548 574.425296
2552 574.360243
2556 574.354801
2560 574.373144
2564 574.339104
2568 574.310607
2572 574.259128
2576 574.196824
2580 574.158065
2584 574.206884
2588 574.181416
2592 574.162072
2596 574.221991
2600 574.259230
2604 574.351781
2608 574.394189
2612 574.377165
2616 574.439235
2620 574.493154
2624 574.469040
2628 574.429690
2632 574.449638
2636 574.432196
2640 574.366028
2644 574.292454
2648 574.183318
2652 574.062324
2656 574.114821
2660 574.100583
2664 574.122804
2668 574.122162
2672 574.073646
2676 574.066775
2680 574.006336
2684 573.984813
2688 573.894276
2692 573.910425
2696 573.918188
2700 573.948276
2704 573.938191
2708 573.895039
2712 573.910353
2716 573.904479
2720 573.942662
2724 573.930865
2728 573.885499
2732 573.885870
2736 573.891016
2740 573.980852
2744 574.021667
2748 574.004345
2752 574.013299
2756 573.992785
2760 573.996324
2764 573.995482
2768 573.973266
2772 573.991166
2776 573.959159
2780 573.995035
2784 574.038456
2788 574.099402
2792 574.200868
2796 574.336268
2800 574.502136
2804 574.617044
2808 574.697397
2812 574.786569
2816 574.851204
2820 574.925812
2824 574.987100
2828 575.052389
2832 575.155219
2836 575.195161
2840 575.295051
2844 575.347385
2848 575.375924
2852 575.413707
2856 575.464091
2860 575.584722
2864 575.649433
2868 575.635866
2872 575.668680
2876 575.706905
2880 575.666948
2884 575.675275
2888 575.687672
2892 575.659871
2896 575.624997
2900 575.641703
2904 575.673321
2908 575.716073
2912 575.751958
2916 575.778417
2920 575.821252
2924 575.816288
2928 575.801534
2932 575.754366
2936 575.693616
2940 575.665527
2944 575.664610
2948 575.641374
2952 575.672359
2956 575.641414
2960 575.610576
2964 575.613679
2968 575.580829
2972 575.578979
2976 575.532146
2980 575.491517
2984 575.431885
2988 575.360366
2992 575.284790
2996 575.249882
3000 575.196091
3004 575.167988
3008 575.086689
3012 575.046020
3016 574.954859
3020 574.912869
3024 574.930703
3028 574.935173
3032 574.993944
3036 575.013881
3040 575.093309
3044 575.138084
3048 575.200667
3052 575.189697
3056 575.268961
3060 575.355023
3064 575.429821
3068 575.549598
3072 575.697056
3076 575.837025
3080 576.032845
3084 576.180415
3088 576.317749
3092 576.463229
3096 576.619431
3100 576.686814
3104 576.754702
3108 576.809812
3112 576.891652
3116 576.934021
3120 576.945021
3124 576.926692
3128 576.915330
3132 576.932202
3136 576.949008
3140 576.918562
3144 576.916935
3148 576.885494
3152 576.829542
3156 576.807049
3160 576.782307
3164 576.736145
3168 576.669558
3172 576.692292
3176 576.716824
3180 576.677691
3184 576.642577
3188 576.641913
3192 576.661321
3196 576.711688
3200 576.781874
3204 576.811352
3208 576.847102
3212 576.791691
3216 576.850109
3220 576.865178
3224 576.889065
3228 576.871189
3232 576.881591
3236 576.888933
3240 576.888683
3244 576.930471
3248 576.954230
3252 577.028085
3256 577.076230
3260 577.169653
3264 577.250801
3268 577.343531
3272 577.372002
3276 577.434442
3280 577.519409
3284 577.622821
3288 577.751346
3292 577.804239
3296 577.928011
3300 578.103392
3304 578.226911
3308 578.324077
3312 578.449953
3316 578.578292
3320 578.681792
3324 578.774440
3328 578.903409
3332 578.975261
3336 579.140393
3340 579.285194
3344 579.418148
3348 579.563771
3352 579.655345
3356 579.791750
3360 579.894078
3364 580.051331
3368 580.190211
3372 580.319618
3376 580.396352
3380 580.443569
3384 580.524125
3388 580.588459
3392 580.616934
3396 580.607494
3400 580.620630
3404 580.602761
3408 580.583980
3412 580.606424
3416 580.601718
3420 580.595936
3424 580.582585
3428 580.575872
3432 580.537829
3436 580.546847
3440 580.545710
3444 580.532334
3448 580.547421
3452 580.529076
3456 580.551806
3460 580.554973
3464 580.542904
3468 580.496600
3472 580.472810
3476 580.457851
3480 580.470796
3484 580.435793
3488 580.424461
3492 580.426419
3496 580.333175
3500 580.268328
3504 580.246954
3508 580.198959
3512 580.132216
3516 580.114782
3520 580.071705
3524 579.995432
3528 579.959433
3532 579.928578
3536 579.964638
3540 579.953826
3544 579.973540
3548 580.087773
3552 580.121345
3556 580.206134
3560 580.253986
3564 580.235949
3568 580.239740
3572 580.244470
3576 580.281206
3580 580.314700
3584 580.335495
3588 580.377898
3592 580.373956
3596 580.364894
3600 580.362024
3604 580.374865
3608 580.376268
3612 580.349850
3616 580.329126
3620 581.361672
3624 581.316934
3628 581.264872
3632 581.195534
3636 581.099055
3640 581.027474
3644 580.925543
3648 580.832239
3652 581.784447
3656 581.699170
3660 581.584907
3664 581.464590
3668 581.346770
3672 581.226061
3676 581.108953
3680 581.008812
3684 580.918516
3688 580.832550
3692 580.720330
3696 580.675726
3700 580.609601
3704 580.549989
3708 580.499955
3712 580.426377
3716 580.362711
3720 580.310222
3724 580.230013
3728 580.167626
3732 580.122121
3736 580.098057
3740 580.003298
3744 579.968131
3748 579.878035
3752 579.809872
3756 579.779022
3760 579.702199
3764 579.673889
3768 579.576910
3772 579.489387
3776 579.414192
3780 579.333635
3784 579.304575
3788 579.249848
3792 579.239616
3796 579.212039
3800 579.202738
3804 579.167821
3808 579.120345
3812 579.073649
3816 579.003330
3820 579.032815
3824 578.959266
3828 578.875111
3832 578.827811
3836 578.817870
3840 578.775619
3844 578.798997
3848 578.732690
3852 578.747478
3856 578.706998
3860 578.671301
3864 578.673239
3868 578.657803
3872 578.617866
3876 578.598932
3880 578.635363
3884 578.581066
3888 578.501073
3892 578.444276
3896 578.408752
3900 578.360208
3904 578.342225
3908 578.339909
3912 578.331952
3916 578.288594
3920 578.262409
3924 578.257497
3928 578.212292
3932 578.172192
3936 578.112086
3940 578.122818
3944 578.085252
3948 578.061160
3952 578.030537
3956 577.979393
3960 577.969971
3964 577.966060
3968 577.957268
3972 577.986483
3976 578.002903
3980 577.928550
3984 577.847497
3988 577.795089
3992 577.723867
3996 577.670333
4000 577.638685
4004 577.575544
4008 577.506547
4012 577.458070
4016 577.384100
4020 577.379609
4024 577.392793
4028 577.412774
4032 577.390818
4036 577.373380
4040 577.327112
4044 577.338756
4048 577.336240
4052 577.317185
4056 577.296696
4060 577.283882
4064 577.257182
4068 577.257123
4072 577.253769
4076 577.242753
4080 577.227439
4084 577.244775
4088 577.252130
4092 577.248334
4096 577.226216
4100 577.212620
4104 577.217140
4108 577.203962
4112 577.183298
4116 577.184565
4120 577.187111
4124 577.123245
4128 577.143106
4132 577.135964
4136 577.108178
4140 577.093352
4144 577.073382
4148 577.107168
4152 577.068729
4156 577.036271
4160 578.030190
4164 577.973817
4168 577.931110
4172 577.875748
4176 577.859536
4180 577.839925
4184 577.814224
4188 577.833965
4192 577.817863
4196 577.820753
4200 577.833662
4204 578.837158
4208 578.841941
4212 578.820139
4216 578.753792
4220 578.706927
4224 578.674434
4228 578.595383
4232 578.551254
4236 578.523741
4240 578.475218
4244 578.437185
4248 578.397303
4252 578.353086
4256 578.315816
4260 578.284696
4264 578.230789
4268 578.206554
4272 578.182413
4276 578.159494
4280 578.144257
4284 578.151882
4288 578.120860
4292 578.125708
4296 578.134856
4300 578.167027
4304 578.178429
4308 578.160790
4312 578.197984
4316 578.216149
4320 578.222843
4324 578.235410
4328 578.245126
4332 578.234160
4336 578.232554
4340 578.229772
4344 578.255220
4348 578.257481
4352 578.205884
4356 578.169514
4360 578.125912
4364 578.058314
4368 578.011612
4372 577.966454
4376 577.898491
4380 577.824629
4384 577.802714
4388 577.747281
4392 577.686234
4396 577.635266
4400 577.581878
4404 577.500361
4408 577.454237
4412 577.401451
4416 577.365760
4420 577.315876
4424 577.240716
4428 577.204323
4432 577.123039
4436 577.098121
4440 577.006338
4444 576.950344
4448 576.885063
4452 576.824756
4456 576.775748
4460 576.693690
4464 576.605954
4468 576.527112
4472 576.432813
4476 576.359927
4480 576.290605
4484 576.203268
4488 576.134664
4492 576.061422
4496 575.969861
4500 575.932254
4504 575.868029
4508 575.800624
4512 575.729776
4516 575.666674
4520 575.638695
4524 575.606758
4528 575.565399
4532 575.515888
4536 575.482418
4540 575.425231
4544 575.392041
4548 575.383832
4552 575.348434
4556 575.353993
4560 575.317189
4564 575.303895
4568 576.208999
4572 576.209175
4576 576.236834
4580 576.259843
4584 576.267063
4588 576.240654
4592 576.220807
4596 576.222558
4600 576.249161
4604 576.229382
4608 576.238125
4612 576.250549
4616 576.253414
4620 576.263735
4624 576.262735
4628 576.250106
4632 576.260173
4636 576.250899
4640 576.222026
4644 576.170314
4648 576.106529
4652 576.066239
4656 576.023203
4660 576.019885
4664 575.983170
4668 575.939889
4672 575.911982
4676 575.906735
4680 575.875319
4684 575.866587
4688 575.836040
4692 575.844244
4696 575.811145
4700 575.803882
4704 575.821494
4708 575.810636
4712 575.814428
4716 575.812695
4720 575.807298
4724 575.818785
4728 575.813678
4732 575.845866
4736 575.885576
4740 575.890852
4744 575.926969
4748 575.930122
4752 575.977040
4756 575.976867
4760 575.979322
4764 576.018563
4768 576.036515
4772 576.068006
4776 576.070559
4780 576.109451
4784 576.090989
4788 576.156409
4792 576.208333
4796 576.261090
4800 576.311142
4804 576.372825
4808 576.401469
4812 576.435587
4816 576.439542
4820 576.452253
4824 576.465442
4828 576.495197
4832 576.517991
4836 576.523336
4840 576.525653
4844 576.525664
4848 576.522477
4852 576.546028
4856 576.549622
4860 576.529872
4864 576.540502
4868 576.544893
4872 576.558728
4876 576.564538
4880 576.547437
4884 576.555041
4888 576.542403
4892 576.567192
4896 576.599848
4900 576.636490
4904 576.608567
4908 576.625385
4912 576.632589
4916 576.628162
4920 576.635382
4924 576.627185
4928 576.640197
4932 576.647774
4936 576.624479
4940 576.594441
4944 576.634214
4948 576.619898
4952 576.596448
4956 576.618152
4960 576.618210
4964 576.587166
4968 576.585331
4972 576.580178
4976 576.578820
4980 576.585037
4984 576.565662
4988 576.584274
4992 576.556444
4996 576.588905
5000 576.562022
5004 576.564018
5008 576.529957
5012 576.539574
5016 576.517467
5020 576.496734
5024 576.479799
5028 576.466920
5032 576.469986
5036 576.474084
5040 576.504568
5044 576.524171
5048 576.548887
5052 576.603391
5056 576.634756
5060 576.624622
5064 576.665072
5068 576.686972
5072 576.664569
5076 576.675662
5080 576.722138
5084 576.734273
5088 576.743623
5092 576.769431
5096 576.745478
5100 576.736428
5104 576.735079
5108 576.788221
5112 576.796483
5116 576.791745
5120 576.802511
5124 576.835366
5128 576.832546
5132 576.846907
5136 576.846312
5140 576.871119
5144 576.854547
5148 576.855145
5152 576.860145
5156 576.851351
5160 576.819146
5164 576.810231
5168 576.796802
5172 576.802819
5176 576.757040
5180 576.731157
5184 576.705425
5188 576.679269
5192 576.638003
5196 576.656687
5200 576.666876
5204 576.661741
5208 576.651155
5212 576.655527
5216 576.654297
5220 576.660292
5224 576.649801
5228 576.664873
5232 576.665280
5236 576.643218
5240 576.659521
5244 576.670770
5248 576.692354
5252 576.698987
5256 576.719953
5260 576.732575
5264 576.751300
5268 576.781876
5272 576.785480
5276 576.775582
5280 576.806853
5284 576.832323
5288 576.860520
5292 576.882311
5296 576.926629
5300 576.986742
5304 577.059437
5308 577.085067
5312 577.088377
5316 577.160644
5320 577.167423
5324 577.181336
5328 577.204711
5332 577.191204
5336 577.190834
5340 577.181174
5344 577.171742
5348 577.132169
5352 577.091315
5356 577.072128
5360 577.062852
5364 577.021807
5368 576.963934
5372 576.920922
5376 576.860888
5380 576.828125
5384 576.779215
5388 576.735779
5392 576.678331
5396 576.610703
5400 576.576244
5404 576.501166
5408 576.454248
5412 576.409193
5416 576.355892
5420 576.340141
5424 576.301439
5428 576.254583
5432 576.228961
5436 576.177724
5440 576.966554
5444 576.889467
5448 576.846151
5452 576.802904
5456 576.726684
5460 576.679490
5464 576.611451
5468 576.593925
5472 576.554867
5476 576.512425
5480 576.502076
5484 576.464770
5488 576.427892
5492 576.413474
5496 576.380353
5500 576.345429
5504 576.288054
5508 576.257623
5512 576.247036
5516 576.213173
5520 576.194478
5524 576.157616
5528 576.115287
5532 576.128207
5536 576.113413
5540 576.081633
5544 576.042377
5548 576.012123
5552 575.979924
5556 575.943740
5560 575.933356
5564 575.898276
5568 575.898511
5572 575.867199
5576 575.817390
5580 575.788275
5584 575.726091
5588 575.666558
5592 575.640942
5596 575.613269
5600 575.550925
5604 575.514116
5608 575.469132
5612 575.438042
5616 575.401626
5620 575.358586
5624 575.299347
5628 575.227025
5632 575.180400
5636 575.117168
5640 575.053492
5644 574.996225
5648 574.916597
5652 574.850834
5656 574.775850
5660 574.727573
5664 574.686834
5668 574.602627
5672 574.553690
5676 574.502671
5680 574.488527
5684 574.446642
5688 574.434794
5692 574.395355
5696 574.317120
5700 574.282433
5704 574.283491
5708 574.264138
5712 574.258767
5716 574.265237
5720 574.264633
5724 574.239368
5728 574.224632
5732 574.220487
5736 574.233626
5740 574.257585
5744 574.278598
5748 574.308430
5752 574.316947
5756 574.347102
5760 574.367247
5764 574.417196
5768 574.450262
5772 574.504181
5776 574.554630
5780 574.608064
5784 574.672171
5788 574.703804
5792 574.768848
5796 574.843055
5800 574.937177
5804 575.039326
5808 575.123233
5812 575.195732
5816 575.254105
5820 575.328564
5824 575.396110
5828 575.430438
5832 575.482646
5836 575.572034
5840 575.666060
5844 575.741221
5848 575.797834
5852 575.873194
5856 575.936766
5860 576.019175
5864 576.084199
5868 576.130617
5872 576.184784
5876 576.245158
5880 576.282062
5884 576.303478
5888 576.322803
5892 576.351649
5896 576.388059
5900 576.398849
5904 576.420751
5908 576.425883
5912 576.430222
5916 576.451772
5920 576.460189
5924 576.465125
5928 576.474141
5932 576.447554
5936 576.423236
5940 576.387553
5944 576.358793
5948 576.358359
5952 576.343385
5956 576.327814
5960 576.280552
5964 576.252387
5968 576.243950
5972 576.239335
5976 576.225567
5980 576.221867
5984 576.220134
5988 576.220398
5992 576.203175
5996 576.189177
6000 576.159258
6004 576.194928
6008 576.196496
6012 576.213174
6016 576.221582
6020 576.251461
6024 576.291700
6028 576.335846
6032 576.353281
6036 576.397235
6040 576.471831
6044 576.485734
6048 576.546538
6052 576.557070
6056 576.594919
6060 576.617227
6064 576.628022
6068 576.640307
6072 576.643800
6076 576.669055
6080 576.676227
6084 576.677901
6088 576.696849
6092 576.671711
6096 576.671075
6100 576.672227
6104 576.686284
6108 576.668858
6112 576.673196
6116 576.664681
6120 576.651086
6124 576.625119
6128 576.615140
6132 576.599794
6136 576.601086
6140 576.554830
6144 576.548560
6148 576.524759
6152 576.507479
6156 576.517836
6160 576.509392
6164 576.491537
6168 576.465269
6172 576.444388
6176 576.428972
6180 576.429574
6184 576.410426
6188 576.413187
6192 576.379684
6196 576.347880
6200 576.317753
6204 576.309502
6208 576.305562
6212 576.281146
6216 576.267353
6220 576.254389
6224 576.230031
6228 576.216967
6232 576.183008
6236 576.187847
6240 576.167900
6244 576.157177
6248 576.164893
6252 576.136737
6256 576.114225
6260 576.127949
6264 576.127313
6268 576.143812
6272 576.122371
6276 576.120070
6280 576.121295
6284 576.126664
6288 576.135813
6292 576.144449
6296 576.128185
6300 576.139939
6304 576.158065
6308 576.174450
6312 576.161114
6316 576.159906
6320 576.151862
6324 576.159021
6328 576.145814
6332 576.119187
6336 576.114054
6340 576.106983
6344 576.088230
6348 576.061052
6352 576.037134
6356 575.983888
6360 575.972817
6364 575.963563
6368 575.939833
6372 575.885370
6376 575.865522
6380 575.835031
6384 575.799425
6388 575.767792
6392 575.762427
6396 575.713858
6400 575.690161
6404 575.660690
6408 575.642254
6412 575.655097
6416 575.603108
6420 575.593298
6424 575.575850
6428 575.571769
6432 575.550287
6436 575.544857
6440 575.537535
6444 575.543185
6448 575.533930
6452 575.528926
6456 575.534465
6460 575.532265
6464 575.535908
6468 575.528550
6472 575.532664
6476 575.505845
6480 575.516012
6484 575.518859
6488 575.522948
6492 575.512580
6496 575.494750
6500 575.485484
6504 575.470602
6508 575.472915
6512 575.467659
6516 575.454439
6520 575.486210
6524 575.514831
6528 575.511566
6532 575.494879
6536 575.490155
6540 575.486501
6544 575.481141
6548 575.482291
6552 575.470613
6556 575.459101
6560 575.460536
6564 575.471195
6568 575.477907
6572 575.450830
6576 575.433581
6580 575.402671
6584 575.406158
6588 575.409988
6592 575.379059
6596 575.352900
6600 575.339162
6604 575.320664
6608 575.292309
6612 575.283221
6616 575.243440
6620 575.234033
6624 575.252271
6628 575.247416
6632 575.221778
6636 575.181975
6640 575.186709
6644 575.194086
6648 575.154430
6652 575.135941
6656 575.129364
6660 575.106273
6664 575.087253
6668 575.075214
6672 575.084179
6676 575.065943
6680 575.057330
6684 575.059223
6688 575.030458
6692 575.032384
6696 575.018532
6700 575.016584
6704 575.026135
6708 575.006594
6712 575.010561
6716 574.997915
6720 575.004201
6724 575.045946
6728 575.041076
6732 575.031636
6736 575.051834
6740 575.085020
6744 575.106304
6748 575.121369
6752 575.139046
6756 575.144794
6760 575.180671
6764 575.216893
6768 575.223031
6772 575.238560
6776 575.264119
6780 575.316708
6784 575.351539
6788 575.380726
6792 575.400379
6796 575.426624
6800 575.472928
6804 575.494345
6808 575.529544
6812 575.545803
6816 575.575726
6820 575.614979
6824 575.642031
6828 575.638460
6832 575.651440
6836 575.668050
6840 575.662407
6844 575.661607
6848 575.667133
6852 575.679719
6856 575.695321
6860 575.699287
6864 575.707416
6868 575.717788
6872 575.697592
6876 575.693666
6880 575.695945
6884 575.670787
6888 575.641825
6892 575.635156
6896 575.569577
6900 575.540168
6904 575.522463
6908 575.479032
6912 575.425579
6916 575.388650
6920 575.313703
6924 575.277639
6928 575.229906
6932 575.195756
6936 575.164420
6940 575.102926
6944 575.049962
6948 575.009316
6952 574.970774
6956 574.924929
6960 574.875903
6964 574.837574
6968 574.801235
6972 574.752699
6976 574.717140
6980 574.663911
6984 574.607260
6988 574.570378
6992 574.528154
6996 574.499414
7000 574.457766
7004 574.440387
7008 574.412328
7012 574.389293
7016 574.369508
7020 574.352519
7024 574.351973
7028 574.351505
7032 574.350031
7036 574.335401
7040 574.309943
7044 574.328981
7048 574.332519
7052 574.333197
7056 574.343081
7060 574.354244
7064 574.355445
7068 574.378305
7072 574.397465
7076 574.421007
7080 574.465433
7084 574.477832
7088 574.478846
7092 574.497671
7096 574.528744
7100 574.549937
7104 574.568125
7108 574.558120
7112 574.564976
7116 574.585744
7120 574.612350
7124 574.588406
7128 574.599878
7132 574.591473
7136 574.600510
7140 574.637295
7144 574.622381
7148 574.618376
7152 574.635057
7156 574.602221
7160 574.603696
7164 574.613399
7168 574.614890
7172 574.615960
7176 574.619969
7180 574.599776
7184 574.578612
7188 574.575627
7192 574.550962
7196 574.550061
7200 574.588742
7204 574.596339
7208 574.607160
7212 574.615534
7216 574.606895
7220 574.629652
7224 574.631915
7228 574.656075
7232 574.660753
7236 574.697425
7240 574.705382
7244 574.712981
7248 574.719243
7252 574.709505
7256 574.732484
7260 574.747837
7264 574.766127
7268 574.804196
7272 574.863776
7276 574.895751
7280 574.935063
7284 574.975429
7288 575.017125
7292 575.065896
7296 575.144886
7300 575.208140
7304 575.241585
7308 575.281891
7312 575.335494
7316 575.390997
7320 575.435603
7324 575.459597
7328 575.501803
7332 575.546374
7336 575.573109
7340 575.599516
7344 575.624228
7348 575.645406
7352 576.199407
7356 576.221418
7360 576.243979
7364 576.256106
7368 576.264867
7372 576.287695
7376 576.331049
7380 576.333867
7384 576.339067
7388 576.344625
7392 576.349801
7396 576.386147
7400 576.388979
7404 576.391225
7408 576.412723
7412 576.420216
7416 576.459813
7420 576.467936
7424 576.485392
7428 576.493633
7432 576.487618
7436 576.491948
7440 576.505587
7444 576.513913
7448 576.535988
7452 576.541782
7456 576.550063
7460 576.536367
7464 576.556358
7468 576.568037
7472 576.611251
7476 576.645519
7480 576.683179
7484 576.730947
7488 576.738056
7492 576.772417
7496 576.806295
7500 576.845237
7504 576.881358
7508 576.917807
7512 576.959182
7516 577.005199
7520 577.098434
7524 577.160530
7528 577.223381
7532 577.298330
7536 577.356835
7540 577.431765
7544 577.467159
7548 577.522077
7552 577.600112
7556 577.667927
7560 577.742841
7564 577.794784
7568 577.859908
7572 577.901759
7576 577.941080
7580 577.980470
7584 578.017929
7588 578.058062
7592 578.106687
7596 578.146921
7600 578.177109
7604 578.209148
7608 578.236332
7612 578.242977
7616 578.259690
7620 578.279497
7624 578.284357
7628 578.299361
7632 578.310078
7636 578.308629
7640 578.277391
7644 578.253156
7648 578.270203
7652 578.286880
7656 578.259878
7660 578.234054
7664 578.194495
7668 578.167116
7672 578.146741
7676 578.106891
7680 578.089710
7684 578.062826
7688 578.046667
7692 578.007110
7696 577.986584
7700 577.967878
7704 577.945805
7708 577.938468
7712 577.941721
7716 577.917762
7720 577.921432
7724 577.895935
7728 577.893716
7732 577.884663
7736 577.877792
7740 577.878933
7744 577.863833
7748 577.845401
7752 577.833405
7756 577.809886
7760 577.809626
7764 577.804844
7768 577.822214
7772 577.823241
7776 577.812227
7780 577.799963
7784 577.779433
7788 577.787546
7792 577.784682
7796 577.776541
7800 577.769211
7804 577.776887
7808 577.749266
7812 577.728597
7816 577.689980
7820 577.691069
7824 577.660462
7828 577.649912
7832 577.645954
7836 577.586841
7840 577.549334
7844 577.519701
7848 577.467247
7852 577.434762
7856 577.416408
7860 577.389189
7864 577.368916
7868 577.365103
7872 577.333221
7876 577.300601
7880 577.292308
7884 577.273735
7888 577.254554
7892 577.229737
7896 577.210310
7900 577.189326
7904 577.177344
7908 577.177423
7912 577.163653
7916 577.139106
7920 577.135080
7924 577.120170
7928 577.085635
7932 577.088840
7936 577.091950
7940 577.093519
7944 577.082107
7948 577.080022
7952 577.091548
7956 577.090137
7960 577.083183
7964 577.070637
7968 577.074432
7972 577.071018
7976 577.062307
7980 577.078369
7984 577.083362
7988 577.085937
7992 577.078470
7996 577.091699
8000 577.092174
8004 577.098801
8008 577.084174
8012 577.077859
8016 577.092813
8020 577.091896
8024 577.101553
8028 577.079901
8032 577.080541
8036 577.070938
8040 577.060594
8044 577.036510
8048 577.022722
8052 576.994876
8056 576.967897
8060 576.959479
8064 576.955594
8068 576.939353
8072 576.909858
8076 576.890862
8080 576.854783
8084 576.830205
8088 576.784981
8092 576.754392
8096 576.720623
8100 576.670112
8104 576.638010
8108 576.618313
8112 576.562730
8116 576.538656
8120 576.525352
8124 576.493908
8128 576.460232
8132 576.421412
8136 576.397065
8140 576.377810
8144 576.339966
8148 576.301744
8152 576.269501
8156 576.249372
8160 576.208111
8164 576.163736
8168 576.133253
8172 576.101882
8176 576.091268
8180 576.066527
8184 576.030654
8188 575.982212
8192 575.958018
8196 575.952232
8200 575.940612
8204 575.916336
8208 575.885791
8212 575.880332
8216 575.877878
8220 576.261252
8224 576.256460
8228 576.225243
8232 576.231217
8236 576.227138
8240 576.232764
8244 576.221826
8248 576.240970
8252 576.253936
8256 576.242274
8260 576.253474
8264 576.268909
8268 576.304221
8272 576.317422
8276 576.340085
8280 576.328990
8284 576.323253
8288 576.331745
8292 576.355524
8296 576.376055
8300 576.417601
8304 576.449647
8308 576.461688
8312 576.486061
8316 576.508881
8320 576.521589
8324 576.543208
8328 576.557650
8332 576.552422
8336 576.571720
8340 576.547737
8344 576.542015
8348 576.549383
8352 576.546450
8356 576.553277
8360 576.891352
8364 576.892407
8368 576.873936
8372 576.868078
8376 576.871245
8380 576.867442
8384 576.856324
8388 576.848168
8392 576.868170
8396 576.863662
8400 576.847632
8404 576.855852
8408 576.838233
8412 576.834363
8416 576.828150
8420 576.823146
8424 576.817676
8428 576.795827
8432 576.788196
8436 576.786554
8440 576.783774
8444 576.798932
8448 576.806167
8452 576.830365
8456 576.832298
8460 576.820391
8464 576.845179
8468 576.852216
8472 576.850388
8476 576.858147
8480 576.868286
8484 576.878880
8488 576.882993
8492 576.900239
8496 576.918299
8500 576.913473
8504 576.933417
8508 576.928017
8512 576.946443
8516 576.976328
8520 576.995386
8524 577.012747
8528 577.007907
8532 577.025157
8536 577.055174
8540 577.042076
8544 577.065688
8548 577.095258
8552 577.119504
8556 577.142181
8560 577.156380
8564 577.195432
8568 577.216596
8572 577.242021
8576 577.252954
8580 577.267644
8584 577.261009
8588 577.269603
8592 577.284177
8596 577.294184
8600 577.288601
8604 577.311273
8608 577.329015
8612 577.352501
8616 577.393914
8620 577.389870
8624 577.416984
8628 577.428486
8632 577.434811
8636 577.431022
8640 577.430738
8644 577.429982
8648 577.428509
8652 577.435099
8656 577.438114
8660 577.435242
8664 577.435483
8668 577.427876
8672 577.432791
8676 577.433851
8680 577.422422
8684 577.439782
8688 577.456644
8692 577.474235
8696 577.470792
8700 577.469798
8704 577.464419
8708 577.456774
8712 577.450550
8716 577.445670
8720 577.459800
8724 577.465249
8728 577.471064
8732 577.486429
8736 577.492765
8740 577.492399
8744 577.501704
8748 577.513249
8752 577.517226
8756 577.504793
8760 577.511995
8764 577.510063
8768 577.517081
8772 577.533151
8776 577.539138
8780 577.551412
8784 577.566823
8788 577.557862
8792 577.581916
8796 577.594742
8800 577.584225
8804 577.591319
8808 577.585832
8812 577.588429
8816 577.575081
8820 577.580337
8824 577.564815
8828 577.546896
8832 577.543332
8836 577.532963
8840 577.519537
8844 577.508972
8848 577.493310
8852 577.484765
8856 577.490692
8860 577.495991
8864 577.500453
8868 577.480576
8872 577.466149
8876 577.449313
8880 577.427073
8884 577.400031
8888 577.369386
8892 577.361143
8896 577.345979
8900 577.334326
8904 577.327961
8908 577.323222
8912 577.320022
8916 577.310296
8920 577.290925
8924 577.294688
8928 577.296101
8932 577.285617
8936 577.288856
8940 577.279319
8944 577.268278
8948 577.268583
8952 577.267791
8956 577.260483
8960 577.284671
8964 577.299641
8968 577.319009
8972 577.355345
8976 577.396301
8980 577.411544
8984 577.447010
8988 577.477008
8992 577.502017
8996 577.508793
9000 577.524950
9004 577.541734
9008 577.568644
9012 577.600577
9016 577.627119
9020 577.650714
9024 577.681773
9028 577.727001
9032 577.768640
9036 577.816920
9040 577.850655
9044 577.908298
9048 577.949628
9052 577.989656
9056 578.021061
9060 578.047373
9064 578.081043
9068 578.111311
9072 578.135563
9076 578.157684
9080 578.184567
9084 578.202479
9088 578.229593
9092 578.256979
9096 578.285692
9100 578.294604
9104 578.308729
9108 578.321406
9112 578.331549
9116 578.321204
9120 578.311911
9124 578.345766
9128 578.336067
9132 578.317091
9136 578.320036
9140 578.308041
9144 578.296476
9148 578.274751
9152 578.265885
9156 578.268503
9160 578.258091
9164 578.259745
9168 578.245785
9172 578.233342
9176 578.208614
9180 578.184645
9184 578.180022
9188 578.160761
9192 578.138289
9196 578.126677
9200 578.116117
9204 578.113262
9208 578.105524
9212 578.097699
9216 578.070505
9220 578.057071
9224 578.047323
9228 578.038507
9232 578.032393
9236 578.037070
9240 578.043495
9244 578.044797
9248 578.029647
9252 578.038579
9256 578.050496
9260 578.059573
9264 578.043233
9268 578.045842
9272 578.051199
9276 578.047276
9280 578.053738
9284 578.063308
9288 578.044967
9292 578.057723
9296 578.065824
9300 578.062938
9304 578.081065
9308 578.082413
9312 578.089967
9316 578.131283
9320 578.150195
9324 578.162153
9328 578.194891
9332 578.194454
9336 578.191760
9340 578.217002
9344 578.234985
9348 578.245557
9352 578.245102
9356 578.255233
9360 578.262291
9364 578.276798
9368 578.271683
9372 578.275568
9376 578.262566
9380 578.285972
9384 578.282441
9388 578.274854
9392 578.278578
9396 578.273799
9400 578.256943
9404 578.249549
9408 578.239771
9412 578.234206
9416 578.243859
9420 578.255991
9424 578.251720
9428 578.232852
9432 578.221555
9436 578.218906
9440 578.190467
9444 578.182296
9448 578.166776
9452 578.158888
9456 578.143377
9460 578.137916
9464 578.137543
9468 578.132138
9472 578.123010
9476 578.121061
9480 578.127730
9484 578.127844
9488 578.134034
9492 578.158694
9496 578.171954
9500 578.163859
9504 578.181953
9508 578.207416
9512 578.206947
9516 578.226007
9520 578.255653
9524 578.280836
9528 578.292865
9532 578.319567
9536 578.325115
9540 578.343806
9544 578.374231
9548 578.379940
9552 578.398885
9556 578.401099
9560 578.423816
9564 578.429106
9568 578.460218
9572 578.462564
9576 578.458095
9580 578.476945
9584 578.481255
9588 578.469995
9592 578.463271
9596 578.458114
9600 578.471758
9604 578.466918
9608 578.443341
9612 578.433747
9616 578.431026
9620 578.422387
9624 578.413843
9628 578.423062
9632 578.411191
9636 578.416023
9640 578.404842
9644 578.393112
9648 578.372403
9652 578.367929
9656 578.354307
9660 578.348239
9664 578.337805
9668 578.339691
9672 578.337921
9676 578.320678
9680 578.322432
9684 578.326879
9688 578.311507
9692 578.301800
9696 578.294708
9700 578.301923
9704 578.303258
9708 578.293804
9712 578.284169
9716 578.299030
9720 578.310987
9724 578.317577
9728 578.316253
9732 578.303042
9736 578.319319
9740 578.331403
9744 578.357356
9748 578.392548
9752 578.403722
9756 578.427885
9760 578.456313
9764 578.461692
9768 578.479353
9772 578.511425
9776 578.526285
9780 578.553415
9784 578.586686
9788 578.612232
9792 578.623897
9796 578.624993
9800 578.656857
9804 578.681452
9808 578.728185
9812 578.752467
9816 578.752183
9820 578.766058
9824 578.781151
9828 578.788660
9832 578.798360
9836 578.825834
9840 578.842197
9844 578.824494
9848 578.805739
9852 578.807495
9856 578.804767
9860 578.812476
9864 578.830261
9868 578.816102
9872 578.823284
9876 578.820045
9880 578.827228
9884 578.827467
9888 578.824276
9892 578.811276
9896 578.819508
9900 578.833938
9904 578.831984
9908 578.821805
9912 578.811706
9916 578.802343
9920 578.798568
9924 578.795262
9928 578.768136
9932 578.760509
9936 578.751095
9940 578.731077
9944 578.733053
9948 578.721324
9952 578.731755
9956 578.732504
9960 578.724684
9964 578.726850
9968 578.720851
9972 578.719089
9976 578.715025
9980 578.717865
9984 578.715531
9988 578.715387
9992 578.724890
9996 578.729686
10000 578.725494
10004 578.717355
10008 578.732812
10012 578.731460
10016 578.749709
10020 578.754561
10024 578.763907
10028 578.781291
10032 578.797142
10036 578.811356
10040 578.843541
10044 578.853719
10048 578.868156
10052 578.889136
10056 578.909425
10060 578.922338
10064 578.947905
10068 578.966753
10072 578.973981
10076 578.978163
10080 578.990171
10084 578.984079
10088 578.994671
10092 578.985237
10096 578.996153
10100 579.000732
10104 578.987486
10108 578.969958
10112 578.955701
10116 578.957938
10120 578.948705
10124 578.928962
10128 578.896586
10132 578.881767
10136 578.862054
10140 578.832570
10144 578.806165
10148 578.771930
10152 578.729838
10156 578.710126
10160 578.688485
10164 578.658093
10168 578.642507
10172 578.611671
10176 578.581989
10180 578.555273
10184 578.537152
10188 578.519909
10192 578.484615
10196 578.494609
10200 578.482645
10204 578.454836
10208 578.442867
10212 578.425065
10216 578.425119
10220 578.504613
10224 578.489994
10228 578.489961
10232 578.486369
10236 578.469140
10240 578.475511
10244 578.467375
10248 578.472507
10252 578.472975
10256 578.485083
10260 578.656368
10264 578.685760
10268 578.700154
10272 578.694188
10276 578.721169
10280 578.737447
10284 578.724367
10288 578.720309
10292 578.727079
10296 578.749757
10300 578.782750
10304 578.803781
10308 578.808765
10312 578.836990
10316 578.845794
10320 578.969385
10324 579.092091
10328 579.203457
10332 579.209726
10336 579.235478
10340 579.430490
10344 579.450933
10348 579.606933
10352 579.629548
10356 579.630216
10360 579.744460
10364 579.745583
10368 579.709365
10372 579.779222
10376 579.932720
10380 580.290478
10384 580.316682
10388 580.320145
10392 580.556604
10396 580.557786
10400 580.684778
10404 580.739835
10408 580.982230
10412 581.430491
10416 581.641831
10420 581.648470
10424 581.994922
10428 582.183345
10432 582.676120
10436 582.949532
10440 583.042180
10444 583.156200
10448 583.371873
10452 583.868336
10456 584.279536
10460 584.910242
10464 585.332392
10468 585.800346
10472 586.234406
10476 586.853196
10480 587.533026
10484 588.420064
10488 590.512435
10492 591.657172
10496 592.584585
10500 594.401298
10504 595.604778
10508 597.475756
10512 599.190643
10516 601.160883
10520 602.906658
10524 604.560746
10528 607.250723
10532 609.713456
10536 611.719994
10540 613.698345
10544 617.636661
10548 619.844551
10552 628.379095
10556 638.528937
10560 652.170805
10564 669.281239
10568 685.205585
10572 698.051149
10576 737.080623
10580 737.092669
10584 752.420559
10588 752.411010
10592 769.049178
10596 821.579769
10600 821.589243
10604 821.454515
10608 859.728161
10612 859.567297
10616 906.961063
10620 907.022103
10624 906.937256
10628 906.984741
10632 906.899319
10636 906.749550
10640 906.647793
10644 906.566641
10648 906.483510
10652 906.474990
10656 906.405013
10660 906.251664
10664 906.099108
10668 905.949133
10672 905.869592
10676 905.781935
10680 905.874259
10684 906.001414
10688 906.319648
10692 906.289541
10696 906.194683
10700 906.202872
10704 906.111663
10708 906.172000
10712 906.240849
10716 906.568478
10720 906.536787
10724 906.415357
10728 906.411157
10732 906.362597
10736 906.263603
10740 906.196741
10744 906.322039
10748 906.241143
10752 906.082504
10756 906.156239
10760 906.153281
10764 906.003977
10768 906.032765
10772 906.192587
10776 906.347588
10780 906.241521
10784 906.201648
10788 927.466423
