0 133.089750
4 90.289813
8 93.501946
12 104.875008
16 116.617403
20 123.660270
24 128.766074
28 129.145923
32 131.153343
36 134.704190
40 138.160033
44 140.607403
48 140.999856
52 142.071994
56 144.306263
60 144.952033
64 146.021851
68 147.200610
72 147.571123
76 148.539685
80 149.762356
84 150.260836
88 150.877545
92 151.542658
96 152.366813
100 152.505865
104 153.027898
108 153.742691
112 154.325366
116 154.861914
120 155.070296
124 155.493900
128 156.069205
132 156.735515
136 157.586461
140 157.651224
144 157.795972
148 158.371488
152 159.035224
156 159.464757
160 159.796806
164 160.300543
168 160.434687
172 160.880012
176 161.022227
180 161.306930
184 161.803740
188 162.016366
192 162.426336
196 162.510500
200 162.857212
204 163.272614
208 163.501238
212 163.609158
216 163.860020
220 164.086752
224 164.254973
228 164.420955
232 164.746505
236 164.969106
240 165.215831
244 165.427253
248 165.555036
252 165.618993
256 166.018540
260 166.060270
264 166.269909
268 166.536373
272 166.887101
276 167.180336
280 167.405129
284 167.661252
288 167.773307
292 167.979906
296 168.009599
300 168.273832
304 168.344237
308 168.460801
312 168.524624
316 168.684316
320 168.887195
324 169.218937
328 169.302257
332 169.434904
336 169.520167
340 169.669724
344 169.907668
348 170.255385
352 170.301840
356 170.307987
360 170.638451
364 170.766358
368 170.874361
372 170.986655
376 171.031150
380 171.189929
384 171.413027
388 171.586804
392 171.901237
396 172.035461
400 172.198296
404 172.269672
408 172.256242
412 172.314251
416 172.481804
420 172.617079
424 172.710489
428 172.717798
432 172.894769
436 172.972850
440 173.054684
444 173.103712
448 173.308636
452 173.457184
456 173.596662
460 173.761935
464 173.903260
468 173.989597
472 173.962122
476 174.131785
480 174.200392
484 174.190700
488 174.341094
492 174.445913
496 174.534393
500 174.605515
504 174.591228
508 174.711868
512 174.833492
516 174.979082
520 175.194282
524 175.196451
528 175.197496
532 175.287450
536 175.372064
540 175.467175
544 175.406668
548 175.460883
552 175.409315
556 175.584535
560 175.650252
564 175.639999
568 175.680009
572 175.781674
576 175.880524
580 175.967360
584 175.924674
588 175.972058
592 176.094233
596 176.076441
600 176.160433
604 176.209383
608 176.325682
612 176.336048
616 176.453113
620 176.436975
624 176.441992
628 176.495866
632 176.587917
636 176.580865
640 176.521767
644 176.501213
648 176.539126
652 176.536066
656 176.634382
660 176.665281
664 176.664404
668 176.759896
672 176.771178
676 176.908219
680 176.892512
684 176.928297
688 176.933739
692 177.031311
696 177.090336
700 177.113688
704 177.078684
708 177.049761
712 177.160016
716 177.163815
720 177.168151
724 177.165781
728 177.191432
732 177.261220
736 177.288906
740 177.185433
744 177.234963
748 177.369757
752 177.387852
756 177.329594
760 177.288587
764 177.309187
768 177.302259
772 177.389072
776 177.433691
780 177.434753
784 177.416228
788 177.364270
792 177.423079
796 177.433499
800 177.435558
804 177.463838
808 177.544006
812 177.479492
816 177.416334
820 177.439024
824 177.456705
828 177.548073
832 177.480307
836 177.464205
840 177.462979
844 177.458517
848 177.453456
852 177.486283
856 177.451808
860 177.470447
864 177.493454
868 177.530920
872 177.548774
876 177.540941
880 177.524825
884 177.544209
888 177.601481
892 177.548934
896 177.501945
900 177.502764
904 177.538727
908 177.488622
912 177.529598
916 177.489628
920 177.484520
924 177.503073
928 177.505872
932 177.476946
936 177.549528
940 177.577749
944 177.576626
948 177.612330
952 177.570603
956 177.587465
960 177.591974
964 177.611099
968 177.646598
972 177.611744
976 177.605841
980 177.619747
984 177.621274
988 177.652882
992 177.652250
996 177.658828
1000 177.696895
1004 177.711731
1008 177.654254
1012 177.657770
1016 177.703441
1020 177.686098
1024 177.713882
1028 177.748995
1032 177.687512
1036 177.668426
1040 177.709229
1044 177.711801
1048 177.773211
1052 177.756491
1056 177.780970
1060 177.784256
1064 177.788992
1068 177.801578
1072 177.819810
1076 177.777950
1080 177.789718
1084 177.788081
1088 177.807176
1092 177.827918
1096 177.828966
1100 177.870814
1104 177.856918
1108 177.857830
1112 177.850952
1116 177.898571
1120 177.885977
1124 177.861625
1128 177.846679
1132 177.838668
1136 177.851151
1140 177.864209
1144 177.873549
1148 177.880546
1152 177.854860
1156 177.845747
1160 177.852319
1164 177.878605
1168 177.913830
1172 177.955996
1176 177.974863
1180 177.968632
1184 177.981022
1188 177.963130
1192 177.946846
1196 177.937156
1200 177.978209
1204 177.991933
1208 177.961441
1212 177.961827
1216 177.960446
1220 177.977458
1224 177.962170
1228 177.933370
1232 177.929274
1236 177.903443
1240 177.902680
1244 177.904638
1248 177.891203
1252 177.879039
1256 177.913823
1260 177.945906
1264 177.907844
1268 177.899895
1272 177.931973
1276 177.920701
1280 177.953920
1284 177.938781
1288 177.913230
1292 177.868984
1296 177.879412
1300 177.883306
1304 177.876419
1308 177.881144
1312 177.872745
1316 177.895044
1320 177.862533
1324 177.898625
1328 177.894503
1332 177.899111
1336 177.867106
1340 177.892366
1344 177.888575
1348 177.852398
1352 177.868910
1356 177.859251
1360 177.870691
1364 177.872829
1368 177.858963
1372 177.871967
1376 177.866313
1380 177.874057
1384 177.857602
1388 177.833767
1392 177.844959
1396 177.845769
1400 177.869889
1404 177.799752
1408 177.828842
1412 177.807007
1416 177.869845
1420 177.884078
1424 177.872032
1428 177.828134
1432 177.846593
1436 177.872973
1440 177.879588
1444 177.847568
1448 177.853062
1452 177.827292
1456 177.828836
1460 177.889105
1464 177.872759
1468 177.841656
1472 177.831110
1476 177.867101
1480 177.871457
1484 177.871304
1488 177.829821
1492 177.837521
1496 177.846446
1500 177.846704
1504 177.819550
1508 177.786161
1512 177.793720
1516 177.784754
1520 177.771300
1524 177.793538
1528 177.803389
1532 177.834137
1536 177.838615
1540 177.827050
1544 177.805964
1548 177.807847
1552 177.826678
1556 177.785806
1560 177.790682
1564 177.805962
1568 177.787420
1572 177.834869
1576 177.807455
1580 177.819508
1584 177.802994
1588 177.795699
1592 177.833928
1596 177.830763
1600 177.844872
1604 177.817703
1608 177.795977
1612 177.796717
1616 177.807491
1620 177.834388
1624 177.815046
1628 177.800273
1632 177.831150
1636 177.821433
1640 177.824043
1644 177.819906
1648 177.822700
1652 177.832861
1656 177.849701
1660 177.856850
1664 177.821680
1668 177.810789
1672 177.808182
1676 177.831424
1680 177.784280
1684 177.755414
1688 177.753323
1692 177.741688
1696 177.737717
1700 177.785127
1704 177.758288
1708 177.780712
1712 177.767798
1716 177.731508
1720 177.722853
1724 177.738165
1728 177.746652
1732 177.697602
1736 177.724795
1740 177.720782
1744 177.714533
1748 177.722812
1752 177.715469
1756 177.737417
1760 177.721733
1764 177.732782
1768 177.690044
1772 177.696978
1776 177.669211
1780 177.671779
1784 177.639172
1788 177.651237
1792 177.676929
1796 177.646885
1800 177.646599
1804 177.666792
1808 177.669491
1812 177.694082
1816 177.703041
1820 177.666607
1824 177.656181
1828 177.661812
1832 177.648323
1836 177.662126
1840 177.652547
1844 177.637376
1848 177.602550
1852 177.616979
1856 177.606200
1860 177.638800
1864 177.629706
1868 177.620714
1872 177.635824
1876 177.637809
1880 177.638849
1884 177.639176
1888 177.647549
1892 177.645817
1896 177.643835
1900 177.647993
1904 177.637592
1908 177.623644
1912 177.635050
1916 177.631423
1920 177.631125
1924 177.647341
1928 177.651135
1932 177.655180
1936 177.680465
1940 177.673352
1944 177.691088
1948 177.665278
1952 177.687156
1956 177.713124
1960 177.687616
1964 177.690650
1968 177.657263
1972 177.634755
1976 177.656597
1980 177.643087
1984 177.628003
1988 177.625850
1992 177.628863
1996 177.637632
2000 177.631623
2004 177.643226
2008 177.647851
2012 177.651145
2016 177.654102
2020 177.656635
2024 177.643065
2028 177.652737
2032 177.632945
2036 177.635225
2040 177.678802
2044 177.676961
2048 177.668157
2052 177.669013
2056 177.663334
2060 177.694245
2064 177.683422
2068 177.674442
2072 177.677441
2076 177.687075
2080 177.668667
2084 177.681794
2088 177.662915
2092 177.660867
2096 177.645546
2100 177.646310
2104 177.673991
2108 177.652674
2112 177.687677
2116 177.686474
2120 177.683213
2124 177.687767
2128 177.668570
2132 177.664382
2136 177.656098
2140 177.649176
2144 177.651992
2148 177.665003
2152 177.681085
2156 177.647297
2160 177.645913
2164 177.651125
2168 177.659469
2172 177.642477
2176 177.636896
2180 177.643989
2184 177.663727
2188 177.644966
2192 177.640113
2196 177.621117
2200 177.625325
2204 177.627312
2208 177.637343
2212 177.630950
2216 177.626934
2220 177.622751
2224 177.608618
2228 177.609487
2232 177.601902
2236 177.626795
2240 177.647545
2244 177.630119
2248 177.630012
2252 177.629093
2256 177.649364
2260 177.638764
2264 177.643795
2268 177.646835
2272 177.640202
2276 177.634543
2280 177.650711
2284 177.645808
2288 177.625434
2292 177.619392
2296 177.623834
2300 177.632079
2304 177.613716
2308 177.620684
2312 177.615628
2316 177.625269
2320 177.642036
2324 177.630245
2328 177.614138
2332 177.596761
2336 177.591827
2340 177.604974
2344 177.621754
2348 177.610243
2352 177.593766
2356 177.605768
2360 177.603861
2364 177.606065
2368 177.626149
2372 177.616386
2376 177.631819
2380 177.617686
2384 177.619029
2388 177.625466
2392 177.640977
2396 177.637946
2400 177.643256
2404 177.618253
2408 177.627058
2412 177.608844
2416 177.599616
2420 177.619596
2424 177.616820
2428 177.608701
2432 177.609362
2436 177.603133
2440 177.605659
2444 177.609750
2448 177.599926
2452 177.600025
2456 177.617415
2460 177.607302
2464 177.604207
2468 177.603102
2472 177.605075
2476 177.617800
2480 177.605335
2484 177.616482
2488 177.612310
2492 177.604609
2496 177.624226
2500 177.609442
2504 177.611777
2508 177.623583
2512 177.627982
2516 177.618790
2520 177.608149
2524 177.608543
2528 177.608290
2532 177.619231
2536 177.605998
2540 177.602806
2544 177.580117
2548 177.576862
2552 177.583820
2556 177.598634
2560 177.575333
2564 177.580890
2568 177.577285
2572 177.571177
2576 177.563369
2580 177.578859
2584 177.568919
2588 177.572377
2592 177.554706
2596 177.576741
2600 177.570632
2604 177.554624
2608 177.548648
2612 177.556383
2616 177.552485
2620 177.563708
2624 177.564062
2628 177.565836
2632 177.564404
2636 177.568023
2640 177.556263
2644 177.538257
2648 177.553000
2652 177.566399
2656 177.582893
2660 177.570067
2664 177.582103
2668 177.588421
2672 177.592548
2676 177.574051
2680 177.599745
2684 177.617679
2688 177.607688
2692 177.589403
2696 177.586689
2700 177.588131
2704 177.606733
2708 177.614688
2712 177.610624
2716 177.604809
2720 177.612770
2724 177.626622
2728 177.617714
2732 177.615338
2736 177.612083
2740 177.608249
2744 177.601908
2748 177.601109
2752 177.604722
2756 177.593461
2760 177.594259
2764 177.604889
2768 177.592338
2772 177.590339
2776 177.589048
2780 177.588349
2784 177.580312
2788 177.585632
2792 177.609368
2796 177.598100
2800 177.581373
2804 177.590233
2808 177.598185
2812 177.601218
2816 177.610261
2820 177.585770
2824 177.584122
2828 177.579102
2832 177.595370
2836 177.593781
2840 177.585321
2844 177.584808
2848 177.573553
2852 177.591109
2856 177.582453
2860 177.570401
2864 177.576522
2868 177.565839
2872 177.567611
2876 177.574271
2880 177.558823
2884 177.559963
2888 177.549777
2892 177.561126
2896 177.570726
2900 177.560089
2904 177.575332
2908 177.581232
2912 177.584326
2916 177.572414
2920 177.573788
2924 177.566556
2928 177.594467
2932 177.579628
2936 177.578737
2940 177.582310
2944 177.573277
2948 177.573393
2952 177.566398
2956 177.556312
2960 177.555765
2964 177.558808
2968 177.550065
2972 177.534893
2976 177.538110
2980 177.557147
2984 177.565350
2988 177.550810
2992 177.552307
2996 177.577569
3000 177.569727
3004 177.558642
3008 177.557059
3012 177.550200
3016 177.544986
3020 177.547411
3024 177.549370
3028 177.555752
3032 177.558265
3036 177.542673
3040 177.553459
3044 177.546169
3048 177.544656
3052 177.544545
3056 177.551315
3060 177.555325
3064 177.549181
3068 177.542491
3072 177.536218
3076 177.549301
3080 177.542981
3084 177.546279
3088 177.533128
3092 177.527117
3096 177.524278
3100 177.513828
3104 177.528400
3108 177.540817
3112 177.539873
3116 177.512710
3120 177.515608
3124 177.528760
3128 177.521694
3132 177.540609
3136 177.520811
3140 177.520024
3144 177.525427
3148 177.529614
3152 177.517273
3156 177.536223
3160 177.545381
3164 177.544707
3168 177.537275
3172 177.535879
3176 177.548907
3180 177.531665
3184 177.547854
3188 177.555882
3192 177.539134
3196 177.536400
3200 177.534025
3204 177.541598
3208 177.538463
3212 177.549140
3216 177.540942
3220 177.542238
3224 177.542690
3228 177.525141
3232 177.537317
3236 177.535802
3240 177.553782
3244 177.563147
3248 177.550333
3252 177.549203
3256 177.536180
3260 177.537635
3264 177.543781
3268 177.560160
3272 177.562932
3276 177.550930
3280 177.554364
3284 177.554411
3288 177.554851
3292 177.554383
3296 177.547934
3300 177.548334
3304 177.549133
3308 177.545501
3312 177.553041
3316 177.541188
3320 177.547197
3324 177.535708
3328 177.543734
3332 177.547974
3336 177.547839
3340 177.546002
3344 177.535778
3348 177.553619
3352 177.557628
3356 177.535141
3360 177.538874
3364 177.541344
3368 177.557417
3372 177.567172
3376 177.552779
3380 177.542847
3384 177.539684
3388 177.535304
3392 177.532410
3396 177.521280
3400 177.528950
3404 177.527868
3408 177.525180
3412 177.542834
3416 177.538596
3420 177.524755
3424 177.549442
3428 177.545573
3432 177.537341
3436 177.537515
3440 177.536531
3444 177.536484
3448 177.532189
3452 177.531781
3456 177.534174
3460 177.527011
3464 177.524604
3468 177.525853
3472 177.529171
3476 177.542298
3480 177.522547
3484 177.529324
3488 177.535570
3492 177.531882
3496 177.535849
3500 177.537006
3504 177.530029
3508 177.538934
3512 177.534384
3516 177.532578
3520 177.531156
3524 177.524628
3528 177.538928
3532 177.550156
3536 177.546549
3540 177.549990
3544 177.551085
3548 177.551072
3552 177.537504
3556 177.540157
3560 177.550656
3564 177.551712
3568 177.539547
3572 177.525495
3576 177.529826
3580 177.524156
3584 177.528789
3588 177.534943
3592 177.539734
3596 177.537271
3600 177.537365
3604 177.542195
3608 177.542844
3612 177.557905
3616 177.548331
3620 177.552333
3624 177.558526
3628 177.552685
3632 177.552316
3636 177.560905
3640 177.561093
3644 177.556861
3648 177.552467
3652 177.558367
3656 177.559775
3660 177.567305
3664 177.565581
3668 177.562580
3672 177.563360
3676 177.556396
3680 177.557556
3684 177.570121
3688 177.570923
3692 177.571495
3696 177.573500
3700 177.566728
3704 177.570124
3708 177.565356
3712 177.552181
3716 177.541674
3720 177.557388
3724 177.548605
3728 177.547554
3732 177.543409
3736 177.551763
3740 177.551900
3744 177.554434
3748 177.556014
3752 177.561285
3756 177.559130
3760 177.561142
3764 177.558931
3768 177.565715
3772 177.576827
3776 177.564756
3780 177.557796
3784 177.551253
3788 177.565222
3792 177.559713
3796 177.558483
3800 177.574772
3804 177.569179
3808 177.573933
3812 177.570861
3816 177.581680
3820 177.578614
3824 177.577038
3828 177.579275
3832 177.583832
3836 177.580983
3840 177.571465
3844 177.587032
3848 177.581462
3852 177.585386
3856 177.582315
3860 177.590839
3864 177.596087
3868 177.590419
3872 177.587302
3876 177.589351
3880 177.599029
3884 177.606719
3888 177.601475
3892 177.603418
3896 177.609699
3900 177.605801
3904 177.612875
3908 177.596186
3912 177.591743
3916 177.596352
3920 177.602303
3924 177.612625
3928 177.606675
3932 177.609476
3936 177.597158
3940 177.603415
3944 177.601971
3948 177.600755
3952 177.594909
3956 177.587839
3960 177.583551
3964 177.593516
3968 177.583469
3972 177.580511
3976 177.598542
3980 177.577810
3984 177.575988
3988 177.584827
3992 177.575394
3996 177.567525
4000 177.569449
4004 177.572584
4008 177.578065
4012 177.571529
4016 177.582641
4020 177.577897
4024 177.580703
4028 177.573034
4032 177.577386
4036 177.567212
4040 177.558445
4044 177.566416
4048 177.556528
4052 177.562161
4056 177.552101
4060 177.558549
4064 177.560049
4068 177.564768
4072 177.559461
4076 177.548990
4080 177.561986
4084 177.568770
4088 177.572112
4092 177.568431
4096 177.568140
4100 177.568057
4104 177.568106
4108 177.575700
4112 177.572685
4116 177.565022
4120 177.566729
4124 177.565297
4128 177.573509
4132 177.560057
4136 177.558907
4140 177.561651
4144 177.572465
4148 177.574179
4152 177.557314
4156 177.551350
4160 177.559299
4164 177.565131
4168 177.561735
4172 177.558631
4176 177.563964
4180 177.568353
4184 177.562835
4188 177.564951
4192 177.560072
4196 177.551046
4200 177.558231
4204 177.548151
4208 177.560696
4212 177.556131
4216 177.558862
4220 177.562207
4224 177.557742
4228 177.567241
4232 177.564483
4236 177.559147
4240 177.561748
4244 177.560752
4248 177.549008
4252 177.556049
4256 177.548075
4260 177.544017
4264 177.543876
4268 177.540321
4272 177.540723
4276 177.529083
4280 177.545303
4284 177.540776
4288 177.547982
4292 177.548309
4296 177.530549
4300 177.532780
4304 177.543260
4308 177.538401
4312 177.532027
4316 177.530756
4320 177.522988
4324 177.517885
4328 177.521640
4332 177.524499
4336 177.514149
4340 177.525388
4344 177.530257
4348 177.539450
4352 177.528072
4356 177.533352
4360 177.534849
4364 177.534930
4368 177.532763
4372 177.533726
4376 177.524329
4380 177.545207
4384 177.549513
4388 177.552207
4392 177.552542
4396 177.548034
4400 177.552050
4404 177.531888
4408 177.536376
4412 177.541874
4416 177.542296
4420 177.542939
4424 177.532261
4428 177.534489
4432 177.544727
4436 177.541634
4440 177.536666
4444 177.551659
4448 177.553837
4452 177.557209
4456 177.556207
4460 177.539448
4464 177.533782
4468 177.552574
4472 177.544835
4476 177.549401
4480 177.546699
4484 177.551010
4488 177.555549
4492 177.554243
4496 177.562620
4500 177.555589
4504 177.549493
4508 177.544247
4512 177.554859
4516 177.548162
4520 177.540887
4524 177.537791
4528 177.533418
4532 177.541607
4536 177.532976
4540 177.525920
4544 177.521655
4548 177.518017
4552 177.514364
4556 177.522635
4560 177.531752
4564 177.529751
4568 177.528084
4572 177.523189
4576 177.518482
4580 177.520322
4584 177.515106
4588 177.515078
4592 177.529806
4596 177.530096
4600 177.538104
4604 177.528768
4608 177.521056
4612 177.533824
4616 177.534747
4620 177.530468
4624 177.530116
4628 177.535136
4632 177.536916
4636 177.525143
4640 177.530316
4644 177.534427
4648 177.527450
4652 177.531567
4656 177.526567
4660 177.528570
4664 177.532256
4668 177.522322
4672 177.520025
4676 177.526931
4680 177.514655
4684 177.509492
4688 177.515739
4692 177.509793
4696 177.508085
4700 177.503983
4704 177.508596
4708 177.518547
4712 177.516893
4716 177.525258
4720 177.528789
4724 177.523589
4728 177.525452
4732 177.518975
4736 177.529844
4740 177.526321
4744 177.536458
4748 177.527388
4752 177.528613
4756 177.531697
4760 177.526671
4764 177.523487
4768 177.519704
4772 177.525005
4776 177.523616
4780 177.525198
4784 177.518302
4788 177.513392
4792 177.514332
4796 177.523211
4800 177.511967
4804 177.510599
4808 177.508016
4812 177.520636
4816 177.532456
4820 177.527394
4824 177.519459
4828 177.523031
4832 177.518453
4836 177.520756
4840 177.515431
4844 177.502094
4848 177.502069
4852 177.506131
4856 177.520416
4860 177.511466
4864 177.512591
4868 177.505260
4872 177.508884
4876 177.506119
4880 177.511096
4884 177.510630
4888 177.517999
4892 177.517205
4896 177.508061
4900 177.505114
4904 177.513873
4908 177.506214
4912 177.507711
4916 177.511344
4920 177.499608
4924 177.502771
4928 177.501838
4932 177.511796
4936 177.504250
4940 177.490236
4944 177.495606
4948 177.500459
4952 177.507249
4956 177.502681
4960 177.504792
4964 177.512189
4968 177.517271
4972 177.520967
4976 177.510257
4980 177.516314
4984 177.523268
4988 177.519525
4992 177.521330
4996 177.514973
5000 177.515081
5004 177.511558
5008 177.513935
5012 177.522393
5016 177.523178
5020 177.509119
5024 177.518958
5028 177.525486
5032 177.524720
5036 177.519622
5040 177.522412
5044 177.516407
5048 177.513016
5052 177.505561
5056 177.513048
5060 177.501152
5064 177.501810
5068 177.504148
5072 177.515692
5076 177.508867
5080 177.501792
5084 177.508647
5088 177.518528
5092 177.513896
5096 177.508447
5100 177.502584
5104 177.500996
5108 177.496156
5112 177.498907
5116 177.506416
5120 177.507639
5124 177.499312
5128 177.507229
5132 177.512550
5136 177.498050
5140 177.500131
5144 177.502461
5148 177.496002
5152 177.501142
5156 177.491151
5160 177.506504
5164 177.506586
5168 177.508447
5172 177.492869
5176 177.499258
5180 177.490785
5184 177.495934
5188 177.494222
5192 177.498364
5196 177.500407
5200 177.500278
5204 177.498574
5208 177.489161
5212 177.492054
5216 177.496022
5220 177.501891
5224 177.497279
5228 177.488327
5232 177.490812
5236 177.491548
5240 177.491514
5244 177.492673
5248 177.499890
5252 177.498708
5256 177.504190
5260 177.510657
5264 177.507218
5268 177.505836
5272 177.506431
5276 177.505208
5280 177.505618
5284 177.510694
5288 177.501390
5292 177.494250
5296 177.499664
5300 177.508209
5304 177.509408
5308 177.498371
5312 177.493170
5316 177.498800
5320 177.498542
5324 177.504773
5328 177.502478
5332 177.499800
5336 177.496186
5340 177.504262
5344 177.506640
5348 177.504584
5352 177.501197
5356 177.506503
5360 177.504143
5364 177.496841
5368 177.495896
5372 177.493422
5376 177.494113
5380 177.485469
5384 177.491109
5388 177.491819
5392 177.495222
5396 177.503719
5400 177.496769
5404 177.494582
5408 177.493508
5412 177.497396
5416 177.495042
5420 177.495725
5424 177.487724
5428 177.488646
5432 177.491637
5436 177.486962
5440 177.488403
5444 177.493849
5448 177.485024
5452 177.495539
5456 177.493814
5460 177.487126
5464 177.488131
5468 177.486168
5472 177.486412
5476 177.481559
5480 177.480798
5484 177.475634
5488 177.480494
5492 177.485128
5496 177.479494
5500 177.492686
5504 177.495367
5508 177.483930
5512 177.485285
5516 177.481030
5520 177.487309
5524 177.481684
5528 177.485392
5532 177.476381
5536 177.477034
5540 177.482772
5544 177.489484
5548 177.487635
5552 177.484735
5556 177.476127
5560 177.480488
5564 177.483840
5568 177.480144
5572 177.482405
5576 177.478368
5580 177.473382
5584 177.475188
5588 177.476140
5592 177.473983
5596 177.474588
5600 177.473898
5604 177.472200
5608 177.466502
5612 177.457908
5616 177.465342
5620 177.458319
5624 177.451388
5628 177.462546
5632 177.469082
5636 177.461707
5640 177.457261
5644 177.457735
5648 177.447810
5652 177.450757
5656 177.455465
5660 177.457883
5664 177.446071
5668 177.444186
5672 177.444462
5676 177.450048
5680 177.445438
5684 177.452819
5688 177.443178
5692 177.438057
5696 177.432048
5700 177.437926
5704 177.438908
5708 177.438420
5712 177.439520
5716 177.443321
5720 177.442094
5724 177.448958
5728 177.444694
5732 177.447731
5736 177.441962
5740 177.440330
5744 177.440160
5748 177.442592
5752 177.445627
5756 177.441183
5760 177.429725
5764 177.434041
5768 177.433046
5772 177.428705
5776 177.429936
5780 177.434202
5784 177.433832
5788 177.434178
5792 177.430158
5796 177.436286
5800 177.435691
5804 177.433809
5808 177.421979
5812 177.422492
5816 177.423937
5820 177.429037
5824 177.427881
5828 177.428161
5832 177.422737
5836 177.424892
5840 177.426608
5844 177.421699
5848 177.426010
5852 177.429656
5856 177.424380
5860 177.423337
5864 177.425841
5868 177.427051
5872 177.427164
5876 177.425328
5880 177.425471
5884 177.428116
5888 177.428609
5892 177.429531
5896 177.420435
5900 177.413717
5904 177.410386
5908 177.406836
5912 177.413376
5916 177.421210
5920 177.413748
5924 177.412189
5928 177.409656
5932 177.420821
5936 177.421713
5940 177.424508
5944 177.422391
5948 177.424095
5952 177.427116
5956 177.428637
5960 177.429107
5964 177.423342
5968 177.415513
5972 177.413338
5976 177.409398
5980 177.410299
5984 177.417759
5988 177.421449
5992 177.412531
5996 177.414622
6000 177.414434
6004 177.412600
6008 177.408008
6012 177.400214
6016 177.402190
6020 177.406813
6024 177.403880
6028 177.403009
6032 177.402167
6036 177.398181
6040 177.396639
6044 177.394522
6048 177.405511
6052 177.404271
6056 177.406235
6060 177.396275
6064 177.393375
6068 177.389147
6072 177.390116
6076 177.388827
6080 177.377606
6084 177.382271
6088 177.376144
6092 177.383053
6096 177.376978
6100 177.382613
6104 177.380133
6108 177.377197
6112 177.366557
6116 177.369870
6120 177.363718
6124 177.362528
6128 177.361274
6132 177.356315
6136 177.352032
6140 177.350735
6144 177.351506
6148 177.351437
6152 177.355516
6156 177.357066
6160 177.364230
6164 177.360335
6168 177.363584
6172 177.367338
6176 177.366458
6180 177.364961
6184 177.365570
6188 177.369013
6192 177.358752
6196 177.356544
6200 177.363351
6204 177.359037
6208 177.359207
6212 177.363675
6216 177.366825
6220 177.372087
6224 177.363180
6228 177.359857
6232 177.350442
6236 177.346809
6240 177.339684
6244 177.347116
6248 177.358994
6252 177.359153
6256 177.355973
6260 177.351225
6264 177.352508
6268 177.354519
6272 177.359069
6276 177.356534
6280 177.356718
6284 177.354647
6288 177.354050
6292 177.352278
6296 177.356787
6300 177.357843
6304 177.351540
6308 177.352271
6312 177.348778
6316 177.351464
6320 177.351833
6324 177.347318
6328 177.343869
6332 177.342916
6336 177.344894
6340 177.343930
6344 177.339850
6348 177.337391
6352 177.335348
6356 177.333066
6360 177.334973
6364 177.336105
6368 177.332217
6372 177.332968
6376 177.336643
6380 177.332032
6384 177.334702
6388 177.335317
6392 177.334718
6396 177.341311
6400 177.344202
6404 177.339846
6408 177.331676
6412 177.330133
6416 177.330462
6420 177.333706
6424 177.342862
6428 177.344884
6432 177.340974
6436 177.342488
6440 177.345255
6444 177.342012
6448 177.343796
6452 177.348146
6456 177.346147
6460 177.351117
6464 177.358717
6468 177.353997
6472 177.355404
6476 177.352738
6480 177.355815
6484 177.350717
6488 177.356654
6492 177.359267
6496 177.364026
6500 177.358082
6504 177.353699
6508 177.351464
6512 177.356690
6516 177.352115
6520 177.353645
6524 177.355260
6528 177.361730
6532 177.354486
6536 177.351601
6540 177.357281
6544 177.358744
6548 177.356059
6552 177.354431
6556 177.354619
6560 177.357662
6564 177.356788
6568 177.352762
6572 177.350006
6576 177.349955
6580 177.358231
6584 177.358687
6588 177.357776
6592 177.354113
6596 177.355702
6600 177.354680
6604 177.356111
6608 177.362097
6612 177.361030
6616 177.362392
6620 177.361916
6624 177.355139
6628 177.357122
6632 177.357804
6636 177.366544
6640 177.364482
6644 177.354312
6648 177.357237
6652 177.354038
6656 177.359985
6660 177.361636
6664 177.361846
6668 177.359115
6672 177.360360
6676 177.363405
6680 177.363924
6684 177.352245
6688 177.354524
6692 177.352923
6696 177.354076
6700 177.349418
6704 177.349040
6708 177.358436
6712 177.366365
6716 177.360347
6720 177.354145
6724 177.352401
6728 177.350174
6732 177.349645
6736 177.349210
6740 177.343358
6744 177.338580
6748 177.335396
6752 177.335653
6756 177.333914
6760 177.335004
6764 177.331232
6768 177.330721
6772 177.332146
6776 177.331820
6780 177.332287
6784 177.324596
6788 177.330029
6792 177.331675
6796 177.326285
6800 177.338049
6804 177.335555
6808 177.345815
6812 177.339180
6816 177.336744
6820 177.336748
6824 177.346329
6828 177.348699
6832 177.350884
6836 177.355594
6840 177.357794
6844 177.355229
6848 177.352151
6852 177.348773
6856 177.355196
6860 177.355587
6864 177.341667
6868 177.343983
6872 177.347253
6876 177.342424
6880 177.346099
6884 177.346826
6888 177.347136
6892 177.347500
6896 177.351140
6900 177.343253
6904 177.345669
6908 177.348708
6912 177.350362
6916 177.351916
6920 177.344918
6924 177.345060
6928 177.347858
6932 177.349417
6936 177.352221
6940 177.348114
6944 177.344535
6948 177.340428
6952 177.346689
6956 177.346550
6960 177.340993
6964 177.344066
6968 177.338399
6972 177.344302
6976 177.353055
6980 177.355383
6984 177.352669
6988 177.345145
6992 177.353237
6996 177.348824
7000 177.344356
7004 177.342644
7008 177.342314
7012 177.342368
7016 177.348939
7020 177.347264
7024 177.352843
7028 177.350011
7032 177.347815
7036 177.346656
7040 177.350815
7044 177.347579
7048 177.345551
7052 177.346667
7056 177.344128
7060 177.343952
7064 177.349428
7068 177.349918
7072 177.346956
7076 177.346793
7080 177.348610
7084 177.353454
7088 177.350814
7092 177.342666
7096 177.343230
7100 177.357653
7104 177.351698
7108 177.354479
7112 177.348938
7116 177.350492
7120 177.349139
7124 177.357000
7128 177.352957
7132 177.345207
7136 177.345695
7140 177.342725
7144 177.347763
7148 177.344654
7152 177.347118
7156 177.345367
7160 177.344729
7164 177.351169
7168 177.353819
7172 177.348726
7176 177.350041
7180 177.357689
7184 177.360768
7188 177.365240
7192 177.363893
7196 177.362791
7200 177.357671
7204 177.360670
7208 177.358076
7212 177.352540
7216 177.354258
7220 177.354243
7224 177.357159
7228 177.358851
7232 177.358487
7236 177.363716
7240 177.360508
7244 177.361960
7248 177.359679
7252 177.360118
7256 177.361289
7260 177.356580
7264 177.357743
7268 177.361610
7272 177.359982
7276 177.363599
7280 177.361784
7284 177.365232
7288 177.369335
7292 177.371495
7296 177.369168
7300 177.367979
7304 177.365131
7308 177.362603
7312 177.360770
7316 177.361111
7320 177.363260
7324 177.360807
7328 177.372131
7332 177.371155
7336 177.374296
7340 177.374472
7344 177.375182
7348 177.367803
7352 177.372288
7356 177.373726
7360 177.378456
7364 177.379682
7368 177.379296
7372 177.380059
7376 177.376396
7380 177.374637
7384 177.382953
7388 177.378120
7392 177.384318
7396 177.390021
7400 177.393608
7404 177.389761
7408 177.388582
7412 177.385451
7416 177.388441
7420 177.386895
7424 177.382186
7428 177.374345
7432 177.378051
7436 177.379578
7440 177.384562
7444 177.386212
7448 177.383226
7452 177.386347
7456 177.385289
7460 177.384393
7464 177.381324
7468 177.378869
7472 177.382914
7476 177.380060
7480 177.390277
7484 177.381441
7488 177.387919
7492 177.389022
7496 177.396864
7500 177.397370
7504 177.390330
7508 177.388273
7512 177.390760
7516 177.397179
7520 177.393226
7524 177.396300
7528 177.389785
7532 177.387920
7536 177.388769
7540 177.394787
7544 177.397340
7548 177.394601
7552 177.394832
7556 177.398685
7560 177.399541
7564 177.399294
7568 177.402388
7572 177.398693
7576 177.394745
7580 177.397181
7584 177.406396
7588 177.401833
7592 177.395115
7596 177.394862
7600 177.394305
7604 177.397308
7608 177.402643
7612 177.404823
7616 177.405766
7620 177.399890
7624 177.402850
7628 177.402426
7632 177.402069
7636 177.398530
7640 177.397872
7644 177.400302
7648 177.403241
7652 177.399457
7656 177.397969
7660 177.401903
7664 177.405216
7668 177.410550
7672 177.408469
7676 177.414724
7680 177.402458
7684 177.400457
7688 177.399417
7692 177.399355
7696 177.391645
7700 177.393786
7704 177.390572
7708 177.397185
7712 177.399940
7716 177.403161
7720 177.406589
7724 177.400305
7728 177.400309
7732 177.403125
7736 177.399446
7740 177.398376
7744 177.403877
7748 177.400303
7752 177.397409
7756 177.393564
7760 177.402268
7764 177.402099
7768 177.399897
7772 177.399929
7776 177.396326
7780 177.397166
7784 177.401434
7788 177.400122
7792 177.397814
7796 177.393634
7800 177.398531
7804 177.402575
7808 177.406092
7812 177.398552
7816 177.398403
7820 177.404123
7824 177.401978
7828 177.401711
7832 177.408902
7836 177.403978
7840 177.406748
7844 177.402475
7848 177.401303
7852 177.404515
7856 177.402237
7860 177.403593
7864 177.404507
7868 177.400880
7872 177.402008
7876 177.407387
7880 177.403991
7884 177.404658
7888 177.403730
7892 177.404755
7896 177.405261
7900 177.417335
7904 177.410077
7908 177.407119
7912 177.410145
7916 177.419710
7920 177.419598
7924 177.419580
7928 177.416614
7932 177.418012
7936 177.416381
7940 177.417849
7944 177.418416
7948 177.422779
7952 177.422024
7956 177.416884
7960 177.413832
7964 177.410938
7968 177.418814
7972 177.416356
7976 177.410816
7980 177.408373
7984 177.410465
7988 177.420701
7992 177.419396
7996 177.419628
8000 177.415123
8004 177.413158
8008 177.417085
8012 177.413419
8016 177.409192
8020 177.408240
8024 177.411770
8028 177.414498
8032 177.411890
8036 177.408074
8040 177.410154
8044 177.409130
8048 177.413108
8052 177.416810
8056 177.406831
8060 177.406168
8064 177.405852
8068 177.401783
8072 177.398773
8076 177.399525
8080 177.396032
8084 177.401234
8088 177.400394
8092 177.407258
8096 177.403793
8100 177.405584
8104 177.407743
8108 177.408598
8112 177.406594
8116 177.402102
8120 177.400920
8124 177.398910
8128 177.395657
8132 177.399222
8136 177.398295
8140 177.401915
8144 177.399860
8148 177.398481
8152 177.397497
8156 177.399096
8160 177.404464
8164 177.399522
8168 177.400385
8172 177.401530
8176 177.405055
8180 177.400182
8184 177.397249
8188 177.394680
8192 177.396147
8196 177.392896
8200 177.393687
8204 177.401635
8208 177.400494
8212 177.395867
8216 177.394888
8220 177.399058
8224 177.399984
8228 177.400336
8232 177.396768
8236 177.398713
8240 177.398907
8244 177.404425
8248 177.407237
8252 177.409481
8256 177.408696
8260 177.407622
8264 177.408096
8268 177.407929
8272 177.415672
8276 177.417392
8280 177.415052
8284 177.417464
8288 177.421784
8292 177.419338
8296 177.413046
8300 177.417639
8304 177.424042
8308 177.424819
8312 177.421295
8316 177.419520
8320 177.423172
8324 177.418442
8328 177.420556
8332 177.430192
8336 177.428915
8340 177.423210
8344 177.428455
8348 177.425080
8352 177.423565
8356 177.415927
8360 177.414411
8364 177.418208
8368 177.426339
8372 177.419349
8376 177.417962
8380 177.423288
8384 177.425084
8388 177.420560
8392 177.420698
8396 177.421553
8400 177.422019
8404 177.417420
8408 177.418844
8412 177.414460
8416 177.419903
8420 177.421107
8424 177.416321
8428 177.411055
8432 177.408665
8436 177.409974
8440 177.414560
8444 177.411697
8448 177.415275
8452 177.413172
8456 177.407014
8460 177.402555
8464 177.412456
8468 177.417375
8472 177.417634
8476 177.411996
8480 177.412586
8484 177.409838
8488 177.417170
8492 177.417043
8496 177.416888
8500 177.417324
8504 177.418662
8508 177.415568
8512 177.418682
8516 177.419242
8520 177.422368
8524 177.428336
8528 177.426746
8532 177.424164
8536 177.422770
8540 177.424351
8544 177.423019
8548 177.424118
8552 177.424275
8556 177.426148
8560 177.429476
8564 177.431004
8568 177.428798
8572 177.434681
8576 177.432025
8580 177.429993
8584 177.431694
8588 177.438907
8592 177.435521
8596 177.437147
8600 177.438995
8604 177.444615
8608 177.442302
8612 177.442576
8616 177.440585
8620 177.437480
8624 177.435984
8628 177.438672
8632 177.440395
8636 177.440968
8640 177.432082
8644 177.435124
8648 177.433491
8652 177.430533
8656 177.430416
8660 177.427116
8664 177.429821
8668 177.427260
8672 177.434116
8676 177.434061
8680 177.431900
8684 177.433313
8688 177.434926
8692 177.431350
8696 177.431093
8700 177.429553
8704 177.426046
8708 177.433488
8712 177.430536
8716 177.429407
8720 177.431812
8724 177.428452
8728 177.433449
8732 177.434662
8736 177.433483
8740 177.430896
8744 177.431478
8748 177.430873
8752 177.428250
8756 177.432067
8760 177.431227
8764 177.429043
8768 177.424319
8772 177.428014
8776 177.431059
8780 177.427529
8784 177.425234
8788 177.427174
8792 177.428905
8796 177.428064
8800 177.429984
8804 177.422949
8808 177.426695
8812 177.427025
8816 177.431011
8820 177.430916
8824 177.426568
8828 177.424942
8832 177.423741
8836 177.429761
8840 177.428101
8844 177.424820
8848 177.420945
8852 177.425006
8856 177.429100
8860 177.431288
8864 177.429012
8868 177.427293
8872 177.427928
8876 177.426096
8880 177.425094
8884 177.431095
8888 177.426295
8892 177.426245
8896 177.424640
8900 177.426836
8904 177.431080
8908 177.429996
8912 177.433587
8916 177.427578
8920 177.424707
8924 177.431413
8928 177.436042
8932 177.435923
8936 177.434026
8940 177.437017
8944 177.440459
8948 177.440066
8952 177.435377
8956 177.442075
8960 177.443606
8964 177.445516
8968 177.441232
8972 177.439169
8976 177.439221
8980 177.438168
8984 177.434228
8988 177.434642
8992 177.434634
8996 177.439840
9000 177.440871
9004 177.440214
9008 177.437384
9012 177.441625
9016 177.438951
9020 177.442792
9024 177.447266
9028 177.444047
9032 177.441709
9036 177.443476
9040 177.441476
9044 177.437615
9048 177.495698
9052 177.494527
9056 177.491246
9060 177.491228
9064 177.492408
9068 177.490689
9072 177.494557
9076 177.498344
9080 177.495194
9084 177.493590
9088 177.542117
9092 177.601531
9096 177.603317
9100 177.721784
9104 177.724587
9108 177.723341
9112 177.720982
9116 177.807297
9120 177.855436
9124 177.899145
9128 178.061189
9132 178.114571
9136 178.280261
9140 178.279671
9144 178.316032
9148 178.318884
9152 178.313804
9156 178.309638
9160 178.345885
9164 178.502775
9168 178.564157
9172 178.615937
9176 178.727981
9180 178.848590
9184 178.890964
9188 179.086882
9192 179.084495
9196 179.171398
9200 179.169879
9204 179.230712
9208 179.233794
9212 179.251028
9216 179.244997
9220 179.365867
9224 179.540791
9228 179.627564
9232 179.658978
9236 179.856818
9240 179.881943
9244 180.070013
9248 180.263188
9252 180.473846
9256 180.445022
9260 180.471659
9264 180.519705
9268 180.522221
9272 180.738798
9276 180.928984
9280 181.081938
9284 181.286791
9288 181.449943
9292 181.581963
9296 181.697662
9300 181.729726
9304 181.809398
9308 182.240343
9312 182.337571
9316 182.635660
9320 182.684163
9324 182.909608
9328 182.958301
9332 183.089499
9336 183.301202
9340 183.355678
9344 183.454685
9348 183.452375
9352 183.581232
9356 183.706980
9360 184.111055
9364 184.115996
9368 184.217255
9372 184.399621
9376 184.572908
9380 184.714694
9384 184.923481
9388 185.068427
9392 185.305209
9396 185.400538
9400 185.573164
9404 185.574700
9408 185.556864
9412 185.937830
9416 186.249305
9420 186.340001
9424 186.322910
9428 186.473998
9432 186.524509
9436 186.699326
9440 186.927687
9444 187.173975
9448 187.449173
9452 187.533084
9456 187.912701
9460 188.034524
9464 188.315136
9468 188.316872
9472 188.618249
9476 189.144485
9480 189.115699
9484 189.300433
9488 189.357407
9492 189.481307
9496 189.861217
9500 190.139483
9504 190.553991
9508 190.640084
9512 190.572534
9516 190.980965
9520 191.236572
9524 191.646408
9528 192.050816
9532 192.366831
9536 192.620927
9540 193.020855
9544 193.188771
9548 193.721686
9552 194.129688
9556 194.713569
9560 195.374479
9564 195.747675
9568 195.945577
9572 196.180248
9576 196.355290
9580 196.566633
9584 197.032788
9588 197.195855
9592 197.773164
9596 197.865458
9600 198.110666
9604 199.023317
9608 199.344242
9612 199.506281
9616 199.923681
9620 199.891848
9624 200.101210
9628 200.641306
9632 201.196461
9636 202.313308
9640 202.474147
9644 202.815643
9648 203.139921
9652 203.892496
9656 204.358706
9660 204.873531
9664 204.710289
9668 204.712214
9672 205.825874
9676 206.840763
9680 207.467651
9684 208.482912
9688 208.956265
9692 208.950265
9696 209.104766
9700 209.522723
9704 210.080107
9708 210.602015
9712 211.207395
9716 212.386130
9720 213.325152
9724 214.353329
9728 214.483828
9732 215.317346
9736 215.494246
9740 215.788579
9744 216.176620
9748 216.728289
9752 216.729302
9756 216.726882
9760 218.291239
9764 218.292473
9768 218.772825
9772 220.507506
9776 220.495283
9780 221.188251
9784 223.136551
9788 224.563013
9792 224.546827
9796 225.557913
9800 227.238112
9804 228.521012
9808 229.119580
9812 231.310431
9816 233.518560
9820 233.915274
9824 233.888856
9828 233.924362
9832 233.917413
9836 234.337675
9840 235.569217
9844 236.621861
9848 237.895593
9852 239.403292
9856 239.435463
9860 239.439602
9864 240.367503
9868 242.553960
9872 242.886562
9876 243.837771
9880 242.477032
9884 242.470430
9888 242.458246
9892 242.624287
9896 245.136315
9900 245.142139
9904 245.667841
9908 245.675377
9912 245.649296
9916 246.909070
9920 248.067523
9924 248.047958
9928 247.144508
9932 247.731425
9936 250.158937
9940 250.166406
9944 252.035561
9948 252.034445
9952 252.004907
9956 252.035239
9960 252.009991
9964 250.049888
9968 251.225787
9972 250.795252
9976 250.805779
9980 250.833543
9984 250.835320
9988 250.808298
9992 250.846206
9996 250.838621
10000 252.470859
10004 252.474999
10008 252.477715
10012 251.625393
10016 253.626967
10020 253.660994
10024 254.193775
10028 254.179720
10032 254.154861
10036 254.154812
10040 254.163703
10044 254.161051
10048 254.098515
10052 253.605360
10056 254.327907
10060 254.333381
10064 256.215549
10068 256.286771
10072 256.327313
10076 256.321348
10080 256.305507
10084 256.307577
10088 254.372352
10092 256.296456
10096 256.302187
10100 256.271110
10104 256.296269
10108 258.849406
10112 258.777209
10116 264.691473
10120 264.649386
10124 264.571136
10128 264.569963
10132 264.587779
10136 264.584628
10140 264.542094
10144 264.583258
10148 264.463084
10152 267.093700
10156 267.197321
10160 267.340569
10164 267.276830
10168 267.291280
10172 267.212688
