0 1586.105664
4 882.913427
8 625.474600
12 518.545032
16 469.126837
20 438.058859
24 405.244592
28 382.029368
32 363.855769
36 350.277054
40 339.872668
44 329.743362
48 322.170339
52 314.507651
56 308.482643
60 305.605615
64 302.809194
68 298.337002
72 295.704943
76 294.227137
80 293.567702
84 293.792102
88 295.578049
92 299.246360
96 302.627253
100 305.332492
104 307.944050
108 312.609453
112 320.369395
116 329.285671
120 341.707444
124 354.022953
128 366.905847
132 378.794736
136 392.381044
140 405.197073
144 418.086550
148 430.486404
152 443.089223
156 453.590966
160 465.549735
164 479.092285
168 493.558169
172 507.986208
176 522.497585
180 535.540009
184 546.448658
188 557.005452
192 566.172723
196 576.283475
200 585.793611
204 595.920855
208 607.275873
212 617.507415
216 624.446797
220 629.654946
224 633.638153
228 636.787297
232 639.606754
236 642.243111
240 644.381633
244 646.577172
248 647.914639
252 648.426401
256 650.405843
260 653.927291
264 658.209505
268 662.666433
272 666.931163
276 669.299146
280 669.597175
284 668.927743
288 668.099949
292 667.747457
296 668.206938
300 668.803219
304 670.280891
308 671.531871
312 673.368263
316 675.797272
320 680.214940
324 685.385701
328 690.671583
332 693.355283
336 694.746377
340 695.129089
344 695.153009
348 694.986553
352 695.131974
356 695.615965
360 697.049353
364 698.520734
368 700.565833
372 702.613329
376 705.131182
380 707.981680
384 711.444480
388 713.980906
392 715.580377
396 716.141910
400 716.375765
404 716.100411
408 715.693295
412 715.333298
416 715.339510
420 714.853916
424 714.434944
428 714.348355
432 714.566767
436 715.354908
440 716.642148
444 717.647000
448 718.597175
452 719.447044
456 719.846344
460 719.966280
464 720.005228
468 720.261639
472 720.022950
476 719.789336
480 719.478886
484 719.881887
488 720.301718
492 721.629801
496 723.151313
500 724.615959
504 726.085239
508 727.464918
512 729.111754
516 730.507669
520 731.329991
524 732.125473
528 733.038516
532 733.869305
536 734.681561
540 735.588145
544 736.596785
548 738.226214
552 739.933645
556 741.481664
560 743.319895
564 744.309630
568 745.301740
572 745.416914
576 745.485519
580 745.082490
584 744.351487
588 743.987306
592 744.137365
596 744.200077
600 744.324100
604 744.310403
608 744.908668
612 745.745454
616 746.902565
620 747.910142
624 748.242865
628 748.639380
632 748.563771
636 748.273461
640 747.938272
644 747.884033
648 747.851172
652 747.608614
656 747.226300
660 746.995396
664 747.123091
668 747.466936
672 747.971778
676 749.416454
680 750.213485
684 750.725832
688 750.763631
692 750.609283
696 750.296010
700 749.925979
704 749.521144
708 749.215708
712 748.621457
716 748.132327
720 748.037290
724 747.985260
728 748.004219
732 748.257137
736 748.830066
740 749.447050
744 749.565452
748 749.664630
752 749.466282
756 749.413779
760 749.258717
764 749.139544
768 748.988206
772 749.039633
776 749.073602
780 749.456469
784 749.799955
788 750.301247
792 750.843047
796 751.688909
800 752.220586
804 752.558153
808 752.824215
812 752.695182
816 752.401874
820 752.145646
824 751.993126
828 751.912980
832 751.928772
836 752.193092
840 752.364313
844 752.731471
848 753.436205
852 753.854644
856 754.414861
860 755.166992
864 755.475224
868 755.652623
872 755.897577
876 756.135512
880 756.155775
884 756.155871
888 756.468091
892 756.661883
896 756.868190
900 757.242574
904 757.585072
908 758.258547
912 758.663149
916 759.231348
920 759.527147
924 759.883154
928 760.097784
932 760.274596
936 760.450374
940 760.972368
944 761.120664
948 761.216910
952 761.387297
956 761.473883
960 761.659697
964 762.021624
968 762.221788
972 762.237947
976 762.538196
980 762.904197
984 762.808882
988 762.714881
992 762.779778
996 763.043035
1000 763.033629
1004 763.059976
1008 763.161604
1012 763.110130
1016 763.524420
1020 763.801964
1024 764.078162
1028 764.303926
1032 764.627966
1036 764.946745
1040 765.440962
1044 765.887035
1048 766.216185
1052 766.403681
1056 766.643142
1060 766.890951
1064 766.832397
1068 766.985490
1072 767.102064
1076 767.381277
1080 767.666882
1084 767.864154
1088 768.106359
1092 768.154040
1096 768.272624
1100 768.212981
1104 767.930765
1108 767.607864
1112 767.260272
1116 767.052523
1120 766.902399
1124 766.865424
1128 766.690661
1132 766.849401
1136 767.138842
1140 767.301715
1144 767.598980
1148 767.828261
1152 768.391333
1156 768.714269
1160 769.049781
1164 769.304497
1168 769.574422
1172 769.819086
1176 770.151010
1180 770.275260
1184 770.589084
1188 771.049785
1192 771.589807
1196 772.291191
1200 772.574512
1204 772.905474
1208 773.159160
1212 773.235203
1216 773.256625
1220 773.124814
1224 772.931131
1228 772.818511
1232 772.470729
1236 772.231362
1240 771.915437
1244 771.688451
1248 771.429101
1252 771.520656
1256 771.640519
1260 771.608707
1264 771.727161
1268 771.790633
1272 771.809573
1276 772.148758
1280 772.150710
1284 772.264834
1288 772.200769
1292 772.227458
1296 772.192260
1300 772.345472
1304 772.452964
1308 772.448189
1312 772.715912
1316 772.937110
1320 773.149570
1324 773.463422
1328 773.675139
1332 773.837302
1336 774.025915
1340 773.930816
1344 773.897817
1348 773.808012
1352 773.809186
1356 773.638301
1360 773.556700
1364 773.629503
1368 773.670466
1372 773.687321
1376 773.804668
1380 773.925457
1384 774.153088
1388 774.284648
1392 774.372957
1396 774.580319
1400 774.720181
1404 774.942926
1408 774.901984
1412 774.932915
1416 774.966442
1420 774.964724
1424 775.080013
1428 775.196762
1432 775.320062
1436 775.406404
1440 775.413863
1444 775.513107
1448 775.439813
1452 775.595052
1456 775.512351
1460 775.361785
1464 775.075456
1468 774.731883
1472 774.482097
1476 774.213440
1480 773.938342
1484 773.768475
1488 773.606553
1492 773.351827
1496 773.097933
1500 772.872808
1504 772.591433
1508 772.210096
1512 771.918913
1516 771.696370
1520 771.417957
1524 771.267328
1528 771.142798
1532 771.087629
1536 771.052535
1540 771.126905
1544 771.126833
1548 771.201174
1552 771.310019
1556 771.483637
1560 771.585994
1564 771.839969
1568 772.041294
1572 772.145354
1576 772.329796
1580 772.467352
1584 772.584801
1588 772.730889
1592 772.897620
1596 773.098145
1600 773.442612
1604 773.633052
1608 773.798644
1612 774.098741
1616 774.318903
1620 774.523155
1624 774.682231
1628 774.908572
1632 774.955029
1636 774.995041
1640 774.998884
1644 775.102693
1648 775.142124
1652 775.139561
1656 775.229406
1660 775.396238
1664 775.509533
1668 775.481540
1672 775.536952
1676 775.505943
1680 775.530617
1684 775.521285
1688 775.422670
1692 775.294763
1696 775.089663
1700 774.829174
1704 774.598268
1708 774.371850
1712 774.239832
1716 774.101279
1720 773.993435
1724 773.864027
1728 773.787508
1732 773.767352
1736 773.681777
1740 773.606462
1744 773.630104
1748 773.535391
1752 773.426911
1756 773.535852
1760 773.512220
1764 773.634500
1768 773.773561
1772 773.880770
1776 774.136400
1780 774.244034
1784 774.248655
1788 774.326753
1792 774.415330
1796 774.355947
1800 774.334980
1804 774.339171
1808 774.323301
1812 774.121000
1816 773.886402
1820 773.801769
1824 773.665347
1828 773.492459
1832 773.421322
1836 773.311096
1840 773.279800
1844 773.171786
1848 772.962437
1852 772.892079
1856 772.811599
1860 772.681345
1864 772.578134
1868 772.548648
1872 772.451556
1876 772.434400
1880 772.416420
1884 772.495699
1888 772.521240
1892 772.537621
1896 772.705429
1900 772.879825
1904 773.070127
1908 773.123525
1912 773.084867
1916 773.179043
1920 773.266386
1924 773.359898
1928 773.447502
1932 773.460843
1936 773.464036
1940 773.389905
1944 773.434191
1948 773.464602
1952 773.545260
1956 773.658464
1960 773.695457
1964 773.662525
1968 773.682839
1972 773.585025
1976 773.460733
1980 773.344491
1984 773.220739
1988 773.033565
1992 772.919196
1996 772.632175
2000 772.478486
2004 772.367387
2008 772.207747
2012 772.220934
2016 772.151511
2020 772.074079
2024 772.009707
2028 771.882677
2032 771.837316
2036 771.764700
2040 771.735870
2044 771.666007
2048 771.657604
2052 771.713465
2056 771.587333
2060 771.588543
2064 771.644885
2068 771.695585
2072 771.789402
2076 771.917358
2080 772.126712
2084 772.199172
2088 772.233122
2092 772.371775
2096 772.453093
2100 772.555661
2104 772.736456
2108 772.733063
2112 772.717901
2116 772.670869
2120 772.644230
2124 772.718317
2128 772.772427
2132 772.841226
2136 772.917653
2140 772.965107
2144 772.943925
2148 772.921131
2152 772.862709
2156 772.782093
2160 772.666691
2164 772.516995
2168 772.433912
2172 772.390130
2176 772.258344
2180 772.195963
2184 772.181979
2188 772.166454
2192 772.071085
2196 771.961126
2200 771.746513
2204 771.738004
2208 771.553277
2212 771.390167
2216 771.195474
2220 770.963381
2224 770.755100
2228 770.571079
2232 770.424538
2236 770.148010
2240 770.082898
2244 769.965100
2248 769.896424
2252 769.856560
2256 769.826047
2260 769.772785
2264 769.656934
2268 769.720270
2272 769.694965
2276 769.758156
2280 769.758511
2284 769.689484
2288 769.580371
2292 769.512138
2296 769.535605
2300 769.476712
2304 769.391187
2308 769.253645
2312 769.177792
2316 769.119367
2320 769.031903
2324 768.910137
2328 768.748620
2332 768.577596
2336 768.520346
2340 768.411649
2344 768.230798
2348 768.099622
2352 767.973519
2356 767.885460
2360 767.802555
2364 767.620419
2368 767.466269
2372 767.307467
2376 767.255493
2380 767.095018
2384 767.029638
2388 766.951240
2392 766.851290
2396 766.782917
2400 766.714524
2404 766.594614
2408 766.552982
2412 766.476560
2416 766.414155
2420 766.346125
2424 766.201522
2428 766.093706
2432 766.054155
2436 766.035526
2440 765.895364
2444 765.778869
2448 765.644346
2452 765.559759
2456 765.429259
2460 765.360936
2464 765.231322
2468 765.209815
2472 765.177042
2476 765.151735
2480 765.143856
2484 765.235702
2488 765.233431
2492 765.317569
2496 765.377705
2500 765.394443
2504 765.465114
2508 765.565104
2512 765.551859
2516 765.676365
2520 765.757959
2524 765.762346
2528 765.718145
2532 765.730220
2536 765.727455
2540 765.745522
2544 765.791981
2548 765.751959
2552 765.865472
2556 765.840081
2560 765.838093
2564 765.902255
2568 765.964258
2572 765.914012
2576 765.851149
2580 765.822554
2584 765.844789
2588 765.752750
2592 765.721001
2596 765.693952
2600 765.675935
2604 765.736226
2608 765.782441
2612 765.837247
2616 765.817279
2620 765.868715
2624 767.182458
2628 767.196121
2632 767.197069
2636 767.183777
2640 767.152794
2644 767.123101
2648 767.087451
2652 767.044787
2656 766.953789
2660 766.920880
2664 766.787388
2668 766.696608
2672 766.575330
2676 766.454213
2680 766.318240
2684 766.228781
2688 766.061518
2692 765.876664
2696 765.748315
2700 765.575361
2704 765.488397
2708 765.345045
2712 765.294927
2716 765.244858
2720 765.248616
2724 765.261892
2728 765.364244
2732 765.320511
2736 765.330218
2740 765.414170
2744 765.471846
2748 765.527004
2752 765.506587
2756 765.479631
2760 765.455522
2764 765.524732
2768 765.529089
2772 765.535772
2776 765.510660
2780 765.487546
2784 765.408519
2788 765.371509
2792 765.307679
2796 765.346647
2800 765.341609
2804 765.345813
2808 765.308641
2812 765.327311
2816 765.317025
2820 765.397043
2824 765.450200
2828 765.472998
2832 765.562696
2836 765.645568
2840 765.743134
2844 765.845090
2848 765.967902
2852 766.101926
2856 766.252863
2860 766.383858
2864 766.582871
2868 766.723184
2872 766.835806
2876 767.019083
2880 767.143706
2884 767.349760
2888 767.500449
2892 767.675564
2896 767.749234
2900 767.902194
2904 767.965948
2908 768.077048
2912 768.072528
2916 768.112780
2920 768.181717
2924 768.185434
2928 768.272635
2932 768.356009
2936 768.390932
2940 768.412367
2944 768.383513
2948 768.358141
2952 768.335228
2956 768.398665
2960 768.333798
2964 768.296880
2968 768.239569
2972 768.196883
2976 768.146116
2980 768.019474
2984 767.946761
2988 767.881928
2992 767.855598
2996 767.786664
3000 767.775067
3004 767.705896
3008 767.693025
3012 767.564311
3016 767.584038
3020 767.593279
3024 767.594778
3028 767.580632
3032 767.602594
3036 767.541791
3040 767.498952
3044 767.451591
3048 767.510682
3052 767.544977
3056 767.596128
3060 767.568922
3064 767.565377
3068 767.565151
3072 767.576190
3076 767.588911
3080 767.581502
3084 767.556141
3088 767.525195
3092 767.548837
3096 767.571757
3100 767.565095
3104 767.482973
3108 767.401763
3112 767.344807
3116 767.299709
3120 767.287552
3124 767.271963
3128 767.254648
3132 767.239186
3136 767.192524
3140 767.130742
3144 767.098210
3148 767.085129
3152 766.973760
3156 766.883771
3160 766.828575
3164 766.808359
3168 766.815766
3172 766.761557
3176 766.764073
3180 766.772013
3184 766.786294
3188 766.823214
3192 766.875522
3196 766.944209
3200 766.907436
3204 766.932978
3208 766.955805
3212 766.981948
3216 766.982939
3220 766.944700
3224 766.978351
3228 767.034123
3232 767.131514
3236 767.205392
3240 767.285661
3244 767.336295
3248 767.434334
3252 767.490937
3256 767.544847
3260 767.591744
3264 767.666660
3268 767.796649
3272 767.920402
3276 767.953037
3280 767.979462
3284 768.033380
3288 768.080850
3292 768.072477
3296 768.083793
3300 768.124332
3304 768.146402
3308 768.272031
3312 768.285642
3316 768.266745
3320 768.255789
3324 768.315138
3328 768.310386
3332 768.338222
3336 768.404455
3340 768.447286
3344 768.447253
3348 768.451517
3352 768.427829
3356 768.493837
3360 768.587742
3364 768.643066
3368 768.715832
3372 768.832467
3376 768.927196
3380 769.004897
3384 769.095898
3388 769.216788
3392 769.292164
3396 769.351955
3400 769.380285
3404 769.423814
3408 769.514270
3412 769.549068
3416 769.628291
3420 769.635809
3424 769.685777
3428 769.701207
3432 769.712917
3436 769.708424
3440 769.707257
3444 769.756754
3448 769.744892
3452 769.674131
3456 769.673841
3460 769.686346
3464 769.680372
3468 769.620174
3472 769.628822
3476 769.626466
3480 769.613789
3484 769.658732
3488 769.718076
3492 769.693167
3496 769.699303
3500 769.724382
3504 769.751865
3508 769.808035
3512 769.812007
3516 769.787419
3520 769.731387
3524 769.794703
3528 769.800367
3532 769.789485
3536 769.771015
3540 769.746736
3544 769.774809
3548 769.767852
3552 769.747726
3556 769.759436
3560 769.794500
3564 769.814771
3568 769.822199
3572 769.812231
3576 769.805492
3580 769.787333
3584 769.843850
3588 769.898787
3592 769.901322
3596 769.945184
3600 769.973344
3604 770.039648
3608 770.150620
3612 770.171977
3616 770.248631
3620 770.367996
3624 770.402261
3628 770.472484
3632 770.530338
3636 770.635773
3640 770.708063
3644 770.788746
3648 770.837137
3652 770.892191
3656 771.001399
3660 771.043298
3664 771.124022
3668 771.195771
3672 771.215945
3676 771.285710
3680 771.330204
3684 771.328260
3688 771.374699
3692 771.382970
3696 771.423788
3700 771.455996
3704 771.596589
3708 771.681475
3712 771.742706
3716 771.788688
3720 771.872556
3724 771.934647
3728 771.958028
3732 772.057334
3736 772.110387
3740 772.255922
3744 772.294119
3748 772.349461
3752 772.391262
3756 772.451497
3760 772.504676
3764 772.525408
3768 772.564636
3772 772.600659
3776 772.622101
3780 772.702050
3784 772.797243
3788 772.805638
3792 772.879956
3796 772.937966
3800 772.938780
3804 772.904914
3808 772.953347
3812 772.926386
3816 772.909920
3820 772.858131
3824 772.799208
3828 772.778026
3832 772.781051
3836 772.769733
3840 772.751784
3844 772.731934
3848 772.737443
3852 772.732360
3856 772.768212
3860 772.750782
3864 772.723467
3868 772.718721
3872 772.725336
3876 772.732171
3880 772.765863
3884 772.778658
3888 772.782381
3892 772.837978
3896 772.880799
3900 772.927081
3904 772.896704
3908 772.856410
3912 772.835827
3916 772.844281
3920 772.851134
3924 772.829831
3928 772.822058
3932 772.769379
3936 772.782637
3940 772.788424
3944 772.792925
3948 772.758804
3952 772.695435
3956 772.691455
3960 772.696848
3964 772.687647
3968 772.719539
3972 772.727159
3976 772.651615
3980 772.618645
3984 772.557428
3988 772.538631
3992 772.507264
3996 772.447267
4000 772.352582
4004 772.333218
4008 772.284925
4012 772.245505
4016 772.174435
4020 772.113216
4024 772.065413
4028 772.004184
4032 771.998741
4036 771.982225
4040 771.932483
4044 771.867021
4048 771.761060
4052 771.671022
4056 771.584467
4060 771.540053
4064 771.546935
4068 771.573594
4072 771.574020
4076 771.551475
4080 771.560389
4084 771.585556
4088 771.562688
4092 771.521475
4096 771.554187
4100 771.619154
4104 771.638883
4108 771.811548
4112 771.886172
4116 771.927919
4120 771.939322
4124 771.983771
4128 772.021694
4132 772.055996
4136 772.116217
4140 772.112466
4144 772.105172
4148 772.071366
4152 772.084880
4156 772.112755
4160 772.108477
4164 772.110351
4168 772.131949
4172 772.119209
4176 772.114335
4180 772.125583
4184 772.159098
4188 772.188642
4192 772.195871
4196 772.202834
4200 772.226077
4204 772.271991
4208 772.282297
4212 772.251837
4216 772.261501
4220 772.274321
4224 772.310684
4228 772.315316
4232 772.331350
4236 772.370528
4240 772.354742
4244 772.376567
4248 772.387319
4252 772.437957
4256 772.446753
4260 772.411342
4264 772.418115
4268 772.437096
4272 772.403021
4276 773.785565
4280 773.794858
4284 773.849897
4288 773.844187
4292 773.852315
4296 773.804112
4300 773.784150
4304 773.810921
4308 773.794392
4312 773.835947
4316 773.853631
4320 773.869975
4324 773.891921
4328 773.917692
4332 773.941445
4336 773.959493
4340 773.951863
4344 773.967838
4348 773.957797
4352 773.956374
4356 774.003728
4360 774.023621
4364 774.004876
4368 774.040450
4372 774.126762
4376 774.137779
4380 774.149376
4384 774.157787
4388 774.100032
4392 774.104110
4396 774.079055
4400 774.061081
4404 774.042070
4408 774.033966
4412 774.011818
4416 773.954106
4420 773.903971
4424 773.869177
4428 773.822229
4432 773.838680
4436 773.782593
4440 773.785728
4444 773.743402
4448 773.725954
4452 773.683852
4456 773.684403
4460 773.712431
4464 773.675985
4468 773.731721
4472 773.741239
4476 773.746948
4480 773.747256
4484 773.795183
4488 773.870070
4492 773.910754
4496 773.944392
4500 774.022776
4504 774.108978
4508 774.141306
4512 774.162856
4516 774.237313
4520 774.255119
4524 774.343306
4528 774.454311
4532 774.519872
4536 774.564058
4540 774.584251
4544 774.567817
4548 774.594369
4552 774.622918
4556 774.669535
4560 774.660712
4564 774.665756
4568 774.710923
4572 774.761876
4576 774.764381
4580 774.772791
4584 774.804424
4588 774.874122
4592 774.896102
4596 774.910542
4600 774.885631
4604 774.876647
4608 776.317875
4612 776.363769
4616 776.389372
4620 776.362362
4624 776.322642
4628 776.264442
4632 776.311402
4636 776.371321
4640 776.342778
4644 776.327915
4648 776.340733
4652 776.336465
4656 776.335391
4660 776.343974
4664 776.328797
4668 776.338391
4672 776.369290
4676 776.413438
4680 776.444327
4684 776.398809
4688 776.425144
4692 776.430106
4696 776.447248
4700 776.494347
4704 776.487166
4708 776.526513
4712 776.514852
4716 776.522643
4720 776.544534
4724 776.585949
4728 776.656930
4732 776.697933
4736 776.732824
4740 776.771968
4744 776.812842
4748 776.932048
4752 777.015399
4756 777.090454
4760 777.163122
4764 777.259880
4768 777.326964
4772 778.749051
4776 778.763111
4780 778.795302
4784 778.837250
4788 778.893361
4792 778.935326
4796 778.921311
4800 778.887798
4804 778.885133
4808 778.829918
4812 778.799444
4816 778.780160
4820 778.746748
4824 778.727757
4828 778.722273
4832 778.705883
4836 778.714715
4840 778.666948
4844 778.639277
4848 778.621127
4852 778.637267
4856 778.652653
4860 778.630152
4864 778.596964
4868 778.622323
4872 778.659128
4876 778.684673
4880 778.707402
4884 778.727857
4888 778.750308
4892 778.770190
4896 778.832863
4900 778.840909
4904 778.885681
4908 778.877417
4912 778.906816
4916 778.910912
4920 778.965142
4924 778.981263
4928 780.315961
4932 780.315402
4936 780.335337
4940 780.314544
4944 780.347255
4948 780.395885
4952 780.374025
4956 780.361423
4960 780.389841
4964 780.371998
4968 780.405655
4972 780.374363
4976 780.344575
4980 780.367429
4984 780.400518
4988 780.400300
4992 780.436821
4996 780.481476
5000 780.463932
5004 780.488065
5008 780.519213
5012 780.518893
5016 780.526072
5020 780.534836
5024 780.545568
5028 780.576963
5032 780.621414
5036 780.604574
5040 780.600706
5044 780.594795
5048 780.570998
5052 780.534956
5056 780.557766
5060 780.572759
5064 780.529161
5068 780.457769
5072 780.386500
5076 780.327577
5080 780.305846
5084 780.203794
5088 780.177011
5092 780.130524
5096 780.081925
5100 780.000555
5104 779.936815
5108 779.873832
5112 779.889371
5116 779.838682
5120 779.829436
5124 779.805857
5128 779.743975
5132 779.713518
5136 779.701537
5140 779.735764
5144 779.752344
5148 779.709705
5152 779.666972
5156 779.629662
5160 779.650821
5164 779.632128
5168 779.569244
5172 779.547425
5176 779.527457
5180 779.512725
5184 779.449665
5188 779.394195
5192 779.369168
5196 779.351216
5200 779.293434
5204 779.262018
5208 779.243444
5212 779.228182
5216 779.215126
5220 779.175400
5224 779.128009
5228 779.084530
5232 779.074300
5236 779.110099
5240 779.110771
5244 779.093595
5248 779.060299
5252 779.060655
5256 779.054541
5260 779.022867
5264 779.014603
5268 780.244372
5272 780.224262
5276 780.195468
5280 780.177880
5284 780.199772
5288 780.213959
5292 780.235938
5296 780.244812
5300 780.228068
5304 780.233961
5308 780.227346
5312 780.218128
5316 780.195696
5320 780.220558
5324 780.196860
5328 780.187752
5332 780.191022
5336 780.208698
5340 780.227791
5344 780.208836
5348 780.188508
5352 780.212927
5356 780.232712
5360 780.248703
5364 780.279235
5368 780.302434
5372 781.541950
5376 781.603450
5380 781.619638
5384 781.637148
5388 781.645002
5392 781.651768
5396 781.691999
5400 781.712906
5404 781.750188
5408 781.747935
5412 781.754367
5416 781.789464
5420 781.811688
5424 781.781836
5428 781.797894
5432 781.811899
5436 781.784495
5440 781.747489
5444 781.715839
5448 781.685554
5452 781.684094
5456 781.655848
5460 781.652622
5464 781.656014
5468 781.635479
5472 781.624413
5476 781.646037
5480 781.656030
5484 781.634191
5488 782.792279
5492 782.794625
5496 782.795998
5500 782.792626
5504 782.801451
5508 782.827456
5512 782.821726
5516 782.847870
5520 782.838071
5524 782.834696
5528 782.843229
5532 782.836620
5536 782.853207
5540 782.860369
5544 782.852385
5548 782.855742
5552 782.850556
5556 784.075562
5560 784.044364
5564 784.035885
5568 783.998571
5572 783.993399
5576 783.995539
5580 783.965265
5584 783.995017
5588 783.975616
5592 783.991020
5596 783.992690
5600 783.955526
5604 783.938509
5608 783.933192
5612 783.957467
5616 784.022812
5620 784.008987
5624 784.015728
5628 783.963231
5632 783.977702
5636 784.001716
5640 784.033743
5644 784.080157
5648 784.124807
5652 784.130615
5656 784.165111
5660 784.221516
5664 784.284189
5668 784.326862
5672 784.381843
5676 784.400284
5680 784.433953
5684 784.481439
5688 784.528883
5692 784.536310
5696 784.573431
5700 784.582332
5704 784.596600
5708 784.583868
5712 784.609665
5716 784.602088
5720 784.600090
5724 784.623102
5728 784.641441
5732 784.627964
5736 784.659791
5740 784.680683
5744 784.696304
5748 784.712232
5752 784.723600
5756 784.735594
5760 784.784475
5764 784.765827
5768 784.782999
5772 784.808687
5776 784.841160
5780 784.863936
5784 784.896770
5788 784.893088
5792 784.871172
5796 784.875171
5800 784.858271
5804 784.862148
5808 784.854226
5812 784.850454
5816 784.865803
5820 784.854885
5824 784.843844
5828 784.852208
5832 784.859759
5836 784.879326
5840 784.879838
5844 784.828876
5848 784.803666
5852 784.796997
5856 784.766223
5860 784.765003
5864 784.747993
5868 784.743773
5872 784.724476
5876 784.720077
5880 784.713199
5884 784.669036
5888 784.633375
5892 784.612315
5896 784.582826
5900 784.560758
5904 784.525263
5908 784.491890
5912 784.443576
5916 784.385104
5920 784.301066
5924 784.287649
5928 784.205055
5932 784.168504
5936 784.095846
5940 784.070654
5944 784.020203
5948 783.975889
5952 783.983500
5956 783.963299
5960 783.928753
5964 783.931090
5968 783.933992
5972 783.918293
5976 785.010927
5980 784.979630
5984 784.941417
5988 784.933102
5992 784.908475
5996 784.908536
6000 784.907091
6004 784.887707
6008 784.860709
6012 784.873059
6016 784.916595
6020 784.925867
6024 784.958010
6028 784.959839
6032 784.951032
6036 784.953444
6040 784.940235
6044 784.928340
6048 784.953095
6052 784.934770
6056 784.906770
6060 784.837890
6064 784.778933
6068 784.747264
6072 784.739789
6076 784.718469
6080 784.717830
6084 784.708565
6088 784.655759
6092 784.563570
6096 784.496193
6100 784.458245
6104 784.421548
6108 784.345269
6112 784.285721
6116 784.272436
6120 784.284362
6124 784.302864
6128 784.291193
6132 784.297337
6136 784.276239
6140 784.300270
6144 784.265192
6148 784.221595
6152 784.177896
6156 784.126407
6160 784.071515
6164 784.082433
6168 784.045876
6172 784.028401
6176 783.991956
6180 783.945081
6184 783.944805
6188 783.934016
6192 783.941730
6196 783.952163
6200 783.953630
6204 783.905566
6208 783.861763
6212 783.807819
6216 783.782104
6220 783.768400
6224 783.766508
6228 783.774538
6232 783.780745
6236 783.794090
6240 783.838190
6244 783.879975
6248 783.891722
6252 783.913823
6256 783.894637
6260 783.903165
6264 783.901864
6268 783.874290
6272 783.878227
6276 783.893172
6280 783.862372
6284 783.852700
6288 783.840721
6292 783.805085
6296 783.777315
6300 783.786597
6304 783.806545
6308 783.824529
6312 783.880623
6316 783.879126
6320 783.873623
6324 783.884056
6328 783.909243
6332 783.949381
6336 783.982929
6340 784.005276
6344 784.019969
6348 784.057254
6352 784.073912
6356 784.146700
6360 784.220849
6364 784.283072
6368 784.346263
6372 784.387812
6376 784.423807
6380 784.467819
6384 784.492912
6388 784.536108
6392 784.541758
6396 784.548568
6400 784.557113
6404 784.534486
6408 784.555321
6412 784.550665
6416 784.575148
6420 784.590115
6424 784.589781
6428 784.597638
6432 784.630027
6436 784.626660
6440 784.660146
6444 784.645930
6448 784.642487
6452 784.640548
6456 784.664835
6460 784.684722
6464 784.698068
6468 784.719193
6472 784.715584
6476 784.756112
6480 784.795577
6484 784.816816
6488 784.852650
6492 784.862233
6496 784.876183
6500 784.885515
6504 784.900891
6508 784.936655
6512 784.956566
6516 784.937837
6520 784.932683
6524 784.910356
6528 784.893675
6532 784.884771
6536 784.899405
6540 784.898603
6544 784.895391
6548 784.880680
6552 784.898713
6556 784.880714
6560 784.890415
6564 784.885905
6568 784.880290
6572 784.851267
6576 784.845436
6580 784.851406
6584 784.827599
6588 784.835963
6592 784.832475
6596 784.835855
6600 784.792992
6604 784.802744
6608 784.773898
6612 784.773253
6616 784.786997
6620 784.744571
6624 784.749713
6628 784.733364
6632 784.729795
6636 784.745651
6640 784.739217
6644 784.705210
6648 784.701528
6652 784.685288
6656 784.697529
6660 784.691127
6664 784.714124
6668 784.718663
6672 784.758910
6676 784.743897
6680 784.734984
6684 784.752615
6688 784.781040
6692 784.790795
6696 784.805769
6700 784.845318
6704 784.807374
6708 784.844191
6712 784.880577
6716 784.921542
6720 784.982917
6724 785.011849
6728 785.052885
6732 785.055860
6736 785.107845
6740 785.119096
6744 785.161339
6748 785.201558
6752 785.233054
6756 785.302155
6760 785.331090
6764 785.335654
6768 785.376618
6772 785.351293
6776 785.349162
6780 785.369505
6784 785.421006
6788 785.407832
6792 785.435775
6796 785.424312
6800 785.438374
6804 785.457898
6808 785.445047
6812 785.469340
6816 785.491978
6820 785.495615
6824 785.487673
6828 785.500330
6832 785.532657
6836 785.574407
6840 785.588295
6844 785.603012
6848 785.591590
6852 785.583829
6856 785.592472
6860 785.580303
6864 785.621938
6868 786.489494
6872 786.517882
6876 786.506577
6880 786.513733
6884 786.553575
6888 786.569785
6892 786.603764
6896 786.650561
6900 786.701558
6904 786.747250
6908 786.752403
6912 786.767168
6916 786.759367
6920 786.733581
6924 786.743658
6928 786.751792
6932 786.749232
6936 786.731955
6940 786.702216
6944 786.703154
6948 786.703106
6952 786.675985
6956 786.651101
6960 786.649097
6964 786.660853
6968 786.631801
6972 786.583441
6976 786.557186
6980 786.540440
6984 786.542772
6988 786.540682
6992 786.544906
6996 786.549922
7000 786.540056
7004 786.509989
7008 786.510246
7012 786.483994
7016 786.515339
7020 786.519188
7024 786.524727
7028 786.498519
7032 786.496782
7036 786.496971
7040 786.500832
7044 786.465258
7048 786.442299
7052 786.450138
7056 786.422085
7060 786.415740
7064 786.402252
7068 786.406955
7072 786.418890
7076 786.432849
7080 786.415803
7084 786.433560
7088 786.409467
7092 786.415351
7096 786.398589
7100 786.387548
7104 786.396271
7108 786.391691
7112 786.379926
7116 786.338136
7120 786.320136
7124 786.352443
7128 786.358178
7132 786.339742
7136 786.326741
7140 786.314302
7144 786.338289
7148 786.323291
7152 786.369663
7156 786.356725
7160 786.364298
7164 786.374085
7168 786.362566
7172 786.367319
7176 786.378423
7180 786.399114
7184 786.434207
7188 786.463528
7192 786.429321
7196 786.456795
7200 786.436133
7204 786.419494
7208 786.421907
7212 786.403095
7216 786.414537
7220 786.417480
7224 786.444014
7228 786.429302
7232 786.437237
7236 786.448803
7240 786.455306
7244 786.471063
7248 786.465077
7252 786.477020
7256 786.489984
7260 786.486395
7264 786.521433
7268 786.518606
7272 786.511273
7276 786.517848
7280 786.520998
7284 786.523746
7288 786.527031
7292 786.537298
7296 786.561692
7300 786.562550
7304 786.575023
7308 786.566258
7312 786.566607
7316 786.571392
7320 786.575125
7324 786.612064
7328 786.622306
7332 786.593698
7336 786.597999
7340 786.588163
7344 786.582426
7348 786.586740
7352 786.614346
7356 786.616048
7360 786.636899
7364 786.629454
7368 786.621562
7372 786.651012
7376 786.689582
7380 786.695267
7384 786.704315
7388 786.685395
7392 786.662537
7396 786.674811
7400 786.653872
7404 786.667964
7408 786.657894
7412 786.649685
7416 786.674659
7420 786.707069
7424 786.726524
7428 786.711917
7432 786.688498
7436 786.675623
7440 786.669053
7444 786.635058
7448 786.614897
7452 786.574830
7456 786.572814
7460 786.558211
7464 787.257336
7468 787.207951
7472 787.165472
7476 787.120926
7480 787.110509
7484 787.059781
7488 787.018081
7492 786.985380
7496 786.944787
7500 786.912798
7504 786.900550
7508 786.862673
7512 786.836166
7516 786.829638
7520 786.793730
7524 786.746040
7528 786.718106
7532 786.671258
7536 786.645058
7540 786.607812
7544 786.554590
7548 787.286234
7552 787.262401
7556 787.239344
7560 787.193354
7564 787.143513
7568 787.125239
7572 787.083187
7576 787.047050
7580 787.026601
7584 786.997552
7588 786.943010
7592 786.925548
7596 786.886615
7600 786.850767
7604 786.814691
7608 786.757245
7612 786.723522
7616 786.672474
7620 786.645102
7624 786.618058
7628 786.586165
7632 786.544277
7636 786.526919
7640 786.486182
7644 786.442187
7648 786.382084
7652 786.346795
7656 786.320909
7660 786.289225
7664 786.235322
7668 786.189972
7672 786.139243
7676 786.072301
7680 786.025555
7684 785.964334
7688 785.901265
7692 785.852646
7696 785.785031
7700 785.719070
7704 785.680288
7708 785.635393
7712 785.595898
7716 785.536488
7720 785.518809
7724 785.472783
7728 785.458343
7732 785.413835
7736 785.392646
7740 785.366568
7744 785.312062
7748 785.282246
7752 785.242763
7756 785.196648
7760 785.158656
7764 785.127987
7768 785.089746
7772 785.043984
7776 785.005553
7780 784.960194
7784 785.599207
7788 785.564628
7792 785.532195
7796 785.491585
7800 785.466857
7804 785.453751
7808 785.430628
7812 785.376716
7816 785.332797
7820 785.287278
7824 785.262057
7828 785.248369
7832 785.208785
7836 785.196775
7840 785.178928
7844 785.156090
7848 785.131693
7852 785.116720
7856 785.101896
7860 785.100746
7864 785.070055
7868 785.050079
7872 785.010586
7876 784.977791
7880 784.945340
7884 784.927709
7888 784.911949
7892 784.914211
7896 784.876924
7900 784.841243
7904 784.801185
7908 784.744405
7912 784.726639
7916 784.690787
7920 784.659701
7924 784.592355
7928 784.555536
7932 784.512607
7936 784.466473
7940 784.419421
7944 784.382764
7948 784.349230
7952 784.307575
7956 784.273523
7960 784.242340
7964 784.225026
7968 784.209168
7972 784.185332
7976 784.154534
7980 784.165931
7984 784.169286
7988 784.169839
7992 784.180239
7996 784.216953
8000 784.223474
8004 784.256413
8008 784.255562
8012 784.294603
8016 784.312651
8020 784.298494
8024 784.313762
8028 784.328857
8032 784.339297
8036 784.344336
8040 784.329811
8044 784.364005
8048 784.382347
8052 784.392273
8056 784.404894
8060 784.403666
8064 784.429344
8068 784.426560
8072 784.472438
8076 784.492641
8080 784.489844
8084 784.509140
8088 784.549535
8092 784.538549
8096 784.558187
8100 784.569675
8104 784.590358
8108 784.612684
8112 784.627211
8116 784.628075
8120 784.646736
8124 784.652361
8128 784.675159
8132 784.651795
8136 784.631793
8140 784.626390
8144 784.625117
8148 784.627867
8152 784.644927
8156 784.632119
8160 784.595908
8164 784.616704
8168 784.622791
8172 784.616813
8176 784.611491
8180 784.595522
8184 784.561901
8188 784.538604
8192 784.535761
8196 784.550186
8200 785.237905
8204 785.242914
8208 785.253762
8212 785.260402
8216 785.269212
8220 785.282952
8224 785.301711
8228 785.296633
8232 785.305208
8236 785.319199
8240 785.325792
8244 785.367513
8248 785.389159
8252 785.417557
8256 785.426221
8260 785.444874
8264 785.458262
8268 785.454944
8272 785.473502
8276 785.480626
8280 785.467785
8284 785.482202
8288 785.474943
8292 785.485200
8296 785.516428
8300 785.529576
8304 785.539981
8308 785.546590
8312 785.529028
8316 785.558498
8320 785.589086
8324 785.621193
8328 785.636277
8332 785.661844
8336 785.698331
8340 785.707265
8344 785.761356
8348 785.782880
8352 785.795631
8356 785.816207
8360 785.795639
8364 785.821255
8368 785.849436
8372 785.863925
8376 785.862122
8380 785.896972
8384 785.919703
8388 785.930299
8392 785.920429
8396 785.951829
8400 785.968895
8404 785.979471
8408 785.969231
8412 785.975016
8416 785.966339
8420 785.948476
8424 785.934463
8428 785.945261
8432 785.938859
8436 785.942992
8440 785.933853
8444 785.940312
8448 785.920788
8452 785.921663
8456 785.911365
8460 785.907198
8464 785.894200
8468 785.918688
8472 785.940906
8476 785.929059
8480 785.926647
8484 785.938333
8488 785.938051
8492 785.951135
8496 785.960152
8500 785.948897
8504 785.935556
8508 786.368718
8512 786.377857
8516 786.369637
8520 786.362284
8524 786.378381
8528 786.360297
8532 786.334025
8536 786.326826
8540 786.298431
8544 786.301148
8548 786.308271
8552 786.286453
8556 786.277935
8560 786.266952
8564 786.235675
8568 786.245536
8572 786.224784
8576 786.227138
8580 786.233091
8584 786.217726
8588 786.233415
8592 786.244140
8596 786.245269
8600 786.251432
8604 786.264797
8608 786.252509
8612 786.227108
8616 786.230134
8620 786.254122
8624 786.249663
8628 786.231429
8632 786.212300
8636 786.220604
8640 786.221947
8644 786.238468
8648 786.239838
8652 786.227623
8656 786.241555
8660 786.224865
8664 786.218745
8668 786.199401
8672 786.221871
8676 786.224167
8680 786.203517
8684 786.196218
8688 786.200000
8692 786.214226
8696 786.198504
8700 786.200246
8704 786.198539
8708 786.200239
8712 786.218151
8716 786.218278
8720 786.237457
8724 786.250646
8728 786.243758
8732 786.257154
8736 786.285701
8740 786.290926
8744 786.296329
8748 786.315293
8752 786.332131
8756 786.342542
8760 786.357751
8764 786.346732
8768 786.336800
8772 786.357839
8776 786.368977
8780 786.329858
8784 786.309239
8788 786.280783
8792 786.251126
8796 786.233452
8800 786.185309
8804 786.581020
8808 786.568290
8812 786.525516
8816 786.501195
8820 786.475933
8824 786.448955
8828 786.429330
8832 786.416498
8836 786.376024
8840 786.346006
8844 786.322187
8848 786.298265
8852 786.300896
8856 786.309470
8860 786.286078
8864 786.262413
8868 786.264337
8872 786.265181
8876 786.259865
8880 786.259601
8884 786.249154
8888 786.223533
8892 786.223310
8896 786.197850
8900 786.164943
8904 786.151341
8908 786.124806
8912 786.117880
8916 786.105078
8920 786.074114
8924 786.075403
8928 786.022513
8932 786.008135
8936 785.983591
8940 785.966053
8944 785.964957
8948 785.970948
8952 785.959593
8956 785.946870
8960 785.928829
8964 785.950580
8968 785.950694
8972 785.941171
8976 785.958986
8980 785.941096
8984 785.933944
8988 785.927249
8992 785.929340
8996 785.944597
9000 785.945872
9004 785.947493
9008 785.961450
9012 785.948734
9016 785.968168
9020 785.964413
9024 785.999469
9028 786.002514
9032 785.994551
9036 785.998224
9040 786.014797
9044 786.035236
9048 786.044129
9052 786.073683
9056 786.088722
9060 786.109025
9064 786.144499
9068 786.152389
9072 786.194385
9076 786.234559
9080 786.287298
9084 786.348390
9088 786.383346
9092 786.426796
9096 786.470994
9100 786.504370
9104 786.857333
9108 786.920935
9112 786.986683
9116 787.043441
9120 787.109603
9124 787.147123
9128 787.179732
9132 787.235543
9136 787.279357
9140 787.309222
9144 787.369435
9148 787.416327
9152 787.447235
9156 787.471248
9160 787.474138
9164 787.467337
9168 787.480084
9172 787.482739
9176 787.467706
9180 787.438922
9184 787.460716
9188 787.452056
9192 787.474767
9196 787.464546
9200 787.787166
9204 787.803808
9208 787.802996
9212 787.784178
9216 787.771342
9220 787.759481
9224 787.730454
9228 787.746775
9232 787.730203
9236 787.746191
9240 787.743187
9244 787.743058
9248 787.758198
9252 787.785714
9256 787.798543
9260 787.789671
9264 787.814234
9268 787.840220
9272 787.832232
9276 787.808180
9280 787.792789
9284 787.784136
9288 787.781287
9292 787.782671
9296 787.784357
9300 787.788320
9304 787.778659
9308 787.777392
9312 787.767453
9316 787.758877
9320 787.754011
9324 787.753797
9328 787.756473
9332 787.754485
9336 787.777148
9340 787.771296
9344 787.781571
9348 787.789245
9352 787.776957
9356 787.759817
9360 787.748538
9364 787.742949
9368 787.748630
9372 787.746762
9376 787.752844
9380 787.717171
9384 787.716645
9388 787.683725
9392 787.657154
9396 787.664083
9400 787.652508
9404 787.635605
9408 787.628130
9412 787.594637
9416 787.568449
9420 787.528624
9424 787.496600
9428 787.441691
9432 787.410215
9436 787.395626
9440 787.359147
9444 787.325417
9448 787.287597
9452 787.265577
9456 787.244653
9460 787.233366
9464 787.215910
9468 787.182036
9472 787.166820
9476 787.134879
9480 787.124217
9484 787.106833
9488 787.103884
9492 787.100560
9496 787.086184
9500 787.069960
9504 787.061660
9508 787.047866
9512 787.055000
9516 787.042978
9520 787.030054
9524 787.014982
9528 787.013630
9532 787.000487
9536 786.990209
9540 786.958394
9544 786.978291
9548 786.972781
9552 786.949186
9556 786.944378
9560 786.923760
9564 786.890345
9568 786.889588
9572 786.894145
9576 786.921477
9580 786.916499
9584 786.920658
9588 786.938383
9592 786.958004
9596 786.955671
9600 786.933188
9604 786.915117
9608 786.919409
9612 786.922700
9616 786.911757
9620 786.929336
9624 787.072807
9628 787.056489
9632 787.059811
9636 787.081508
9640 787.072790
9644 787.081219
9648 787.087010
9652 787.078162
9656 787.060981
9660 787.083131
9664 787.094080
9668 787.113801
9672 787.125784
9676 787.131542
9680 787.152220
9684 787.157297
9688 787.158541
9692 787.194419
9696 787.195577
9700 787.215642
9704 787.220734
9708 787.237360
9712 787.239844
9716 787.224825
9720 787.244465
9724 787.232883
9728 787.228884
9732 787.224954
9736 787.222438
9740 787.214102
9744 787.224062
9748 787.236365
9752 787.243263
9756 787.230617
9760 787.245908
9764 787.251961
9768 787.254852
9772 787.262552
9776 787.245134
9780 787.223272
9784 787.236571
9788 787.219245
9792 787.200548
9796 787.171625
9800 787.140663
9804 787.116664
9808 787.106540
9812 787.098229
9816 787.078731
9820 787.069873
9824 787.056922
9828 787.037347
9832 787.009161
9836 786.993779
9840 786.981193
9844 786.946793
9848 786.931181
9852 786.903314
9856 787.138057
9860 787.110409
9864 787.094815
9868 787.076519
9872 787.057072
9876 787.051473
9880 787.035613
9884 787.034430
9888 787.014600
9892 787.005289
9896 786.983603
9900 786.975026
9904 786.955830
9908 786.946292
9912 786.951346
9916 786.941031
9920 786.949592
9924 786.951437
9928 786.941620
9932 786.927326
9936 786.921797
9940 786.915137
9944 786.934530
9948 786.936197
9952 786.937786
9956 786.927640
9960 786.927573
9964 786.932827
9968 786.942126
9972 786.929033
9976 786.906100
9980 786.909092
9984 786.912221
9988 786.885123
9992 786.857311
9996 786.870374
10000 786.851636
10004 786.829804
10008 786.833016
10012 786.805036
10016 786.795835
10020 786.801426
10024 786.781659
10028 786.791411
10032 786.783620
10036 786.770928
10040 786.750218
10044 786.733948
10048 786.706328
10052 786.684361
10056 786.680958
10060 786.786771
10064 786.775652
10068 786.778038
10072 786.782607
10076 786.777396
10080 786.775720
10084 786.783513
10088 786.788986
10092 786.779357
10096 786.780836
10100 786.790677
10104 786.820144
10108 786.821033
10112 786.801546
10116 786.813437
10120 786.810152
10124 786.817799
10128 786.807478
10132 786.792223
10136 786.803497
10140 786.789200
10144 786.780897
10148 786.783135
10152 786.773325
10156 786.766354
10160 786.767498
10164 786.758910
10168 786.741811
10172 786.733092
10176 786.726589
10180 786.704558
10184 786.716969
10188 786.725496
10192 786.727940
10196 786.734407
10200 786.735652
10204 786.730751
10208 786.727519
10212 786.727009
10216 786.735464
10220 786.727264
10224 786.727209
10228 786.727717
10232 786.746593
10236 786.747569
10240 787.028802
10244 787.024277
10248 787.015467
10252 787.015374
10256 787.032785
10260 787.145260
10264 787.134928
10268 787.131922
10272 787.125681
10276 787.139274
10280 787.123892
10284 787.129758
10288 787.135149
10292 787.152920
10296 787.151585
10300 787.295127
10304 787.472068
10308 787.599242
10312 787.578685
10316 787.939786
10320 788.049763
10324 788.046552
10328 788.051575
10332 788.049868
10336 788.207538
10340 788.223484
10344 788.281541
10348 788.842626
10352 789.010968
10356 789.104333
10360 789.178111
10364 789.305940
10368 789.305227
10372 789.297407
10376 789.484379
10380 789.588321
10384 790.346238
10388 790.771270
10392 790.827330
10396 790.983773
10400 790.985064
10404 791.523399
10408 791.647036
10412 792.383451
10416 793.000723
10420 793.795141
10424 794.964292
10428 795.415826
10432 795.926410
10436 796.201543
10440 796.602671
10444 797.511408
10448 798.376154
10452 799.511869
10456 800.296621
10460 801.444611
10464 802.614544
10468 803.421499
10472 804.191946
10476 805.575104
10480 806.493937
10484 808.231250
10488 808.949930
10492 810.675115
10496 812.482613
10500 813.686390
10504 815.574865
10508 816.944247
10512 818.985694
10516 821.265689
10520 824.318741
10524 826.591029
10528 830.312067
10532 834.294477
10536 839.549290
10540 843.751287
10544 846.300958
10548 848.849073
10552 854.020488
10556 865.385883
10560 875.847909
10564 888.522540
10568 900.394603
10572 934.207686
10576 943.930159
10580 972.390262
10584 998.629736
10588 1022.021005
10592 1022.077088
10596 1044.889331
10600 1045.143396
10604 1045.199960
10608 1075.470525
10612 1118.236430
10616 1118.275635
10620 1118.498800
10624 1118.555795
10628 1118.589750
10632 1167.532055
10636 1167.567420
10640 1167.457430
10644 1167.385872
10648 1167.272026
10652 1167.514944
10656 1167.989805
10660 1168.096561
10664 1168.137848
10668 1168.037348
10672 1168.084939
10676 1167.960511
10680 1167.846638
10684 1167.825570
10688 1167.956452
10692 1167.866567
10696 1167.724541
10700 1167.713183
10704 1167.512687
10708 1167.509805
10712 1167.512273
10716 1168.155544
10720 1168.313378
10724 1168.309187
10728 1168.303852
10732 1168.263156
10736 1168.115002
10740 1168.031040
10744 1168.068028
10748 1167.979901
10752 1167.829808
10756 1167.881306
10760 1167.926175
10764 1167.816815
10768 1167.790917
10772 1167.868428
10776 1168.291670
10780 1168.380157
10784 1168.280469
10788 1159.448909
10792 1172.175065
