0 1201.638681
4 1023.642332
8 925.379020
12 822.824217
16 716.832285
20 644.611061
24 583.758144
28 537.816390
32 506.742471
36 480.633570
40 459.179333
44 441.499515
48 425.844809
52 413.933992
56 403.229738
60 394.764044
64 387.345302
68 381.339166
72 377.429435
76 378.314267
80 383.341512
84 383.460490
88 388.102422
92 389.984789
96 393.790678
100 390.651370
104 385.365729
108 381.472850
112 377.547535
116 374.201113
120 371.022302
124 367.817479
128 365.483516
132 363.674811
136 362.430988
140 361.736093
144 361.364971
148 360.413809
152 359.621880
156 358.381267
160 356.344807
164 354.075892
168 352.114305
172 350.506499
176 349.052341
180 347.837218
184 347.297828
188 346.513909
192 345.874055
196 345.813016
200 345.804583
204 345.376869
208 345.277618
212 345.081135
216 344.153253
220 343.287103
224 342.331060
228 341.230038
232 340.246336
236 339.428692
240 338.980170
244 338.553503
248 337.966879
252 337.737480
256 337.326701
260 337.170121
264 336.950084
268 336.736981
272 336.485862
276 335.971052
280 335.385702
284 334.659497
288 334.070976
292 333.596761
296 332.840087
300 332.488404
304 332.111281
308 331.757255
312 331.830875
316 331.818239
320 331.561989
324 331.238082
328 331.100473
332 330.742471
336 330.252872
340 329.820508
344 329.361152
348 328.921126
352 328.732364
356 328.346157
360 328.295995
364 328.281533
368 328.076207
372 328.109376
376 328.069225
380 328.156515
384 328.015321
388 327.840484
392 327.559824
396 327.418491
400 327.245664
404 326.850663
408 326.551377
412 326.427570
416 325.998580
420 325.807153
424 325.591417
428 325.332752
432 325.082265
436 324.856035
440 324.777345
444 324.675532
448 324.759457
452 324.679467
456 324.729295
460 325.010196
464 325.316998
468 325.839633
472 326.727548
476 327.823363
480 329.410882
484 330.837851
488 332.144401
492 333.774481
496 335.486533
500 337.134754
504 338.677953
508 340.187526
512 341.515865
516 343.099889
520 344.610405
524 346.066870
528 347.765010
532 349.477062
536 351.434881
540 353.671195
544 355.693015
548 358.269388
552 361.036717
556 363.390641
560 366.048442
564 368.449444
568 370.666767
572 372.695908
576 374.717189
580 376.710557
584 378.282140
588 379.619434
592 381.079047
596 382.543028
600 384.102522
604 385.732973
608 386.814149
612 388.016152
616 389.129871
620 390.090970
624 391.091732
628 392.137212
632 393.273886
636 394.302744
640 395.313589
644 396.543296
648 397.516780
652 398.676046
656 399.838120
660 401.149702
664 402.314974
668 403.520488
672 404.827930
676 405.997808
680 407.287962
684 408.379282
688 409.730998
692 411.041232
696 412.606661
700 413.904980
704 415.338963
708 416.813570
712 418.360659
716 420.161228
720 421.666596
724 423.426684
728 425.411868
732 427.478886
736 429.433982
740 431.323044
744 433.207068
748 435.110038
752 436.966457
756 438.860763
760 440.754775
764 442.575791
768 444.260639
772 445.790803
776 447.254499
780 448.626653
784 450.315558
788 451.738003
792 452.980212
796 454.200328
800 455.534837
804 456.615521
808 457.776604
812 458.772858
816 459.670053
820 460.699601
824 461.778090
828 462.663462
832 463.480673
836 464.566539
840 465.408565
844 466.424747
848 467.364538
852 468.125913
856 468.720780
860 469.242305
864 470.066016
868 470.745353
872 471.156439
876 471.575780
880 471.971460
884 472.223442
888 472.693704
892 472.991779
896 473.310315
900 473.568059
904 473.941345
908 474.212787
912 474.270788
916 474.420261
920 474.443746
924 474.680769
928 474.756896
932 474.993387
936 475.113456
940 475.237733
944 475.520831
948 475.852318
952 476.177219
956 476.430482
960 476.720448
964 476.997857
968 477.297981
972 477.557310
976 477.727359
980 477.746468
984 477.799180
988 477.832442
992 477.918779
996 477.852283
1000 477.775861
1004 477.744475
1008 477.694705
1012 477.651458
1016 477.782653
1020 477.866605
1024 477.996058
1028 478.022218
1032 478.057558
1036 478.166795
1040 478.255789
1044 478.320899
1048 478.638645
1052 478.916356
1056 478.971552
1060 479.045870
1064 479.102328
1068 479.041110
1072 479.059151
1076 478.946174
1080 478.909393
1084 478.795253
1088 478.632540
1092 478.411388
1096 478.166695
1100 477.900708
1104 477.672367
1108 477.351930
1112 477.032981
1116 476.833251
1120 476.601308
1124 476.478623
1128 476.258948
1132 476.175403
1136 476.053592
1140 475.876358
1144 475.885808
1148 475.661636
1152 475.595789
1156 475.363711
1160 475.265101
1164 475.143835
1168 475.075221
1172 475.046210
1176 474.914610
1180 474.781680
1184 474.772638
1188 474.817787
1192 474.871271
1196 475.037243
1200 475.151820
1204 475.311886
1208 475.325752
1212 475.540709
1216 475.686050
1220 475.792970
1224 475.970969
1228 476.150196
1232 476.427117
1236 476.709594
1240 476.958759
1244 477.257798
1248 477.697378
1252 478.286369
1256 478.730628
1260 479.318579
1264 479.887502
1268 480.492831
1272 481.001170
1276 481.531794
1280 482.092088
1284 482.728542
1288 483.095355
1292 483.485897
1296 483.948797
1300 484.353285
1304 484.663516
1308 485.030624
1312 485.447568
1316 485.686744
1320 485.834247
1324 486.112295
1328 486.273284
1332 486.482780
1336 486.577252
1340 486.792003
1344 486.967567
1348 487.227811
1352 487.381863
1356 487.712007
1360 488.048431
1364 488.345616
1368 488.645043
1372 489.080363
1376 489.470730
1380 489.834256
1384 490.042306
1388 490.269323
1392 490.425678
1396 490.682301
1400 490.768729
1404 490.825709
1408 490.955047
1412 491.046243
1416 491.157367
1420 491.362179
1424 491.397799
1428 491.543439
1432 491.674964
1436 491.795938
1440 492.006931
1444 492.154681
1448 492.315206
1452 492.480142
1456 492.661241
1460 492.845857
1464 493.059800
1468 493.284342
1472 493.563756
1476 493.763030
1480 493.865358
1484 494.037573
1488 494.168148
1492 494.411096
1496 494.600152
1500 494.806899
1504 494.914466
1508 495.027561
1512 495.243488
1516 495.490625
1520 495.668136
1524 496.001682
1528 496.222251
1532 496.503783
1536 496.730585
1540 497.024818
1544 497.232811
1548 497.519749
1552 497.714196
1556 498.048133
1560 498.220959
1564 498.426056
1568 498.515073
1572 498.616928
1576 498.637677
1580 498.668733
1584 498.771115
1588 498.862092
1592 498.870197
1596 498.968902
1600 498.977750
1604 499.088243
1608 499.216403
1612 499.326365
1616 499.335603
1620 499.417252
1624 499.455031
1628 499.497904
1632 499.743847
1636 499.782250
1640 499.895049
1644 500.116242
1648 500.356184
1652 500.547144
1656 500.696452
1660 500.956057
1664 501.181656
1668 501.550315
1672 501.803307
1676 502.051276
1680 502.281714
1684 502.564504
1688 502.757508
1692 503.016780
1696 503.216140
1700 503.503548
1704 503.731591
1708 503.969347
1712 504.341341
1716 504.584748
1720 504.869438
1724 505.222425
1728 505.584304
1732 505.928887
1736 506.245283
1740 506.540948
1744 506.797004
1748 507.005071
1752 507.284539
1756 507.491406
1760 507.668898
1764 507.812033
1768 507.967477
1772 508.111035
1776 508.178001
1780 508.340582
1784 508.433936
1788 508.643823
1792 508.754773
1796 508.842430
1800 508.788568
1804 508.810100
1808 508.789331
1812 508.827747
1816 508.810184
1820 508.870060
1824 508.910087
1828 508.887123
1832 509.004076
1836 509.026643
1840 509.043453
1844 509.110804
1848 509.173173
1852 509.235383
1856 509.260072
1860 509.280435
1864 509.414502
1868 509.577352
1872 509.667641
1876 509.810668
1880 509.917995
1884 510.065545
1888 510.199086
1892 510.340707
1896 510.482359
1900 510.630116
1904 510.692552
1908 510.753343
1912 510.822832
1916 510.893403
1920 510.975392
1924 510.986923
1928 511.056747
1932 511.153128
1936 511.234423
1940 511.374025
1944 511.459611
1948 511.566901
1952 511.736156
1956 511.869404
1960 512.014623
1964 512.174889
1968 512.311675
1972 512.357232
1976 512.435134
1980 512.471509
1984 512.479440
1988 512.481210
1992 512.475559
1996 512.442179
2000 512.373660
2004 512.339372
2008 512.291417
2012 512.235604
2016 512.237478
2020 512.222649
2024 512.232488
2028 512.195513
2032 512.187571
2036 512.181042
2040 512.115927
2044 512.085772
2048 512.120692
2052 512.103191
2056 512.177228
2060 512.184960
2064 512.166075
2068 512.221697
2072 512.194843
2076 512.287810
2080 512.296448
2084 512.338389
2088 512.436185
2092 512.406763
2096 512.332437
2100 512.386598
2104 512.306503
2108 512.241173
2112 512.212247
2116 512.175915
2120 512.071920
2124 512.071465
2128 512.002980
2132 512.048489
2136 511.976359
2140 511.950736
2144 511.948195
2148 511.974574
2152 511.982385
2156 511.936348
2160 511.898043
2164 511.925271
2168 511.934507
2172 511.946375
2176 512.001708
2180 511.993676
2184 512.005849
2188 511.993343
2192 512.102988
2196 512.147914
2200 512.296306
2204 512.351034
2208 512.491069
2212 512.568408
2216 512.688809
2220 512.819499
2224 512.927374
2228 512.979080
2232 513.053359
2236 513.166821
2240 513.180004
2244 513.266963
2248 513.328522
2252 513.399897
2256 513.503409
2260 513.525503
2264 513.537249
2268 513.559751
2272 513.596023
2276 513.600379
2280 513.593142
2284 513.589164
2288 513.625506
2292 513.525982
2296 513.540500
2300 513.513508
2304 513.430951
2308 513.407286
2312 513.349442
2316 513.231696
2320 513.105322
2324 512.963742
2328 512.905034
2332 512.735636
2336 512.601864
2340 512.471738
2344 512.371859
2348 512.258632
2352 512.078916
2356 511.924905
2360 511.791895
2364 511.691304
2368 511.596709
2372 511.419419
2376 511.244860
2380 511.113862
2384 510.957635
2388 510.775542
2392 510.615428
2396 510.469160
2400 510.253345
2404 510.057514
2408 509.891451
2412 509.677324
2416 509.525606
2420 509.349631
2424 509.189321
2428 509.067880
2432 508.905629
2436 508.713309
2440 508.620439
2444 508.464235
2448 508.304707
2452 508.172783
2456 508.056823
2460 508.016890
2464 507.945731
2468 507.860323
2472 507.794848
2476 507.741322
2480 507.623104
2484 507.529436
2488 507.496905
2492 507.470795
2496 507.444870
2500 507.415306
2504 507.370461
2508 507.326619
2512 507.286054
2516 507.350192
2520 507.367628
2524 507.424671
2528 507.442567
2532 507.445210
2536 507.491750
2540 507.514744
2544 507.548517
2548 507.625625
2552 507.667643
2556 507.654956
2560 507.709432
2564 507.711353
2568 507.764026
2572 507.734770
2576 507.722246
2580 507.716637
2584 507.685283
2588 507.642342
2592 507.619306
2596 507.588432
2600 507.578268
2604 507.505304
2608 507.486595
2612 507.458945
2616 507.415417
2620 507.515485
2624 507.493498
2628 507.549287
2632 507.587918
2636 507.696773
2640 507.750555
2644 507.769409
2648 507.829554
2652 507.943077
2656 508.003377
2660 508.053149
2664 508.078904
2668 508.143278
2672 508.223571
2676 508.288498
2680 508.381568
2684 508.443364
2688 508.551363
2692 508.645089
2696 508.740331
2700 508.851176
2704 508.901677
2708 509.021398
2712 509.130430
2716 509.226999
2720 509.263501
2724 509.404125
2728 509.487193
2732 509.587728
2736 509.634472
2740 509.709633
2744 509.778181
2748 509.840450
2752 509.913470
2756 509.991100
2760 510.012229
2764 510.057947
2768 510.114467
2772 510.164027
2776 510.180994
2780 510.173162
2784 510.207449
2788 510.235794
2792 510.250138
2796 510.228591
2800 510.272929
2804 510.296704
2808 510.297393
2812 510.364259
2816 510.420333
2820 510.503319
2824 510.516781
2828 510.578161
2832 510.647439
2836 510.699840
2840 510.740179
2844 510.876911
2848 511.094604
2852 511.170632
2856 511.273363
2860 511.375068
2864 511.445529
2868 511.535447
2872 511.609877
2876 511.685415
2880 511.748905
2884 511.840063
2888 511.880230
2892 511.981905
2896 512.005261
2900 512.026949
2904 512.012453
2908 511.992778
2912 511.941136
2916 511.874066
2920 511.854880
2924 511.808912
2928 511.744119
2932 511.697081
2936 511.639416
2940 511.559990
2944 511.490591
2948 511.407393
2952 511.354485
2956 511.348023
2960 511.297282
2964 511.257438
2968 511.237039
2972 511.191055
2976 511.188037
2980 511.127806
2984 511.110306
2988 511.064152
2992 511.029871
2996 511.007575
3000 510.976966
3004 510.948920
3008 510.933694
3012 510.927045
3016 510.923012
3020 510.931580
3024 510.955446
3028 510.935080
3032 510.940970
3036 510.979406
3040 510.983782
3044 511.066085
3048 511.083444
3052 511.151887
3056 511.164205
3060 511.176881
3064 511.168031
3068 511.228703
3072 511.278290
3076 511.336707
3080 511.339697
3084 511.354798
3088 511.410110
3092 511.428797
3096 511.445942
3100 511.447441
3104 511.439676
3108 511.435848
3112 511.421264
3116 511.385067
3120 511.379331
3124 511.337200
3128 511.391414
3132 511.377888
3136 511.344170
3140 511.367473
3144 511.413342
3148 511.454384
3152 511.441448
3156 511.466805
3160 511.470985
3164 511.501975
3168 511.494548
3172 511.590579
3176 511.662491
3180 511.674543
3184 511.704282
3188 511.733730
3192 511.718264
3196 511.725528
3200 511.724895
3204 511.723983
3208 511.773461
3212 511.779947
3216 511.748170
3220 511.801613
3224 511.808417
3228 511.784591
3232 511.803305
3236 511.816459
3240 511.836966
3244 511.890559
3248 511.910950
3252 511.859103
3256 511.859370
3260 511.884148
3264 511.908010
3268 511.922904
3272 511.923447
3276 511.925310
3280 511.976560
3284 512.026721
3288 512.008078
3292 512.056962
3296 512.107943
3300 512.122759
3304 512.156459
3308 512.201954
3312 512.201901
3316 512.186856
3320 512.208704
3324 512.244184
3328 512.207374
3332 512.174768
3336 512.186587
3340 512.195975
3344 512.158577
3348 512.163233
3352 512.146747
3356 512.149085
3360 512.079249
3364 512.055779
3368 511.975752
3372 511.858321
3376 511.811838
3380 511.745164
3384 511.689957
3388 511.575335
3392 511.489800
3396 511.399976
3400 511.323308
3404 511.235732
3408 511.134332
3412 511.031978
3416 510.915879
3420 510.853254
3424 510.743039
3428 510.645447
3432 510.599950
3436 510.549012
3440 510.437051
3444 510.379648
3448 510.304158
3452 510.235843
3456 510.160640
3460 510.101243
3464 510.059888
3468 510.003719
3472 509.917387
3476 509.831632
3480 509.744798
3484 509.740193
3488 509.705258
3492 509.665297
3496 509.632315
3500 509.623541
3504 509.600547
3508 509.608582
3512 509.595607
3516 509.580842
3520 509.651890
3524 509.667051
3528 509.671427
3532 509.654356
3536 509.649922
3540 509.646601
3544 509.638318
3548 509.579220
3552 509.572835
3556 509.553526
3560 509.562048
3564 509.528329
3568 509.464608
3572 509.465287
3576 509.416823
3580 509.363498
3584 509.319391
3588 509.312568
3592 509.290437
3596 509.274805
3600 509.266187
3604 509.249797
3608 509.198313
3612 509.187898
3616 509.183053
3620 509.187965
3624 509.176892
3628 509.211805
3632 509.211345
3636 509.184278
3640 509.185972
3644 509.222071
3648 509.271361
3652 509.292057
3656 509.288878
3660 509.293005
3664 509.318051
3668 509.363210
3672 509.379522
3676 509.396452
3680 509.436116
3684 509.406544
3688 509.422701
3692 509.440226
3696 509.458105
3700 509.459462
3704 509.442747
3708 509.468888
3712 509.466410
3716 509.525412
3720 509.513526
3724 509.481527
3728 509.489636
3732 509.545074
3736 509.518541
3740 509.545861
3744 509.526940
3748 509.545380
3752 509.556936
3756 509.560231
3760 509.569945
3764 509.577291
3768 509.555662
3772 509.560219
3776 509.598751
3780 509.588423
3784 509.609273
3788 509.562071
3792 509.573367
3796 509.576164
3800 509.596019
3804 509.587359
3808 509.586187
3812 509.609015
3816 509.578923
3820 509.593064
3824 509.612859
3828 509.643006
3832 509.699952
3836 509.668655
3840 509.687662
3844 509.683674
3848 509.708517
3852 509.742434
3856 509.788134
3860 509.774791
3864 509.827619
3868 509.869825
3872 509.937286
3876 510.022779
3880 510.079676
3884 510.139441
3888 510.143842
3892 510.230812
3896 510.256591
3900 510.312144
3904 510.450740
3908 510.515189
3912 510.546708
3916 510.582148
3920 510.675288
3924 510.719127
3928 510.720694
3932 510.779759
3936 510.807039
3940 510.853449
3944 510.896421
3948 510.901682
3952 510.871565
3956 510.862986
3960 510.860761
3964 510.860240
3968 510.833255
3972 510.787799
3976 510.766205
3980 510.720531
3984 510.654628
3988 510.596111
3992 510.547856
3996 510.518053
4000 510.518268
4004 510.465227
4008 510.467307
4012 510.432950
4016 510.412038
4020 510.424252
4024 510.401446
4028 510.421259
4032 510.442478
4036 510.426356
4040 510.389724
4044 510.363834
4048 510.334299
4052 510.316998
4056 510.332219
4060 510.300982
4064 510.244845
4068 510.212695
4072 510.182284
4076 510.127488
4080 510.123411
4084 510.098044
4088 510.061966
4092 510.018285
4096 509.989235
4100 509.941572
4104 509.845868
4108 509.774921
4112 509.777420
4116 509.743674
4120 509.733838
4124 509.668413
4128 509.627896
4132 509.580891
4136 509.505794
4140 509.462305
4144 509.406482
4148 509.384062
4152 509.333419
4156 509.252688
4160 509.180899
4164 509.127524
4168 509.061706
4172 509.016128
4176 508.997368
4180 508.945032
4184 508.917387
4188 508.867687
4192 508.835253
4196 508.776389
4200 508.733243
4204 508.707512
4208 508.694605
4212 508.644974
4216 508.609545
4220 508.567652
4224 508.541272
4228 508.505756
4232 508.499667
4236 508.483398
4240 508.450058
4244 508.425783
4248 508.412557
4252 508.381968
4256 508.331498
4260 508.276191
4264 508.235439
4268 508.181784
4272 508.108797
4276 508.079022
4280 508.021349
4284 507.963601
4288 507.881260
4292 507.828994
4296 507.807374
4300 507.777210
4304 507.750568
4308 507.675521
4312 507.640043
4316 507.609634
4320 507.568229
4324 507.509119
4328 507.482165
4332 507.403413
4336 507.340378
4340 507.276928
4344 507.208508
4348 507.143025
4352 507.086702
4356 507.034677
4360 506.946007
4364 506.901796
4368 506.823742
4372 506.749327
4376 506.672836
4380 506.591491
4384 506.552320
4388 506.510422
4392 506.446469
4396 506.386678
4400 506.369056
4404 506.307422
4408 506.247660
4412 506.195948
4416 506.156353
4420 506.136668
4424 506.071428
4428 506.033341
4432 505.951936
4436 505.867837
4440 505.795632
4444 505.761558
4448 505.695557
4452 505.644211
4456 505.585853
4460 505.537830
4464 505.486072
4468 505.432426
4472 505.395037
4476 505.345052
4480 505.314626
4484 505.264179
4488 505.219063
4492 505.164509
4496 505.114137
4500 505.093848
4504 505.101373
4508 505.068721
4512 505.016097
4516 505.004561
4520 504.978630
4524 504.978389
4528 504.963363
4532 504.948153
4536 504.919593
4540 504.906231
4544 504.902186
4548 504.867638
4552 504.873640
4556 504.876288
4560 504.853500
4564 504.853250
4568 504.782267
4572 504.738854
4576 504.718022
4580 504.700061
4584 504.671744
4588 504.634924
4592 504.586708
4596 504.447529
4600 504.323908
4604 504.972802
4608 504.832502
4612 504.752719
4616 504.674859
4620 504.617242
4624 504.515833
4628 504.420810
4632 504.355323
4636 504.294981
4640 504.207847
4644 504.671590
4648 504.604469
4652 504.556461
4656 504.530860
4660 504.512549
4664 504.459809
4668 504.428479
4672 504.384981
4676 504.369134
4680 504.364080
4684 504.333198
4688 504.313817
4692 504.320090
4696 504.319992
4700 504.286930
4704 504.249092
4708 504.261949
4712 504.256957
4716 504.224959
4720 504.201857
4724 504.198339
4728 504.205064
4732 504.192891
4736 504.173142
4740 504.135053
4744 504.089890
4748 504.055100
4752 504.042424
4756 504.004871
4760 503.956966
4764 503.919380
4768 503.901013
4772 503.839242
4776 503.797910
4780 503.743237
4784 503.669632
4788 503.582070
4792 503.483399
4796 503.417992
4800 503.328507
4804 503.252301
4808 503.167963
4812 503.064088
4816 503.020708
4820 502.929258
4824 502.835020
4828 502.756604
4832 502.640297
4836 502.541346
4840 502.451882
4844 502.348202
4848 502.254682
4852 502.154636
4856 502.047211
4860 501.933165
4864 501.831980
4868 501.736228
4872 501.616019
4876 501.533117
4880 501.408975
4884 501.300617
4888 501.187380
4892 501.055944
4896 500.935087
4900 500.830396
4904 500.708147
4908 500.610201
4912 500.508354
4916 500.416427
4920 500.318316
4924 500.199890
4928 500.121758
4932 500.010516
4936 499.901559
4940 499.797800
4944 499.688223
4948 499.583943
4952 499.497106
4956 499.383602
4960 499.282319
4964 499.174163
4968 499.084703
4972 499.011162
4976 498.911849
4980 498.835040
4984 498.763199
4988 498.674537
4992 498.599469
4996 498.512610
5000 498.432930
5004 498.366631
5008 498.299918
5012 498.231197
5016 498.160933
5020 498.100667
5024 498.030713
5028 497.963181
5032 497.903888
5036 497.853783
5040 497.780475
5044 497.739320
5048 497.691510
5052 497.619246
5056 497.553836
5060 497.485932
5064 497.433773
5068 497.345168
5072 497.275066
5076 497.219684
5080 497.160804
5084 497.089864
5088 497.038124
5092 496.989405
5096 496.936605
5100 496.894843
5104 496.885692
5108 496.830172
5112 496.810209
5116 496.784718
5120 496.749252
5124 496.708552
5128 496.653735
5132 496.616924
5136 496.583932
5140 496.545705
5144 496.504444
5148 496.477114
5152 496.459181
5156 496.445496
5160 496.405973
5164 496.403394
5168 496.358950
5172 496.334636
5176 496.305612
5180 496.959176
5184 496.923269
5188 496.899531
5192 496.898160
5196 496.862864
5200 496.843759
5204 496.832709
5208 496.809565
5212 496.787800
5216 496.778298
5220 496.767755
5224 496.744590
5228 496.699057
5232 496.667157
5236 496.640951
5240 496.616260
5244 496.590044
5248 496.576865
5252 496.544732
5256 496.528442
5260 496.527602
5264 496.504187
5268 496.509324
5272 496.478851
5276 496.471995
5280 496.448740
5284 496.397096
5288 496.359943
5292 496.353580
5296 496.307769
5300 496.265642
5304 496.214462
5308 496.173821
5312 496.132124
5316 496.081258
5320 496.041552
5324 495.998875
5328 495.953778
5332 495.898730
5336 495.853858
5340 495.829727
5344 495.784839
5348 495.774478
5352 495.730480
5356 495.702134
5360 495.681098
5364 495.664130
5368 495.664166
5372 495.615478
5376 495.594288
5380 495.578284
5384 495.581069
5388 495.569416
5392 495.565060
5396 495.561154
5400 495.560011
5404 495.554950
5408 495.559154
5412 495.542113
5416 495.551528
5420 495.545388
5424 495.533581
5428 495.528363
5432 495.497068
5436 495.497796
5440 495.495357
5444 495.524411
5448 495.519750
5452 495.537484
5456 495.562699
5460 495.591829
5464 495.618811
5468 495.626971
5472 495.677971
5476 495.710036
5480 495.737498
5484 495.785510
5488 495.820449
5492 495.897542
5496 495.973041
5500 496.069966
5504 496.142101
5508 496.225604
5512 496.268735
5516 496.296437
5520 496.375563
5524 496.422511
5528 496.496535
5532 496.554715
5536 496.613298
5540 496.677110
5544 496.728830
5548 496.759506
5552 496.835716
5556 496.930139
5560 496.982628
5564 497.038127
5568 497.066692
5572 497.091551
5576 497.139402
5580 497.172029
5584 497.204404
5588 497.249936
5592 497.292434
5596 497.312756
5600 497.337630
5604 497.372186
5608 497.424653
5612 497.470349
5616 497.521714
5620 497.597706
5624 497.612748
5628 497.608047
5632 497.629232
5636 497.669181
5640 497.720720
5644 497.795653
5648 497.821820
5652 497.857071
5656 497.882382
5660 497.916151
5664 497.930073
5668 497.959484
5672 497.975651
5676 498.003116
5680 498.013928
5684 498.057550
5688 498.058391
5692 498.072107
5696 498.095182
5700 498.119939
5704 498.134589
5708 498.139691
5712 498.155335
5716 498.144341
5720 498.156112
5724 498.168599
5728 498.180340
5732 498.193105
5736 498.218179
5740 498.225632
5744 498.243382
5748 498.232711
5752 498.252729
5756 498.234941
5760 498.234076
5764 498.217992
5768 498.212862
5772 498.202195
5776 498.188955
5780 498.182463
5784 498.162067
5788 498.154675
5792 498.126455
5796 498.114085
5800 498.075692
5804 498.063102
5808 498.033145
5812 498.010769
5816 497.970233
5820 497.962060
5824 497.913040
5828 497.884623
5832 497.841495
5836 497.820134
5840 497.784986
5844 497.768835
5848 497.704923
5852 497.654467
5856 497.620277
5860 497.583257
5864 497.560718
5868 497.542869
5872 497.508935
5876 497.509071
5880 497.477096
5884 497.461600
5888 497.427425
5892 497.401449
5896 497.372789
5900 497.350203
5904 497.346341
5908 497.324432
5912 497.314859
5916 497.311401
5920 497.300712
5924 497.284299
5928 497.300337
5932 497.270677
5936 497.276833
5940 497.261939
5944 497.247009
5948 497.228593
5952 497.201392
5956 497.197155
5960 497.176810
5964 497.173892
5968 497.153735
5972 497.125105
5976 497.110808
5980 497.087176
5984 497.078753
5988 497.052362
5992 497.057480
5996 497.628612
6000 497.617222
6004 497.609634
6008 497.588503
6012 497.588173
6016 497.557298
6020 497.563656
6024 497.538656
6028 497.541406
6032 497.507792
6036 497.503339
6040 497.493153
6044 497.464350
6048 497.445332
6052 497.435905
6056 497.422785
6060 497.414605
6064 497.425165
6068 497.406819
6072 497.369118
6076 497.356004
6080 497.326660
6084 497.299739
6088 497.282550
6092 497.280255
6096 497.275326
6100 497.284719
6104 497.292995
6108 497.271071
6112 497.235772
6116 497.238521
6120 497.259333
6124 497.256957
6128 497.250255
6132 497.232297
6136 497.238598
6140 497.242257
6144 497.259861
6148 497.297173
6152 497.300731
6156 497.294655
6160 497.320639
6164 497.350441
6168 497.357667
6172 497.346195
6176 497.391717
6180 497.429348
6184 497.449219
6188 497.448318
6192 497.471486
6196 497.466974
6200 497.472143
6204 497.481196
6208 497.491625
6212 497.508662
6216 497.500300
6220 497.537385
6224 497.550384
6228 497.519817
6232 497.520851
6236 497.539461
6240 497.549869
6244 497.525046
6248 497.511292
6252 497.496928
6256 497.481068
6260 497.490158
6264 497.477663
6268 497.451166
6272 497.441129
6276 497.418378
6280 497.402051
6284 497.378667
6288 497.349685
6292 497.296688
6296 497.284888
6300 497.277000
6304 497.245112
6308 497.211027
6312 497.174339
6316 497.148151
6320 497.130350
6324 497.113062
6328 497.114749
6332 497.100102
6336 497.083921
6340 497.063919
6344 497.042883
6348 497.025840
6352 497.013904
6356 497.016833
6360 497.016640
6364 496.994214
6368 496.973174
6372 496.970347
6376 496.949668
6380 496.963577
6384 496.934669
6388 496.910565
6392 496.900567
6396 496.909265
6400 496.931719
6404 496.920500
6408 496.931667
6412 496.946930
6416 496.954206
6420 496.958183
6424 496.942900
6428 496.960131
6432 496.938874
6436 496.941470
6440 496.924563
6444 496.908813
6448 496.900875
6452 496.884876
6456 496.892677
6460 496.891712
6464 496.894030
6468 496.903780
6472 496.917532
6476 496.945603
6480 496.952612
6484 496.967210
6488 496.964890
6492 496.972787
6496 496.970460
6500 496.991156
6504 497.009792
6508 497.031832
6512 497.033275
6516 497.068861
6520 497.096821
6524 497.138823
6528 497.172830
6532 497.204833
6536 497.226456
6540 497.251456
6544 497.273408
6548 497.306355
6552 497.354306
6556 497.380645
6560 497.414284
6564 497.442308
6568 497.461583
6572 497.510171
6576 497.546962
6580 497.589232
6584 497.642822
6588 497.681045
6592 497.708705
6596 497.748169
6600 497.786255
6604 497.820967
6608 497.887427
6612 497.946100
6616 497.999382
6620 498.035624
6624 498.087358
6628 498.140906
6632 498.195287
6636 498.247318
6640 498.281462
6644 498.330824
6648 498.384169
6652 498.421196
6656 498.466231
6660 498.501080
6664 498.545891
6668 498.585060
6672 498.634589
6676 498.705891
6680 498.757407
6684 498.792773
6688 498.835684
6692 498.885719
6696 498.920886
6700 498.936876
6704 498.974996
6708 499.016777
6712 499.058329
6716 499.112172
6720 499.140235
6724 499.167496
6728 499.179799
6732 499.228604
6736 499.272012
6740 499.276322
6744 499.281408
6748 499.290437
6752 499.291596
6756 499.291609
6760 499.311241
6764 499.328479
6768 499.332807
6772 499.318623
6776 499.308887
6780 499.280839
6784 499.266583
6788 499.239247
6792 499.233374
6796 499.209320
6800 499.183173
6804 499.167886
6808 499.139868
6812 499.115147
6816 499.078184
6820 499.056011
6824 499.056354
6828 499.018913
6832 498.966614
6836 498.931588
6840 498.918243
6844 498.909965
6848 498.895279
6852 498.881262
6856 498.874034
6860 498.837493
6864 498.817055
6868 498.811263
6872 498.792276
6876 498.776326
6880 498.756305
6884 498.748359
6888 498.707272
6892 498.692570
6896 498.666538
6900 498.641584
6904 498.633403
6908 498.619982
6912 498.604584
6916 498.573980
6920 498.542772
6924 498.499288
6928 498.454550
6932 498.417921
6936 498.391280
6940 498.361480
6944 498.350606
6948 498.318028
6952 498.270347
6956 498.231974
6960 498.203475
6964 498.185973
6968 498.151964
6972 498.126851
6976 498.094192
6980 498.065413
6984 498.026841
6988 498.020949
6992 497.976945
6996 497.960638
7000 497.927213
7004 497.896124
7008 497.861513
7012 497.833936
7016 497.820226
7020 497.798949
7024 497.763789
7028 497.731948
7032 497.709940
7036 497.697324
7040 497.669976
7044 497.645291
7048 497.618123
7052 497.579890
7056 497.574317
7060 497.569682
7064 497.550395
7068 497.540771
7072 497.523695
7076 497.508356
7080 497.508594
7084 497.483495
7088 497.465914
7092 497.470027
7096 497.468027
7100 497.463336
7104 497.471150
7108 497.490018
7112 497.499230
7116 497.522197
7120 497.523127
7124 497.535462
7128 497.523242
7132 497.536940
7136 498.037251
7140 498.063936
7144 498.089456
7148 498.097068
7152 498.115554
7156 498.157794
7160 498.189793
7164 498.232986
7168 498.284470
7172 498.320838
7176 498.329035
7180 498.366907
7184 498.384208
7188 498.392374
7192 498.405288
7196 498.416787
7200 498.434349
7204 498.439432
7208 498.449550
7212 498.441176
7216 498.456960
7220 498.446851
7224 498.417899
7228 498.422034
7232 498.403341
7236 498.397745
7240 498.385159
7244 498.372706
7248 498.348523
7252 498.329508
7256 498.308514
7260 498.293616
7264 498.268433
7268 498.237368
7272 498.202478
7276 498.173811
7280 498.141628
7284 498.120361
7288 498.071413
7292 498.026267
7296 497.988599
7300 497.961365
7304 497.913261
7308 497.868622
7312 497.832542
7316 497.804371
7320 497.762162
7324 497.722159
7328 497.673594
7332 497.624757
7336 497.596237
7340 497.563518
7344 497.528186
7348 497.468261
7352 497.423334
7356 497.377151
7360 497.337699
7364 497.301753
7368 497.275311
7372 497.235202
7376 497.202742
7380 497.176558
7384 497.146679
7388 497.083147
7392 497.045391
7396 497.019841
7400 496.971443
7404 496.936189
7408 496.900795
7412 496.882354
7416 496.851458
7420 496.826911
7424 496.789107
7428 496.773654
7432 497.182777
7436 497.173995
7440 497.152950
7444 497.136352
7448 497.116881
7452 497.107217
7456 497.082175
7460 497.049254
7464 497.033434
7468 496.997197
7472 496.964226
7476 496.954264
7480 496.935490
7484 496.894905
7488 496.869404
7492 496.852038
7496 496.809690
7500 496.768484
7504 496.745226
7508 496.720939
7512 496.676805
7516 496.649983
7520 496.635468
7524 496.587913
7528 496.550930
7532 496.507609
7536 496.445621
7540 496.411304
7544 496.368433
7548 496.328765
7552 496.284493
7556 496.236240
7560 496.195700
7564 496.162603
7568 496.120136
7572 496.085023
7576 496.042989
7580 496.003273
7584 495.966241
7588 495.937384
7592 495.903064
7596 495.897942
7600 495.883701
7604 495.852256
7608 495.843210
7612 495.826588
7616 495.787293
7620 495.768063
7624 495.729399
7628 495.727168
7632 495.697606
7636 495.709120
7640 495.683294
7644 495.661378
7648 495.666634
7652 495.655453
7656 495.651257
7660 495.662475
7664 495.657496
7668 495.675204
7672 495.678105
7676 495.678877
7680 495.669888
7684 495.673370
7688 495.667698
7692 495.636855
7696 495.624787
7700 495.626771
7704 495.621661
7708 495.606515
7712 495.584211
7716 495.560448
7720 495.534631
7724 495.523285
7728 495.514510
7732 495.487497
7736 495.454516
7740 495.431788
7744 495.409810
7748 495.376770
7752 495.336747
7756 495.314134
7760 495.285702
7764 495.258228
7768 495.221869
7772 495.170039
7776 495.132571
7780 495.107979
7784 495.060596
7788 495.026968
7792 494.996633
7796 494.962348
7800 494.914034
7804 494.876441
7808 494.831642
7812 494.790387
7816 494.750562
7820 494.716410
7824 494.693716
7828 494.648387
7832 494.592047
7836 494.550327
7840 494.524587
7844 494.482658
7848 494.448261
7852 494.399734
7856 494.369665
7860 494.319898
7864 494.278950
7868 494.245596
7872 494.215070
7876 494.176222
7880 494.138694
7884 494.095406
7888 494.058569
7892 494.011026
7896 493.984253
7900 493.937313
7904 493.905978
7908 493.859392
7912 493.810868
7916 493.756823
7920 493.715728
7924 493.678556
7928 493.631863
7932 493.586977
7936 493.550240
7940 493.514148
7944 493.475015
7948 493.443397
7952 493.391154
7956 493.351346
7960 493.319135
7964 493.297744
7968 493.261929
7972 493.230910
7976 493.209691
7980 493.191423
7984 493.163082
7988 493.125473
7992 493.090621
7996 493.057243
8000 493.030426
8004 493.017559
8008 492.984234
8012 492.964112
8016 492.932549
8020 492.916089
8024 492.892795
8028 492.880143
8032 492.841146
8036 492.835675
8040 492.822774
8044 492.816794
8048 492.800971
8052 492.778590
8056 492.752661
8060 492.731495
8064 492.736187
8068 492.718551
8072 492.704634
8076 492.686189
8080 492.676646
8084 492.655839
8088 492.629535
8092 492.607358
8096 492.592965
8100 492.567651
8104 492.559471
8108 492.540853
8112 492.514686
8116 492.504886
8120 492.496762
8124 492.488469
8128 492.483766
8132 492.469782
8136 492.462112
8140 492.449695
8144 492.448860
8148 492.458113
8152 492.460860
8156 492.459009
8160 492.457904
8164 492.474696
8168 492.480091
8172 492.477035
8176 492.480932
8180 492.503099
8184 492.511461
8188 492.527265
8192 492.530336
8196 492.526929
8200 492.532516
8204 492.528838
8208 492.529895
8212 492.524159
8216 492.525307
8220 492.528804
8224 492.529617
8228 492.508703
8232 492.488186
8236 492.481075
8240 492.471370
8244 492.465267
8248 492.465136
8252 492.452699
8256 492.423507
8260 492.407115
8264 492.391525
8268 492.383705
8272 492.356831
8276 492.331404
8280 492.281051
8284 492.253423
8288 492.229961
8292 492.190023
8296 492.160154
8300 492.139430
8304 492.116109
8308 492.089416
8312 492.068862
8316 492.032241
8320 492.004348
8324 491.970179
8328 491.949740
8332 491.922858
8336 491.914734
8340 491.885261
8344 491.853532
8348 491.830052
8352 491.798736
8356 491.770909
8360 491.753555
8364 491.742063
8368 491.720193
8372 491.703724
8376 491.668550
8380 491.638605
8384 491.614822
8388 491.586512
8392 491.576361
8396 491.573625
8400 491.537588
8404 491.516718
8408 491.478991
8412 491.449952
8416 491.424647
8420 491.399547
8424 491.386690
8428 491.368966
8432 491.350638
8436 491.319538
8440 491.297991
8444 491.283186
8448 491.278184
8452 491.270579
8456 491.245237
8460 491.232050
8464 491.217295
8468 491.202887
8472 491.181847
8476 491.162242
8480 491.155479
8484 491.147870
8488 491.133853
8492 491.116617
8496 491.096236
8500 491.103197
8504 491.074897
8508 491.059892
8512 491.049832
8516 491.036460
8520 491.017517
8524 490.991028
8528 490.973643
8532 490.940361
8536 490.925284
8540 490.902763
8544 490.882067
8548 490.871688
8552 490.838808
8556 490.817640
8560 490.790499
8564 490.773181
8568 490.749512
8572 490.732884
8576 490.708191
8580 490.669953
8584 490.629651
8588 490.605305
8592 490.584024
8596 490.568180
8600 490.542518
8604 490.515560
8608 490.497917
8612 490.477291
8616 490.457400
8620 490.448585
8624 490.445400
8628 490.423481
8632 490.413755
8636 490.393317
8640 490.373949
8644 490.345540
8648 490.330783
8652 490.308171
8656 490.288335
8660 490.272487
8664 490.265868
8668 490.251212
8672 490.225526
8676 490.210608
8680 490.193106
8684 490.179770
8688 490.144431
8692 490.116533
8696 490.080141
8700 490.044723
8704 490.012556
8708 489.962201
8712 489.923791
8716 489.904525
8720 489.892465
8724 489.865593
8728 489.838801
8732 489.805483
8736 489.762552
8740 489.732206
8744 489.689098
8748 489.654695
8752 489.617794
8756 489.582415
8760 489.545837
8764 489.499945
8768 489.455480
8772 489.424768
8776 489.398948
8780 489.379359
8784 489.347395
8788 489.325174
8792 489.295470
8796 489.258030
8800 489.232572
8804 489.205113
8808 489.175066
8812 489.349020
8816 489.336953
8820 489.318060
8824 489.298919
8828 489.265145
8832 489.247544
8836 489.210485
8840 489.191692
8844 489.172099
8848 489.159906
8852 489.134605
8856 489.109681
8860 489.095890
8864 489.076963
8868 489.057041
8872 489.024579
8876 488.998400
8880 488.980623
8884 488.969819
8888 488.936169
8892 488.922373
8896 488.894664
8900 488.871767
8904 488.850279
8908 488.839266
8912 488.821471
8916 488.801835
8920 488.788391
8924 488.766343
8928 488.757694
8932 488.738820
8936 488.729719
8940 488.714148
8944 488.700130
8948 488.685294
8952 488.675040
8956 488.649234
8960 488.643940
8964 488.621876
8968 488.606796
8972 488.581177
8976 488.557203
8980 488.543031
8984 488.531900
8988 488.514973
8992 488.491388
8996 488.479534
9000 488.474190
9004 488.451318
9008 488.428052
9012 488.411335
9016 488.385795
9020 488.387773
9024 488.389264
9028 488.369468
9032 488.365642
9036 488.350222
9040 488.335384
9044 488.331957
9048 488.310326
9052 488.306408
9056 488.302960
9060 488.287483
9064 488.285304
9068 488.278547
9072 488.279951
9076 488.282548
9080 488.283477
9084 488.263101
9088 488.276996
9092 488.283472
9096 488.288316
9100 488.312127
9104 488.331384
9108 488.345331
9112 488.361546
9116 488.383404
9120 488.393725
9124 488.394977
9128 488.410515
9132 488.422542
9136 488.436024
9140 488.455833
9144 488.456999
9148 488.476039
9152 488.494872
9156 488.522217
9160 488.540769
9164 488.554858
9168 488.562755
9172 488.576031
9176 488.603561
9180 488.620252
9184 488.646776
9188 488.672421
9192 488.684530
9196 488.718009
9200 488.732973
9204 488.728485
9208 488.748348
9212 488.753098
9216 488.761218
9220 488.768044
9224 488.787935
9228 488.799513
9232 488.801878
9236 488.813956
9240 488.813222
9244 488.814263
9248 488.817971
9252 488.824592
9256 488.847120
9260 488.835242
9264 488.834100
9268 488.855418
9272 488.855914
9276 488.865624
9280 488.876386
9284 488.882414
9288 488.879365
9292 488.887375
9296 488.901144
9300 488.892545
9304 488.891124
9308 488.906337
9312 488.914882
9316 488.928849
9320 488.924317
9324 488.925498
9328 488.919536
9332 488.927556
9336 488.922837
9340 488.921149
9344 488.921806
9348 488.922878
9352 488.924603
9356 488.917771
9360 488.915838
9364 488.924964
9368 488.933951
9372 488.919931
9376 488.914050
9380 488.917122
9384 488.915349
9388 488.892606
9392 488.874463
9396 488.856540
9400 488.843099
9404 488.840438
9408 488.812280
9412 488.800443
9416 488.801007
9420 488.801363
9424 488.801460
9428 488.789802
9432 488.769822
9436 488.760288
9440 488.742899
9444 488.740092
9448 488.743475
9452 488.733128
9456 488.718458
9460 488.716663
9464 488.701560
9468 488.680618
9472 488.670669
9476 488.653194
9480 488.648343
9484 488.637339
9488 488.615518
9492 488.596930
9496 488.582295
9500 488.573929
9504 488.566543
9508 488.556943
9512 488.546613
9516 488.530352
9520 488.523614
9524 488.505471
9528 488.482840
9532 488.465921
9536 488.443358
9540 488.436904
9544 488.418305
9548 488.388394
9552 488.368072
9556 488.350711
9560 488.334426
9564 488.308688
9568 488.279949
9572 488.253529
9576 488.250188
9580 488.247933
9584 488.215663
9588 488.203083
9592 488.187179
9596 488.172561
9600 488.159622
9604 488.136871
9608 488.118876
9612 488.118766
9616 488.097696
9620 488.078321
9624 488.056409
9628 488.020264
9632 488.003800
9636 487.984758
9640 487.978023
9644 487.962092
9648 487.942265
9652 487.930015
9656 487.920931
9660 487.891708
9664 487.875375
9668 487.852564
9672 487.837320
9676 487.807436
9680 487.785161
9684 487.744374
9688 487.716671
9692 487.695012
9696 487.675517
9700 487.650921
9704 487.623293
9708 487.593367
9712 487.565688
9716 487.537071
9720 487.520407
9724 487.481686
9728 487.470482
9732 487.435404
9736 487.407348
9740 487.373390
9744 487.351423
9748 487.324328
9752 487.296124
9756 487.273836
9760 487.238446
9764 487.208288
9768 487.173290
9772 487.129379
9776 487.102874
9780 487.074454
9784 487.041239
9788 487.022015
9792 486.984180
9796 486.958296
9800 486.931623
9804 486.906878
9808 486.877640
9812 486.848844
9816 486.831329
9820 486.793448
9824 486.768938
9828 486.740074
9832 486.716919
9836 486.693758
9840 486.798275
9844 486.783083
9848 486.760148
9852 486.741169
9856 486.725160
9860 486.715208
9864 486.699638
9868 486.689654
9872 486.674130
9876 486.654904
9880 486.634552
9884 486.619681
9888 486.604206
9892 486.587243
9896 486.568202
9900 486.544999
9904 486.548872
9908 486.525108
9912 486.516234
9916 486.511338
9920 486.504479
9924 486.494755
9928 486.481376
9932 486.461724
9936 486.438063
9940 486.424059
9944 486.413081
9948 486.404309
9952 486.378475
9956 486.372980
9960 486.362813
9964 486.350249
9968 486.353563
9972 486.354431
9976 486.340617
9980 486.335386
9984 486.320424
9988 486.315857
9992 486.299683
9996 486.287894
10000 486.280006
10004 486.271452
10008 486.272492
10012 486.266614
10016 486.259163
10020 486.252635
10024 486.252831
10028 486.253316
10032 486.243015
10036 486.252405
10040 486.233251
10044 486.227390
10048 486.219081
10052 486.218372
10056 486.211032
10060 486.214593
10064 486.198698
10068 486.178735
10072 486.187816
10076 486.170518
10080 486.174873
10084 486.177988
10088 486.188679
10092 486.189054
10096 486.187922
10100 486.194451
10104 486.198016
10108 486.207285
10112 486.212888
10116 486.221977
10120 486.237100
10124 486.245050
10128 486.258858
10132 486.263395
10136 486.269582
10140 486.275868
10144 486.291719
10148 486.327982
10152 486.344043
10156 486.351482
10160 486.361013
10164 486.382066
10168 486.400075
10172 486.421528
10176 486.456464
10180 486.481959
10184 486.488997
10188 486.508396
10192 486.538172
10196 486.566039
10200 486.590825
10204 486.611047
10208 486.642874
10212 486.666465
10216 486.691504
10220 486.702941
10224 486.714175
10228 486.733749
10232 486.742035
10236 486.748576
10240 486.761489
10244 486.771886
10248 486.785330
10252 486.800531
10256 486.805037
10260 486.814097
10264 486.813989
10268 486.830859
10272 486.822581
10276 486.833863
10280 486.944712
10284 486.939217
10288 486.940198
10292 487.043567
10296 486.827994
10300 486.829257
10304 486.824133
10308 486.822398
10312 486.816965
10316 486.803214
10320 486.788444
10324 486.826248
10328 486.804265
10332 486.783372
10336 486.764575
10340 486.746594
10344 486.793889
10348 486.769352
10352 486.827902
10356 486.887943
10360 486.930821
10364 486.955870
10368 487.015422
10372 487.026431
10376 487.042760
10380 487.271197
10384 487.569563
10388 487.548240
10392 487.530234
10396 487.495971
10400 487.588952
10404 487.710060
10408 487.859104
10412 488.078944
10416 488.036585
10420 488.385025
10424 488.488719
10428 488.679320
10432 489.302030
10436 489.867304
10440 489.975662
10444 490.303409
10448 490.549228
10452 490.772319
10456 491.528489
10460 491.984733
10464 493.143469
10468 494.000075
10472 494.600595
10476 495.471764
10480 496.543397
10484 497.750056
10488 499.249166
10492 501.139455
10496 501.787619
10500 503.119288
10504 503.672007
10508 506.219804
10512 506.567461
10516 509.083394
10520 513.086421
10524 515.911239
10528 518.480278
10532 518.188479
10536 520.707763
10540 523.981392
10544 527.789665
10548 530.812762
10552 539.757240
10556 544.305848
10560 550.576441
10564 555.423000
10568 580.112200
10572 586.357694
10576 589.163917
10580 617.166684
10584 627.761665
10588 639.451360
10592 672.529185
10596 672.515927
10600 672.550085
10604 692.090008
10608 692.002153
10612 717.359037
10616 717.383993
10620 717.371471
10624 717.333257
10628 717.238493
10632 717.107519
10636 796.120455
10640 796.032243
10644 795.938014
10648 795.837055
10652 795.739208
10656 795.792367
10660 795.824134
10664 795.704659
10668 795.619094
10672 795.575896
10676 795.474777
10680 795.468181
10684 795.447049
10688 795.520671
10692 795.451185
10696 795.429086
10700 795.365426
10704 795.285484
10708 795.144843
10712 795.094316
10716 795.103535
10720 795.253997
10724 795.371467
10728 795.294098
10732 795.317309
10736 795.258067
10740 795.161294
10744 795.177349
10748 795.276779
10752 795.140532
10756 795.066899
10760 795.011308
10764 794.921499
10768 794.999147
10772 795.137531
10776 795.230374
10780 795.304737
10784 795.178820
10788 795.120802
10792 828.053600
