0 1008.888057
4 838.041193
8 767.988036
12 745.326040
16 721.728555
20 711.893070
24 678.522961
28 640.079821
32 596.176494
36 562.144547
40 532.908632
44 510.275291
48 489.719283
52 473.185766
56 460.268167
60 451.444403
64 444.019774
68 438.830961
72 435.784491
76 430.097723
80 425.489595
84 421.400184
88 420.572738
92 418.530488
96 413.689846
100 407.464337
104 401.991883
108 397.555955
112 393.903261
116 390.610857
120 387.530511
124 385.415479
128 383.491203
132 381.822582
136 380.854340
140 379.789669
144 378.855777
148 377.406768
152 376.199294
156 375.354892
160 373.527019
164 371.436644
168 369.933531
172 368.198230
176 367.214619
180 366.022731
184 365.100828
188 364.669370
192 363.466329
196 363.026456
200 362.492819
204 361.610312
208 360.998163
212 359.975624
216 359.440740
220 358.312901
224 357.173694
228 356.035262
232 355.002797
236 354.522696
240 353.905497
244 353.037484
248 352.368365
252 351.463314
256 350.711554
260 350.275594
264 349.582357
268 349.185720
272 348.742884
276 348.315522
280 347.553562
284 346.677470
288 346.297614
292 345.740427
296 345.391399
300 345.272048
304 345.098344
308 344.917837
312 344.795312
316 344.545685
320 344.557410
324 344.415598
328 344.003949
332 343.485184
336 343.251496
340 342.816819
344 342.536192
348 341.936042
352 341.589272
356 341.320779
360 341.267847
364 341.038882
368 340.856830
372 340.541747
376 340.474655
380 340.387747
384 340.220662
388 340.133887
392 339.890911
396 339.723902
400 339.206659
404 339.112911
408 338.888748
412 338.505247
416 338.232749
420 337.907691
424 337.673366
428 337.504659
432 337.438820
436 337.079616
440 336.929442
444 336.762117
448 336.491315
452 336.359795
456 336.225613
460 336.221911
464 335.946675
468 335.874165
472 335.800958
476 335.755972
480 335.678046
484 335.565117
488 335.399990
492 335.257292
496 335.127359
500 334.987722
504 334.724786
508 334.690274
512 334.530416
516 334.396003
520 334.286187
524 333.999267
528 333.994744
532 333.751132
536 333.727341
540 333.553811
544 333.509499
548 333.498815
552 333.564908
556 333.490394
560 333.477369
564 333.507228
568 333.470128
572 333.400446
576 333.344574
580 333.333505
584 333.292925
588 333.264805
592 333.374931
596 333.397944
600 333.477054
604 333.484898
608 333.494506
612 333.488420
616 333.578044
620 333.557720
624 333.700668
628 333.582874
632 333.489959
636 333.479478
640 333.391780
644 333.302100
648 333.328961
652 333.325164
656 333.354586
660 333.321302
664 333.390331
668 333.377013
672 333.290293
676 333.317288
680 333.294612
684 333.314988
688 333.343061
692 333.249930
696 333.280894
700 333.222780
704 333.160163
708 333.134485
712 333.080457
716 333.102355
720 333.126429
724 333.298158
728 333.269539
732 333.236651
736 333.273238
740 333.339815
744 333.332812
748 333.352894
752 333.332326
756 333.336809
760 333.282005
764 333.218832
768 333.159357
772 333.167032
776 333.073727
780 333.063746
784 333.179096
788 333.194596
792 333.112272
796 332.995551
800 333.070610
804 333.038326
808 333.134029
812 333.101838
816 333.110594
820 333.119748
824 333.198140
828 333.333744
832 333.291852
836 333.416826
840 333.546182
844 333.610339
848 333.682072
852 333.695920
856 333.743503
860 333.716055
864 333.761316
868 333.772146
872 333.752409
876 333.752452
880 333.746585
884 333.681967
888 333.717351
892 333.710356
896 333.654316
900 333.651015
904 333.626727
908 333.595734
912 333.542203
916 333.521981
920 333.532540
924 333.511138
928 333.460549
932 333.518894
936 333.697675
940 333.757778
944 333.916384
948 333.911131
952 334.039285
956 334.198505
960 334.420979
964 334.621778
968 334.915243
972 335.220961
976 335.533403
980 335.928385
984 336.337807
988 336.727050
992 337.159053
996 337.572250
1000 338.015048
1004 338.405153
1008 338.776302
1012 339.129493
1016 339.625346
1020 339.976953
1024 340.360730
1028 340.639064
1032 340.937033
1036 341.210888
1040 341.533086
1044 341.854374
1048 342.256661
1052 342.671370
1056 343.145110
1060 343.591063
1064 344.123676
1068 344.642333
1072 345.161357
1076 345.630971
1080 346.206353
1084 346.778230
1088 347.187748
1092 347.657079
1096 348.249116
1100 348.668565
1104 349.126160
1108 349.758300
1112 350.350155
1116 350.951074
1120 351.663809
1124 352.363937
1128 353.011383
1132 353.702632
1136 354.451847
1140 355.138093
1144 355.828904
1148 356.444374
1152 357.087402
1156 357.694906
1160 358.209648
1164 358.671092
1168 359.286398
1172 359.675394
1176 360.202526
1180 360.491292
1184 360.741101
1188 361.059693
1192 361.349690
1196 361.709889
1200 362.053185
1204 362.385664
1208 362.614353
1212 362.858343
1216 363.221185
1220 363.467478
1224 363.849118
1228 364.146376
1232 364.485431
1236 364.785066
1240 365.033760
1244 365.362146
1248 365.710577
1252 366.067435
1256 366.470939
1260 366.832885
1264 367.143962
1268 367.385874
1272 367.686379
1276 367.976762
1280 368.320901
1284 368.637853
1288 368.913574
1292 369.197164
1296 369.496678
1300 369.746736
1304 370.115628
1308 370.373972
1312 370.662297
1316 371.054017
1320 371.318114
1324 371.616486
1328 371.935004
1332 372.280291
1336 372.596054
1340 372.902643
1344 373.169382
1348 373.517160
1352 373.845375
1356 374.177350
1360 374.513632
1364 374.858122
1368 375.236155
1372 375.583304
1376 375.990797
1380 376.292295
1384 376.712717
1388 377.083756
1392 377.416144
1396 377.753544
1400 378.109224
1404 378.536924
1408 378.929147
1412 379.250441
1416 379.625319
1420 380.039728
1424 380.384284
1428 380.750399
1432 381.119599
1436 381.527757
1440 381.923135
1444 382.248035
1448 382.624982
1452 383.032444
1456 383.414490
1460 383.803949
1464 384.094385
1468 384.440497
1472 384.830692
1476 385.211973
1480 385.569313
1484 385.925404
1488 386.330934
1492 386.666823
1496 387.094055
1500 387.586437
1504 388.025534
1508 388.503956
1512 388.839216
1516 389.337378
1520 389.766034
1524 390.203919
1528 390.667343
1532 391.055672
1536 391.627542
1540 392.210228
1544 392.681834
1548 393.106945
1552 393.435770
1556 393.871615
1560 394.279736
1564 394.743668
1568 395.031067
1572 395.322592
1576 395.826262
1580 396.199019
1584 396.673763
1588 397.073159
1592 397.417861
1596 397.906282
1600 398.208735
1604 398.515680
1608 398.957683
1612 399.325975
1616 399.541331
1620 399.901273
1624 400.202637
1628 400.429128
1632 400.746049
1636 401.013008
1640 401.219289
1644 401.448664
1648 401.703945
1652 401.859721
1656 402.063142
1660 402.245045
1664 402.419832
1668 402.625156
1672 402.725623
1676 402.842499
1680 402.917816
1684 403.107052
1688 403.322582
1692 403.504042
1696 403.650311
1700 403.765437
1704 403.880500
1708 404.072179
1712 404.250273
1716 404.416412
1720 404.630043
1724 404.781125
1728 404.933181
1732 405.143740
1736 405.289789
1740 405.441033
1744 405.601277
1748 405.850263
1752 405.962647
1756 406.074480
1760 406.111011
1764 406.179923
1768 406.267600
1772 406.310975
1776 406.352238
1780 406.421070
1784 406.402257
1788 406.454181
1792 406.466500
1796 406.501388
1800 406.494540
1804 406.485952
1808 406.489106
1812 406.510049
1816 406.503196
1820 406.474462
1824 406.428606
1828 406.493554
1832 406.512194
1836 406.565209
1840 406.636356
1844 406.664552
1848 406.695674
1852 406.755195
1856 406.800435
1860 406.876875
1864 406.979112
1868 407.029337
1872 407.130879
1876 407.193339
1880 407.190953
1884 407.246389
1888 407.278590
1892 407.363065
1896 407.376880
1900 407.464771
1904 407.458392
1908 407.481653
1912 407.459392
1916 407.494817
1920 407.521754
1924 407.597054
1928 407.668910
1932 407.677715
1936 407.709216
1940 407.818306
1944 407.801351
1948 407.856225
1952 407.888218
1956 407.961937
1960 407.930450
1964 408.017569
1968 408.080547
1972 408.007239
1976 407.932275
1980 407.906009
1984 407.872401
1988 407.818244
1992 407.754567
1996 407.670921
2000 407.589093
2004 407.550492
2008 407.508515
2012 407.360319
2016 407.285800
2020 407.175258
2024 407.054492
2028 406.972561
2032 406.818548
2036 406.653692
2040 406.615521
2044 406.550340
2048 406.526772
2052 406.468725
2056 406.346549
2060 406.281310
2064 406.246404
2068 406.191438
2072 406.172323
2076 406.119582
2080 406.112503
2084 406.078677
2088 406.063887
2092 406.019151
2096 406.067004
2100 406.117529
2104 406.218826
2108 406.322043
2112 406.370413
2116 406.492099
2120 406.611601
2124 406.706954
2128 406.843336
2132 406.979626
2136 407.042312
2140 407.074711
2144 407.116924
2148 407.189215
2152 407.207543
2156 407.315363
2160 407.325747
2164 407.334150
2168 407.332507
2172 407.320817
2176 407.268699
2180 407.209666
2184 407.150330
2188 407.095378
2192 406.938801
2196 406.898154
2200 406.842375
2204 406.765586
2208 406.704899
2212 406.610524
2216 406.539141
2220 406.431730
2224 406.378458
2228 406.298837
2232 406.251452
2236 406.163736
2240 406.122345
2244 406.049658
2248 405.996758
2252 405.904843
2256 405.848213
2260 405.772680
2264 405.709873
2268 405.647488
2272 405.592192
2276 405.509608
2280 405.490186
2284 405.411283
2288 405.346159
2292 405.322254
2296 405.246407
2300 405.206222
2304 405.136345
2308 405.057728
2312 404.972267
2316 404.877878
2320 404.821301
2324 404.761670
2328 404.732449
2332 404.661219
2336 404.566934
2340 404.530677
2344 404.494845
2348 404.438759
2352 404.358530
2356 404.363187
2360 404.329126
2364 404.277457
2368 404.267159
2372 404.241007
2376 404.199890
2380 404.204669
2384 404.232596
2388 404.211333
2392 404.231052
2396 404.203481
2400 404.192650
2404 404.209802
2408 404.180868
2412 404.194090
2416 404.179339
2420 404.213895
2424 404.200866
2428 404.227625
2432 404.203787
2436 404.251549
2440 404.262893
2444 404.238528
2448 404.258658
2452 404.229529
2456 404.208606
2460 404.153880
2464 404.197068
2468 404.192028
2472 404.225434
2476 404.235804
2480 404.244146
2484 404.268411
2488 404.255195
2492 404.248758
2496 404.282406
2500 404.295625
2504 404.309377
2508 404.344041
2512 404.407759
2516 404.420434
2520 404.452469
2524 404.501698
2528 404.527343
2532 404.564817
2536 404.578736
2540 404.605446
2544 404.660004
2548 404.727315
2552 404.822599
2556 404.924553
2560 404.978853
2564 405.080077
2568 405.168403
2572 405.245257
2576 405.329718
2580 405.438224
2584 405.505330
2588 405.551491
2592 405.649169
2596 405.736564
2600 405.812958
2604 405.873457
2608 405.871181
2612 405.873911
2616 405.917619
2620 405.959684
2624 405.966158
2628 405.929717
2632 405.935267
2636 405.922096
2640 405.910093
2644 405.888539
2648 405.862320
2652 405.888906
2656 405.866292
2660 405.845811
2664 405.832484
2668 405.812270
2672 405.855324
2676 405.898317
2680 405.892975
2684 405.966466
2688 405.971458
2692 406.009117
2696 406.075695
2700 406.139023
2704 406.175942
2708 406.266789
2712 406.342472
2716 406.409622
2720 406.432661
2724 406.523194
2728 406.600985
2732 406.681758
2736 406.750986
2740 406.859981
2744 406.950660
2748 406.981892
2752 407.057689
2756 407.143216
2760 407.178679
2764 407.222849
2768 407.271681
2772 407.329318
2776 407.379003
2780 407.458424
2784 407.523536
2788 407.540262
2792 407.649950
2796 407.677493
2800 407.754761
2804 407.797015
2808 407.785526
2812 407.820330
2816 407.861635
2820 407.910201
2824 407.924740
2828 407.953174
2832 407.992975
2836 408.011718
2840 408.039212
2844 408.041586
2848 408.130338
2852 408.162658
2856 408.196695
2860 408.213244
2864 408.290361
2868 408.319388
2872 408.326844
2876 408.321875
2880 408.337438
2884 408.366330
2888 408.452947
2892 408.486150
2896 408.528549
2900 408.558755
2904 408.608696
2908 408.660625
2912 408.776176
2916 408.854571
2920 408.892889
2924 408.921568
2928 408.923875
2932 408.967871
2936 409.004560
2940 409.111793
2944 409.177320
2948 409.239242
2952 409.324148
2956 409.352713
2960 409.405782
2964 409.457839
2968 409.527372
2972 409.615842
2976 409.694983
2980 409.772928
2984 409.836527
2988 409.849661
2992 409.860456
2996 409.850884
3000 409.878985
3004 409.900051
3008 409.929512
3012 409.962333
3016 409.972847
3020 410.016278
3024 410.020976
3028 410.052508
3032 410.086057
3036 410.128009
3040 410.173491
3044 410.235395
3048 410.300614
3052 410.337856
3056 410.406943
3060 410.469926
3064 410.513020
3068 410.599217
3072 410.669246
3076 410.765072
3080 410.788785
3084 410.829475
3088 410.930235
3092 411.021872
3096 411.104868
3100 411.178758
3104 411.272756
3108 411.354402
3112 411.417885
3116 411.514671
3120 411.619392
3124 411.702246
3128 411.765053
3132 411.820651
3136 411.909224
3140 411.972482
3144 412.049773
3148 412.128376
3152 412.205474
3156 412.286068
3160 412.293526
3164 412.335197
3168 412.394721
3172 412.418966
3176 412.463882
3180 412.500907
3184 412.494756
3188 412.459833
3192 412.452672
3196 412.509488
3200 412.530290
3204 412.540162
3208 412.577436
3212 412.578506
3216 412.598219
3220 412.666876
3224 412.629886
3228 412.648003
3232 412.616095
3236 412.597709
3240 412.549159
3244 412.539564
3248 412.523867
3252 412.510991
3256 412.544645
3260 412.516102
3264 412.506126
3268 412.528180
3272 412.572433
3276 412.567662
3280 412.601851
3284 412.664648
3288 412.704327
3292 412.787829
3296 412.823225
3300 412.862773
3304 412.905959
3308 412.916105
3312 413.003030
3316 413.093122
3320 413.169871
3324 413.214315
3328 413.307437
3332 413.369276
3336 413.495872
3340 413.576854
3344 413.633656
3348 413.725075
3352 413.792183
3356 413.879338
3360 413.969179
3364 414.032923
3368 414.126232
3372 414.182778
3376 414.237933
3380 414.295368
3384 414.379204
3388 414.445916
3392 414.512626
3396 414.563400
3400 414.634775
3404 414.688681
3408 414.733533
3412 414.791736
3416 414.870753
3420 414.925892
3424 414.977190
3428 415.063318
3432 415.170028
3436 415.236732
3440 415.322826
3444 415.383171
3448 415.469613
3452 415.556342
3456 415.652330
3460 415.704644
3464 415.762275
3468 415.850134
3472 415.951384
3476 416.053352
3480 416.173634
3484 416.262820
3488 416.395175
3492 416.503779
3496 416.624891
3500 416.726770
3504 416.841156
3508 416.971309
3512 417.074131
3516 417.179705
3520 417.290895
3524 417.425614
3528 417.516355
3532 417.618352
3536 417.713470
3540 417.828520
3544 417.884013
3548 417.933250
3552 417.991856
3556 418.060667
3560 418.115451
3564 418.179716
3568 418.216379
3572 418.233136
3576 418.228590
3580 418.260223
3584 418.272531
3588 418.253311
3592 418.264260
3596 418.254481
3600 418.282323
3604 418.310787
3608 418.292352
3612 418.282074
3616 418.275854
3620 418.280800
3624 418.263715
3628 418.257270
3632 418.198916
3636 418.185834
3640 418.165013
3644 418.157391
3648 418.140909
3652 418.129463
3656 418.099972
3660 418.080608
3664 418.048181
3668 418.017845
3672 418.029097
3676 417.963796
3680 417.960825
3684 417.961047
3688 417.968515
3692 417.968183
3696 417.972633
3700 417.979623
3704 418.014197
3708 418.059381
3712 418.084406
3716 418.126228
3720 418.209368
3724 418.241321
3728 418.291995
3732 418.315340
3736 418.393695
3740 418.451599
3744 418.528103
3748 418.574350
3752 418.626056
3756 418.688774
3760 418.735046
3764 418.794970
3768 418.866547
3772 418.927030
3776 418.971082
3780 418.978437
3784 419.026227
3788 419.076449
3792 419.129401
3796 419.194893
3800 419.208087
3804 419.205108
3808 419.209821
3812 419.256607
3816 419.226146
3820 419.214576
3824 419.260002
3828 419.270081
3832 419.284458
3836 419.293724
3840 419.296704
3844 419.320908
3848 419.338695
3852 419.305699
3856 419.321173
3860 419.341049
3864 419.359182
3868 419.377663
3872 419.377779
3876 419.420603
3880 419.464124
3884 419.483053
3888 419.480498
3892 419.470742
3896 419.487686
3900 419.548902
3904 419.568124
3908 419.584025
3912 419.602159
3916 419.674432
3920 419.700139
3924 419.703620
3928 419.712192
3932 419.719488
3936 419.735088
3940 419.747920
3944 419.760984
3948 419.769685
3952 419.755415
3956 419.768709
3960 419.795256
3964 419.807833
3968 419.819170
3972 419.825191
3976 419.811120
3980 419.811514
3984 419.801607
3988 419.781412
3992 419.758363
3996 419.745831
4000 419.708141
4004 419.667570
4008 419.677146
4012 419.673658
4016 419.664540
4020 419.663368
4024 419.649822
4028 419.603108
4032 419.607599
4036 419.600873
4040 419.610166
4044 419.608621
4048 419.632549
4052 419.608018
4056 419.614167
4060 419.670864
4064 419.679849
4068 419.706844
4072 419.717947
4076 419.764729
4080 419.792377
4084 419.837801
4088 419.907397
4092 419.945012
4096 419.990935
4100 420.023089
4104 420.070721
4108 420.120420
4112 420.172833
4116 420.200124
4120 420.261845
4124 420.301645
4128 420.323828
4132 421.085546
4136 421.091656
4140 421.105723
4144 421.143751
4148 421.159747
4152 421.204686
4156 421.223212
4160 421.244044
4164 421.263472
4168 421.264527
4172 421.283006
4176 421.302281
4180 421.350816
4184 421.343219
4188 421.338940
4192 421.370578
4196 421.377441
4200 421.428581
4204 421.449884
4208 421.499874
4212 421.536623
4216 421.554081
4220 421.574724
4224 421.598860
4228 421.603511
4232 421.646404
4236 421.653891
4240 421.688477
4244 421.708656
4248 422.437242
4252 422.463102
4256 422.457296
4260 422.458469
4264 422.485340
4268 422.508088
4272 422.536604
4276 422.545028
4280 422.560908
4284 422.592973
4288 422.595328
4292 422.585647
4296 422.616945
4300 422.633751
4304 422.653987
4308 422.654863
4312 422.662226
4316 422.689516
4320 422.702295
4324 422.747864
4328 422.751417
4332 422.798462
4336 422.831971
4340 422.875971
4344 422.935728
4348 422.984273
4352 422.981942
4356 423.032686
4360 423.120821
4364 423.182448
4368 423.221373
4372 423.960119
4376 424.019003
4380 424.099188
4384 424.179477
4388 424.247329
4392 424.315299
4396 424.372154
4400 424.435052
4404 424.487000
4408 424.541119
4412 424.587329
4416 424.664061
4420 424.726037
4424 424.796383
4428 424.842150
4432 424.906026
4436 424.963789
4440 425.012023
4444 425.081550
4448 425.165189
4452 425.217242
4456 425.268393
4460 425.323423
4464 425.384004
4468 425.427334
4472 425.501002
4476 425.566104
4480 425.625771
4484 425.676656
4488 425.732145
4492 425.767425
4496 425.812998
4500 425.859579
4504 425.941519
4508 426.024002
4512 426.053956
4516 426.098483
4520 426.158222
4524 426.195838
4528 426.245548
4532 426.266923
4536 426.308302
4540 426.348352
4544 426.359378
4548 426.399865
4552 426.442844
4556 426.445475
4560 426.504850
4564 426.533441
4568 426.579890
4572 426.595143
4576 426.579553
4580 426.602258
4584 426.635042
4588 426.648782
4592 426.673464
4596 426.659871
4600 426.652952
4604 426.655854
4608 426.648496
4612 426.666148
4616 426.684468
4620 426.681909
4624 426.676425
4628 426.687461
4632 426.675169
4636 426.656686
4640 426.636691
4644 426.622063
4648 426.600858
4652 426.609211
4656 426.592156
4660 426.575053
4664 426.547439
4668 426.523795
4672 426.529219
4676 426.504723
4680 426.490109
4684 426.465015
4688 426.446478
4692 426.448595
4696 426.435071
4700 426.403474
4704 426.383070
4708 426.354999
4712 426.366953
4716 426.363830
4720 426.343790
4724 426.331855
4728 426.311904
4732 426.296574
4736 426.314042
4740 426.316896
4744 426.287726
4748 426.276370
4752 426.256973
4756 426.259414
4760 426.205751
4764 426.194791
4768 426.178060
4772 426.158428
4776 426.149400
4780 426.122397
4784 426.100591
4788 426.087724
4792 426.069636
4796 426.033867
4800 426.005363
4804 425.964829
4808 425.947376
4812 425.925785
4816 425.912120
4820 425.879177
4824 425.849105
4828 425.820702
4832 425.773814
4836 425.740882
4840 425.716492
4844 425.695739
4848 425.648299
4852 425.626417
4856 425.591241
4860 425.562921
4864 425.540618
4868 425.496019
4872 425.474558
4876 425.456685
4880 425.423203
4884 425.382028
4888 425.331150
4892 425.290634
4896 425.262282
4900 425.266173
4904 425.264431
4908 425.251651
4912 425.219750
4916 425.201241
4920 425.184260
4924 425.167303
4928 425.173244
4932 425.132657
4936 425.105234
4940 425.096288
4944 425.094299
4948 425.077920
4952 425.077982
4956 425.070612
4960 425.061425
4964 425.078145
4968 425.076167
4972 425.063382
4976 425.067672
4980 425.057212
4984 425.060876
4988 425.091439
4992 425.093318
4996 425.099361
5000 425.117773
5004 425.101508
5008 425.132663
5012 425.165832
5016 425.202111
5020 425.238748
5024 425.256773
5028 425.268272
5032 425.310062
5036 425.336959
5040 425.386826
5044 425.434522
5048 425.491672
5052 425.507845
5056 425.515817
5060 425.541719
5064 425.555062
5068 425.585791
5072 425.645283
5076 425.655021
5080 425.695163
5084 425.704189
5088 425.724694
5092 425.750353
5096 425.799529
5100 425.830105
5104 425.869233
5108 425.874253
5112 425.880830
5116 425.905645
5120 425.928079
5124 425.945619
5128 425.942208
5132 425.963950
5136 425.965878
5140 425.976595
5144 425.977431
5148 425.980664
5152 426.002901
5156 426.023695
5160 426.022577
5164 426.022612
5168 426.038642
5172 425.997942
5176 425.974815
5180 425.967572
5184 425.961092
5188 425.964249
5192 425.962431
5196 425.985715
5200 426.000893
5204 425.990358
5208 425.967427
5212 425.966596
5216 425.955822
5220 425.954974
5224 425.928869
5228 425.931289
5232 425.922793
5236 425.916927
5240 425.906353
5244 425.916866
5248 425.916539
5252 425.934260
5256 425.963064
5260 425.977801
5264 425.975381
5268 426.000760
5272 425.995868
5276 426.024274
5280 426.070051
5284 426.084841
5288 426.134435
5292 426.170913
5296 426.205722
5300 426.225767
5304 426.284386
5308 426.332727
5312 426.376644
5316 426.431542
5320 426.509668
5324 426.555058
5328 426.602000
5332 426.650879
5336 426.701238
5340 426.740135
5344 426.797249
5348 426.849587
5352 426.891780
5356 426.933816
5360 426.963778
5364 427.024907
5368 427.081735
5372 427.133810
5376 427.193275
5380 427.230830
5384 427.269153
5388 427.320012
5392 427.353557
5396 427.400239
5400 427.446082
5404 427.478169
5408 427.529268
5412 427.550036
5416 427.598438
5420 427.645316
5424 427.692256
5428 427.726658
5432 427.792662
5436 427.834453
5440 427.880343
5444 427.918354
5448 427.958031
5452 427.994712
5456 428.017978
5460 428.039987
5464 428.094163
5468 428.114478
5472 428.123260
5476 428.150554
5480 428.187399
5484 428.237779
5488 428.257313
5492 428.292939
5496 428.346041
5500 428.408635
5504 428.446761
5508 428.503226
5512 428.507997
5516 428.558096
5520 428.582436
5524 428.613585
5528 428.655156
5532 428.676232
5536 428.722360
5540 428.760186
5544 428.781878
5548 428.826890
5552 428.858390
5556 428.883139
5560 428.897760
5564 428.934712
5568 428.959194
5572 428.990848
5576 428.995201
5580 429.005439
5584 429.049674
5588 429.068478
5592 429.074992
5596 429.095014
5600 429.109274
5604 429.128606
5608 429.135306
5612 429.163448
5616 429.193786
5620 429.218698
5624 429.257354
5628 429.272660
5632 429.295781
5636 429.302778
5640 429.314308
5644 429.355004
5648 429.369701
5652 429.385199
5656 429.400526
5660 429.414866
5664 429.414705
5668 429.422151
5672 429.456193
5676 429.503323
5680 429.529023
5684 429.543465
5688 429.584142
5692 429.616949
5696 429.652208
5700 429.663080
5704 429.710380
5708 429.750917
5712 429.793347
5716 429.808815
5720 429.844925
5724 429.873255
5728 429.864085
5732 429.895488
5736 429.923934
5740 429.938644
5744 429.971923
5748 429.992637
5752 430.002824
5756 429.990553
5760 429.999037
5764 430.005929
5768 429.998399
5772 429.992072
5776 429.983006
5780 429.968139
5784 429.954849
5788 429.937709
5792 429.934302
5796 429.914548
5800 429.892281
5804 429.865464
5808 429.849988
5812 429.839918
5816 429.824879
5820 429.808297
5824 429.783230
5828 429.757719
5832 429.748802
5836 429.732979
5840 429.710918
5844 429.689419
5848 429.671113
5852 429.653268
5856 429.631012
5860 429.634491
5864 429.631463
5868 429.621170
5872 429.606341
5876 429.596303
5880 429.583753
5884 429.573766
5888 429.598037
5892 429.583113
5896 429.569372
5900 429.554859
5904 429.562076
5908 429.561175
5912 429.564972
5916 429.579538
5920 429.586807
5924 429.598087
5928 429.614241
5932 429.616905
5936 429.611221
5940 429.617775
5944 429.638860
5948 429.620042
5952 429.618709
5956 429.608895
5960 429.614671
5964 429.612195
5968 429.609566
5972 429.621273
5976 429.609462
5980 429.609244
5984 429.599853
5988 429.582237
5992 429.577418
5996 429.577982
6000 429.589743
6004 429.596408
6008 429.602836
6012 429.617224
6016 429.632196
6020 429.628814
6024 429.629326
6028 429.639744
6032 429.651400
6036 429.639049
6040 429.652867
6044 429.651011
6048 429.666660
6052 429.658440
6056 429.681739
6060 429.717184
6064 429.756768
6068 429.769715
6072 429.780208
6076 429.808950
6080 429.830263
6084 429.838744
6088 429.855281
6092 429.877125
6096 429.881437
6100 429.906741
6104 429.940304
6108 429.963051
6112 429.985583
6116 430.014128
6120 430.038951
6124 430.066343
6128 430.088705
6132 430.109996
6136 430.141051
6140 430.146374
6144 430.161805
6148 430.190026
6152 430.216745
6156 430.257316
6160 430.272002
6164 430.278102
6168 430.275948
6172 430.298593
6176 430.332509
6180 430.355902
6184 430.363188
6188 430.378331
6192 430.367312
6196 430.368982
6200 430.395041
6204 430.410056
6208 430.416465
6212 430.426053
6216 430.416070
6220 430.412277
6224 430.414227
6228 430.446102
6232 430.437447
6236 430.459411
6240 430.478307
6244 430.510536
6248 430.533197
6252 430.543199
6256 430.552325
6260 430.540082
6264 430.553581
6268 430.569125
6272 430.576440
6276 430.574202
6280 430.576219
6284 430.588503
6288 430.619912
6292 430.641591
6296 430.656725
6300 430.705316
6304 430.719066
6308 430.725697
6312 430.723834
6316 430.739250
6320 430.750187
6324 430.742721
6328 430.747824
6332 430.751227
6336 430.752988
6340 430.761051
6344 430.784556
6348 430.795960
6352 430.826678
6356 430.833118
6360 430.847371
6364 430.847050
6368 430.848093
6372 430.848775
6376 430.877669
6380 430.893149
6384 430.881920
6388 430.908931
6392 430.919479
6396 430.940612
6400 430.957477
6404 430.989398
6408 430.991639
6412 431.027041
6416 431.017675
6420 431.024740
6424 431.024470
6428 431.030521
6432 431.047714
6436 431.060688
6440 431.087037
6444 431.099601
6448 431.115620
6452 431.131594
6456 431.150054
6460 431.156215
6464 431.172306
6468 431.175115
6472 431.216603
6476 431.238475
6480 431.264595
6484 431.292445
6488 431.314818
6492 431.335350
6496 431.358950
6500 431.392772
6504 431.410770
6508 431.433315
6512 431.457736
6516 431.494742
6520 431.506322
6524 431.532249
6528 431.559941
6532 431.604428
6536 431.633844
6540 431.681499
6544 431.700460
6548 431.713528
6552 431.756869
6556 431.788958
6560 431.793642
6564 431.802561
6568 431.814072
6572 431.829769
6576 431.848120
6580 431.852635
6584 431.868244
6588 431.899989
6592 431.902709
6596 431.910369
6600 431.895920
6604 431.891737
6608 431.889927
6612 431.889852
6616 431.900005
6620 431.892919
6624 431.901853
6628 431.922363
6632 431.914524
6636 431.931770
6640 431.950434
6644 431.963372
6648 431.970526
6652 431.973892
6656 431.985895
6660 432.017794
6664 432.048541
6668 432.064526
6672 432.114351
6676 432.161283
6680 432.190555
6684 432.222866
6688 432.242878
6692 432.269586
6696 432.288226
6700 432.325973
6704 432.346423
6708 432.372951
6712 432.392852
6716 432.402723
6720 432.408952
6724 432.422262
6728 432.436460
6732 432.436786
6736 432.451640
6740 432.462995
6744 432.479012
6748 432.504717
6752 432.508063
6756 432.508086
6760 432.495074
6764 432.494265
6768 432.489061
6772 432.495446
6776 432.482258
6780 432.475627
6784 432.467961
6788 432.452263
6792 432.438844
6796 432.428111
6800 432.411474
6804 432.394342
6808 432.386790
6812 432.373758
6816 432.361149
6820 432.363421
6824 432.340859
6828 432.332176
6832 432.318309
6836 432.312045
6840 432.296213
6844 432.298519
6848 432.301338
6852 432.293320
6856 432.273316
6860 432.255904
6864 432.233406
6868 432.226850
6872 432.199418
6876 432.184515
6880 432.163357
6884 432.156023
6888 432.137392
6892 432.138996
6896 432.114233
6900 432.105023
6904 432.095800
6908 432.088517
6912 432.085873
6916 432.078392
6920 432.061078
6924 432.062614
6928 432.050766
6932 432.045516
6936 432.050751
6940 432.042168
6944 432.036555
6948 432.034838
6952 432.035998
6956 432.017203
6960 432.014059
6964 431.999345
6968 431.980662
6972 431.976315
6976 431.958495
6980 431.948254
6984 431.933019
6988 431.918424
6992 431.913108
6996 431.903458
7000 431.898979
7004 431.879530
7008 431.874592
7012 431.858722
7016 431.849279
7020 431.844314
7024 431.835216
7028 431.846652
7032 431.840132
7036 431.834171
7040 431.829896
7044 431.829263
7048 431.825191
7052 431.824895
7056 431.839013
7060 431.841205
7064 431.840173
7068 431.826579
7072 431.837781
7076 431.853772
7080 431.864990
7084 431.859062
7088 431.859874
7092 431.868892
7096 431.865596
7100 431.857303
7104 431.854237
7108 431.845912
7112 431.837910
7116 431.846610
7120 431.866934
7124 431.871505
7128 431.868692
7132 431.852149
7136 431.857779
7140 431.854700
7144 431.845261
7148 431.844294
7152 431.833195
7156 431.829181
7160 431.802771
7164 431.802354
7168 431.774248
7172 431.754793
7176 431.733828
7180 431.716548
7184 431.708020
7188 431.698846
7192 431.690553
7196 431.688008
7200 431.685998
7204 431.661901
7208 431.641229
7212 431.636041
7216 431.631848
7220 431.622369
7224 431.620003
7228 431.600027
7232 431.584790
7236 431.584795
7240 431.586790
7244 431.586868
7248 431.596400
7252 431.588446
7256 431.583521
7260 431.580440
7264 431.584686
7268 431.588166
7272 431.599126
7276 431.603386
7280 431.621010
7284 431.653765
7288 431.664261
7292 431.675072
7296 431.680498
7300 431.698423
7304 431.722227
7308 431.744896
7312 431.758879
7316 431.760305
7320 431.771975
7324 431.757156
7328 431.773014
7332 431.786781
7336 431.813681
7340 431.831176
7344 431.846879
7348 431.866437
7352 431.892444
7356 431.893178
7360 431.916381
7364 431.926399
7368 431.941666
7372 431.958517
7376 431.973096
7380 432.013412
7384 432.040347
7388 432.069021
7392 432.097772
7396 432.110689
7400 432.125244
7404 432.157850
7408 432.190600
7412 432.217799
7416 432.252556
7420 432.283156
7424 432.306918
7428 432.323679
7432 432.358849
7436 432.392557
7440 432.422429
7444 432.440651
7448 432.458001
7452 432.507316
7456 432.559558
7460 432.569685
7464 432.595564
7468 432.642353
7472 432.685974
7476 432.718743
7480 432.762105
7484 432.799517
7488 432.850146
7492 432.894577
7496 432.913963
7500 432.946691
7504 432.972145
7508 432.985551
7512 432.991217
7516 433.002498
7520 433.006737
7524 433.017785
7528 433.027155
7532 433.043779
7536 433.042424
7540 433.058474
7544 433.056247
7548 433.085570
7552 433.075976
7556 433.072820
7560 433.078270
7564 433.076477
7568 433.072928
7572 433.078209
7576 433.084904
7580 433.087070
7584 433.088945
7588 433.111230
7592 433.121490
7596 433.123392
7600 433.139684
7604 433.159642
7608 433.172764
7612 433.182978
7616 433.183055
7620 433.189941
7624 433.211508
7628 433.228967
7632 433.230017
7636 433.230274
7640 433.242545
7644 433.258016
7648 433.272782
7652 433.291005
7656 433.318935
7660 433.333744
7664 433.352015
7668 433.369258
7672 433.397881
7676 433.423815
7680 433.441393
7684 433.456473
7688 433.481511
7692 433.510886
7696 433.526864
7700 433.545927
7704 433.567572
7708 433.605102
7712 433.627255
7716 433.632361
7720 433.645529
7724 433.650969
7728 433.648244
7732 433.653112
7736 433.642181
7740 433.654652
7744 433.659598
7748 433.689130
7752 433.695588
7756 433.695589
7760 433.709830
7764 433.716316
7768 433.721068
7772 433.724792
7776 433.726177
7780 433.720324
7784 433.705510
7788 433.701401
7792 433.700941
7796 433.712576
7800 433.710873
7804 433.709030
7808 433.720602
7812 433.721064
7816 433.712802
7820 433.700929
7824 433.713840
7828 433.697552
7832 433.705585
7836 433.705512
7840 433.704412
7844 433.722397
7848 433.724839
7852 433.717464
7856 433.711998
7860 433.716542
7864 433.714412
7868 433.731453
7872 433.730855
7876 433.738200
7880 433.728691
7884 433.750382
7888 433.771991
7892 433.792415
7896 433.806165
7900 433.803986
7904 433.809276
7908 433.832710
7912 433.838938
7916 433.862207
7920 433.868408
7924 433.894616
7928 433.905261
7932 433.916101
7936 433.924368
7940 433.921882
7944 433.943498
7948 433.948990
7952 433.964936
7956 433.959204
7960 433.964247
7964 433.965949
7968 433.971927
7972 433.973246
7976 433.962517
7980 433.967281
7984 433.972385
7988 433.961353
7992 433.965963
7996 433.949610
8000 433.946794
8004 433.941636
8008 433.935783
8012 433.941100
8016 433.928879
8020 433.934714
8024 433.943873
8028 433.946161
8032 433.944369
8036 433.953787
8040 433.970169
8044 433.970719
8048 433.967617
8052 433.984501
8056 433.994707
8060 434.004054
8064 434.025469
8068 434.043245
8072 434.054107
8076 434.060450
8080 434.084455
8084 434.104455
8088 434.126960
8092 434.147852
8096 434.155287
8100 434.160782
8104 434.160060
8108 434.160310
8112 434.169548
8116 434.167698
8120 434.175965
8124 434.177408
8128 434.182119
8132 434.174929
8136 434.165661
8140 434.162712
8144 434.148125
8148 434.150570
8152 434.144504
8156 434.145241
8160 434.133340
8164 434.123700
8168 434.118925
8172 434.117073
8176 434.118544
8180 434.127330
8184 434.118566
8188 434.109869
8192 434.099574
8196 434.086504
8200 434.084947
8204 434.076664
8208 434.073969
8212 434.055265
8216 434.053995
8220 434.032725
8224 434.012605
8228 433.995626
8232 433.986256
8236 433.983900
8240 433.973961
8244 433.976240
8248 433.970954
8252 433.949641
8256 433.930430
8260 433.920083
8264 433.900182
8268 433.897138
8272 433.879982
8276 433.874273
8280 433.855846
8284 433.833393
8288 433.813006
8292 433.810392
8296 433.810441
8300 433.804680
8304 433.798916
8308 433.788677
8312 433.775047
8316 433.773020
8320 433.768535
8324 433.773612
8328 433.770062
8332 433.758319
8336 433.736825
8340 433.736382
8344 433.735531
8348 433.736540
8352 433.732050
8356 433.740264
8360 433.730919
8364 433.743996
8368 433.742902
8372 433.761080
8376 433.744066
8380 433.738574
8384 433.720765
8388 433.723929
8392 433.713099
8396 433.707853
8400 433.714092
8404 433.710979
8408 433.703283
8412 433.722810
8416 433.728307
8420 433.744738
8424 433.739521
8428 433.721360
8432 433.727461
8436 433.731753
8440 433.730802
8444 433.718823
8448 433.709163
8452 433.711965
8456 433.700080
8460 433.689395
8464 433.671310
8468 433.679131
8472 433.684889
8476 433.678251
8480 433.663951
8484 433.656923
8488 433.877171
8492 433.882216
8496 433.886270
8500 433.873999
8504 433.848726
8508 433.855070
8512 433.872487
8516 433.854260
8520 433.840438
8524 433.825213
8528 433.824678
8532 433.813379
8536 433.817718
8540 433.821296
8544 433.819491
8548 433.820363
8552 433.812341
8556 433.815384
8560 433.798976
8564 433.797719
8568 433.797527
8572 433.790119
8576 433.780560
8580 433.792755
8584 433.807022
8588 433.811304
8592 433.825496
8596 433.837387
8600 433.847065
8604 433.850077
8608 433.849617
8612 433.862505
8616 433.879930
8620 433.875567
8624 433.884865
8628 433.878748
8632 433.885314
8636 433.878736
8640 433.868010
8644 433.875446
8648 433.872494
8652 433.875502
8656 433.884870
8660 433.889206
8664 433.896356
8668 433.918677
8672 433.933452
8676 433.919223
8680 433.919036
8684 433.909340
8688 433.906457
8692 433.904403
8696 433.895510
8700 433.890330
8704 433.882961
8708 433.885060
8712 433.882994
8716 433.882103
8720 433.868412
8724 433.870611
8728 433.858837
8732 433.849320
8736 433.837543
8740 433.821510
8744 433.817814
8748 433.799906
8752 433.780457
8756 433.762260
8760 433.760711
8764 433.744008
8768 433.736509
8772 433.721985
8776 433.704820
8780 433.699829
8784 433.673708
8788 433.644067
8792 433.621192
8796 433.611508
8800 433.602456
8804 433.578507
8808 433.560775
8812 433.553959
8816 433.538048
8820 433.527274
8824 433.523847
8828 433.515947
8832 433.517915
8836 433.503292
8840 433.495061
8844 433.503354
8848 433.504379
8852 433.497651
8856 433.496350
8860 433.484703
8864 433.470940
8868 433.468385
8872 433.466642
8876 433.466545
8880 433.460375
8884 433.451747
8888 433.456093
8892 433.445317
8896 433.445564
8900 433.453707
8904 433.446406
8908 433.444049
8912 433.440858
8916 433.435169
8920 433.417368
8924 433.414626
8928 433.407832
8932 433.388841
8936 433.383065
8940 433.380313
8944 433.375831
8948 433.364391
8952 433.358023
8956 433.359871
8960 433.348127
8964 433.340220
8968 433.331054
8972 433.322218
8976 433.307299
8980 433.306577
8984 433.305671
8988 433.292836
8992 433.298668
8996 433.294111
9000 433.296191
9004 433.296055
9008 433.297511
9012 433.294130
9016 433.284076
9020 433.309136
9024 433.294466
9028 433.300264
9032 433.293567
9036 433.295267
9040 433.306416
9044 433.312674
9048 433.328263
9052 433.330879
9056 433.332686
9060 433.341347
9064 433.367718
9068 433.372726
9072 433.386857
9076 433.406161
9080 433.407188
9084 433.419821
9088 433.425920
9092 433.416644
9096 433.407490
9100 433.404835
9104 433.402233
9108 433.395984
9112 433.398126
9116 433.396975
9120 433.398769
9124 433.412613
9128 433.428461
9132 433.420716
9136 433.434244
9140 433.420202
9144 433.403097
9148 433.397083
9152 433.380804
9156 433.372074
9160 433.369266
9164 433.363206
9168 433.354353
9172 433.368389
9176 433.345527
9180 433.335036
9184 433.321066
9188 433.309545
9192 433.302509
9196 433.285801
9200 433.269847
9204 433.250906
9208 433.235941
9212 433.201609
9216 433.198382
9220 433.176447
9224 433.156354
9228 433.129926
9232 433.110857
9236 433.091272
9240 433.072901
9244 433.061624
9248 433.049530
9252 433.034514
9256 433.002458
9260 432.982497
9264 432.957184
9268 432.931187
9272 432.912497
9276 432.888398
9280 432.862333
9284 432.843863
9288 432.824629
9292 432.807530
9296 432.778980
9300 432.758273
9304 432.728822
9308 432.705255
9312 432.690000
9316 432.665297
9320 432.643439
9324 432.624158
9328 432.596322
9332 432.580030
9336 432.554907
9340 432.529547
9344 432.500430
9348 432.480340
9352 432.459358
9356 432.441975
9360 432.424009
9364 432.402503
9368 432.384594
9372 432.366806
9376 432.347065
9380 432.331412
9384 432.319680
9388 432.295243
9392 432.281448
9396 432.270280
9400 432.255555
9404 432.237771
9408 432.216640
9412 432.194195
9416 432.173457
9420 432.158995
9424 432.153435
9428 432.148413
9432 432.146863
9436 432.132065
9440 432.115969
9444 432.093024
9448 432.082874
9452 432.062645
9456 432.051217
9460 432.042234
9464 432.028548
9468 432.026171
9472 432.016204
9476 431.999615
9480 431.984476
9484 431.962698
9488 431.940772
9492 431.910882
9496 431.911367
9500 431.889553
9504 431.871609
9508 431.845402
9512 431.841418
9516 431.816490
9520 431.793128
9524 431.775635
9528 431.754441
9532 431.718608
9536 431.684692
9540 431.671762
9544 431.646826
9548 431.629223
9552 431.601026
9556 431.568673
9560 431.535590
9564 431.505980
9568 431.480787
9572 431.452263
9576 431.424388
9580 431.400374
9584 431.378187
9588 431.363628
9592 431.353717
9596 431.335858
9600 431.328626
9604 431.324913
9608 431.302903
9612 431.283992
9616 431.259572
9620 431.245621
9624 431.229613
9628 431.218668
9632 431.209021
9636 431.208372
9640 431.210165
9644 431.210516
9648 431.204190
9652 431.207517
9656 431.216222
9660 431.211917
9664 431.196045
9668 431.185979
9672 431.178373
9676 431.166394
9680 431.161693
9684 431.167120
9688 431.175885
9692 431.162024
9696 431.162528
9700 431.162159
9704 431.172354
9708 431.169704
9712 431.166329
9716 431.165998
9720 431.170024
9724 431.166512
9728 431.166620
9732 431.158126
9736 431.153001
9740 431.145506
9744 431.134341
9748 431.127832
9752 431.120737
9756 431.120234
9760 431.116800
9764 431.106442
9768 431.110074
9772 431.117506
9776 431.108750
9780 431.100993
9784 431.089034
9788 431.094051
9792 431.080891
9796 431.072989
9800 431.068690
9804 431.062319
9808 431.054978
9812 431.056656
9816 431.055300
9820 431.050106
9824 431.043070
9828 431.043275
9832 431.043798
9836 431.044137
9840 431.051711
9844 431.045220
9848 431.055391
9852 431.054267
9856 431.055963
9860 431.057552
9864 431.072376
9868 431.077538
9872 431.090441
9876 431.086209
9880 431.088834
9884 431.094211
9888 431.096697
9892 431.100290
9896 431.103613
9900 431.121452
9904 431.119368
9908 431.119018
9912 431.120536
9916 431.138609
9920 431.156804
9924 431.159238
9928 431.171348
9932 431.183108
9936 431.191738
9940 431.208040
9944 431.218086
9948 431.224584
9952 431.241480
9956 431.264511
9960 431.268350
9964 431.277896
9968 431.284871
9972 431.298843
9976 431.313015
9980 431.322984
9984 431.338025
9988 431.355793
9992 431.380308
9996 431.386487
10000 431.397318
10004 431.410945
10008 431.424564
10012 431.432363
10016 431.454914
10020 431.470979
10024 431.483329
10028 431.505266
10032 431.523869
10036 431.532977
10040 431.548555
10044 431.567656
10048 431.588175
10052 431.595789
10056 431.610062
10060 431.632339
10064 431.644565
10068 431.654335
10072 431.663629
10076 431.678631
10080 431.699721
10084 431.708464
10088 431.704449
10092 431.719579
10096 431.742033
10100 431.770560
10104 431.791532
10108 431.791543
10112 431.787846
10116 431.801901
10120 431.807788
10124 431.798333
10128 431.814784
10132 431.819596
10136 431.824938
10140 431.839797
10144 431.838482
10148 431.841285
10152 431.838686
10156 431.838682
10160 431.848929
10164 431.846027
10168 431.867075
10172 431.876871
10176 431.863545
10180 431.859585
10184 431.870259
10188 431.872278
10192 431.871656
10196 432.026657
10200 432.024606
10204 432.026100
10208 432.023357
10212 432.020223
10216 432.025740
10220 432.025386
10224 432.036734
10228 432.035729
10232 432.033750
10236 432.028033
10240 432.025773
10244 432.020088
10248 432.029330
10252 432.037022
10256 432.030595
10260 432.040491
10264 432.041648
10268 432.037730
10272 432.033132
10276 432.023568
10280 432.027942
10284 432.024957
10288 432.027483
10292 432.032127
10296 432.029866
10300 432.034130
10304 432.046408
10308 432.042589
10312 432.039527
10316 432.030922
10320 432.048421
10324 432.053855
10328 432.050587
10332 432.044197
10336 432.044335
10340 431.537695
10344 431.555147
10348 431.669962
10352 431.696813
10356 431.704862
10360 431.729116
10364 431.745470
10368 431.754261
10372 431.773389
10376 431.832443
10380 431.943819
10384 432.075524
10388 432.088265
10392 431.892562
10396 432.153290
10400 432.524424
10404 432.757583
10408 433.204763
10412 433.506885
10416 433.682960
10420 434.499920
10424 434.678202
10428 435.074416
10432 435.770909
10436 436.382768
10440 436.820112
10444 437.182063
10448 437.526970
10452 438.327903
10456 439.031260
10460 440.085823
10464 439.850504
10468 440.919419
10472 442.038811
10476 443.735313
10480 444.881984
10484 446.045600
10488 447.108666
10492 449.628878
10496 452.352023
10500 454.230954
10504 455.440579
10508 457.828820
10512 459.906936
10516 463.451949
10520 464.326686
10524 468.184510
10528 471.723597
10532 467.412114
10536 470.169118
10540 472.702045
10544 481.129120
10548 485.252314
10552 487.489042
10556 497.495715
10560 504.227743
10564 515.131177
10568 532.344346
10572 542.485354
10576 555.358853
10580 561.604154
10584 568.210290
10588 578.043769
10592 604.945275
10596 639.765436
10600 666.127267
10604 666.064284
10608 699.598790
10612 699.567495
10616 699.471841
10620 699.389442
10624 699.281481
10628 794.419540
10632 794.322409
10636 794.313048
10640 794.391119
10644 794.328250
10648 794.305450
10652 794.290365
10656 794.370517
10660 794.335718
10664 794.295827
10668 794.206334
10672 794.094305
10676 793.972553
10680 793.840710
10684 793.857580
10688 793.983075
10692 793.953948
10696 793.946363
10700 793.822696
10704 793.661170
10708 793.525580
10712 793.502243
10716 793.432585
10720 793.344826
10724 793.208178
10728 793.257789
10732 793.248355
10736 793.109655
10740 793.076445
10744 792.997009
10748 792.866901
10752 792.723832
10756 792.768894
10760 792.670061
10764 792.580801
10768 792.540412
10772 792.548249
10776 792.484287
10780 792.488485
10784 782.214280
10788 772.849327
