0 675.741517
4 519.395031
8 449.298962
12 427.003462
16 418.749800
20 421.617942
24 417.893114
28 416.178364
32 418.015227
36 421.986671
40 424.914437
44 424.913512
48 425.663567
52 426.907804
56 427.751541
60 429.597808
64 430.871712
68 431.501757
72 430.936505
76 433.734232
80 434.854557
84 435.499212
88 435.887242
92 436.610110
96 435.366099
100 433.057133
104 431.238851
108 429.207461
112 426.021457
116 423.637796
120 420.592760
124 418.031456
128 414.888827
132 412.664804
136 409.327875
140 406.991078
144 404.692513
148 402.903669
152 401.859245
156 400.096384
160 397.848202
164 395.137603
168 392.940728
172 391.099639
176 389.586587
180 387.822934
184 386.516432
188 384.571306
192 383.478111
196 382.032058
200 380.501344
204 379.680539
208 378.498984
212 377.646627
216 376.955474
220 375.921770
224 374.599656
228 373.639434
232 372.561086
236 371.562961
240 370.734322
244 370.062204
248 369.342828
252 369.036374
256 368.543027
260 368.187307
264 367.611946
268 367.328174
272 366.499033
276 365.914443
280 365.431404
284 364.862755
288 364.042859
292 363.399263
296 362.843302
300 362.429708
304 361.936221
308 361.607279
312 360.987990
316 360.477035
320 359.929851
324 359.602935
328 359.321668
332 358.825676
336 358.438114
340 357.966938
344 357.618632
348 357.121276
352 356.757086
356 356.108894
360 355.843600
364 355.366552
368 355.002919
372 354.663659
376 354.315423
380 354.292141
384 354.080917
388 353.869926
392 353.505398
396 353.242473
400 352.964108
404 352.520204
408 352.236947
412 351.822128
416 351.546495
420 351.185738
424 351.053888
428 351.020759
432 350.900848
436 350.592638
440 350.409495
444 350.272470
448 349.937798
452 349.659249
456 349.643774
460 349.382102
464 349.248097
468 349.061335
472 348.787968
476 348.582834
480 348.442619
484 348.384273
488 348.077330
492 347.899194
496 347.842834
500 347.603299
504 347.545765
508 347.343360
512 347.236788
516 347.243045
520 346.992230
524 346.783623
528 346.615610
532 346.331627
536 346.252477
540 346.015332
544 346.071429
548 345.943306
552 345.895086
556 345.822567
560 345.522947
564 345.529372
568 345.312494
572 345.134250
576 345.062501
580 344.890823
584 344.609901
588 344.349839
592 344.242369
596 344.093668
600 343.993959
604 343.893584
608 343.736392
612 343.529477
616 343.550260
620 343.465498
624 343.357240
628 343.189194
632 343.046728
636 343.025234
640 342.965322
644 342.828551
648 342.671154
652 342.521186
656 342.387839
660 342.269126
664 342.246061
668 342.109083
672 342.124575
676 342.000545
680 341.960454
684 341.878306
688 341.770698
692 341.647404
696 341.631434
700 341.548458
704 341.449419
708 341.304504
712 341.131702
716 341.139789
720 341.080476
724 341.095970
728 341.091523
732 341.129253
736 341.198369
740 341.225833
744 341.180125
748 341.120909
752 341.047865
756 341.026734
760 340.886506
764 340.795521
768 340.697922
772 340.702203
776 340.675512
780 340.653297
784 340.661422
788 340.648176
792 340.602854
796 340.657972
800 340.600667
804 340.659406
808 340.594545
812 340.522726
816 340.484745
820 340.441133
824 340.340697
828 340.300532
832 340.176272
836 340.157687
840 340.135965
844 340.079556
848 339.994781
852 339.954012
856 339.921953
860 339.868582
864 339.866760
868 339.762609
872 339.680526
876 339.649346
880 339.501828
884 339.443146
888 339.370908
892 339.378376
896 339.422351
900 339.373572
904 339.395667
908 339.344942
912 339.252516
916 339.308224
920 339.207139
924 339.301854
928 339.262959
932 339.139966
936 339.094952
940 339.011087
944 339.060330
948 338.972277
952 338.906182
956 338.874025
960 338.872250
964 338.893995
968 338.844782
972 338.811618
976 338.781784
980 338.698173
984 338.728562
988 338.655824
992 338.599363
996 338.552543
1000 338.529059
1004 338.487260
1008 338.448005
1012 338.423783
1016 338.419848
1020 338.474594
1024 338.470941
1028 338.425418
1032 338.466741
1036 338.388509
1040 338.384371
1044 338.365852
1048 338.313219
1052 338.273750
1056 338.247431
1060 338.198028
1064 338.150850
1068 338.161785
1072 338.093529
1076 338.072419
1080 338.084382
1084 338.061855
1088 338.016109
1092 337.902294
1096 337.855589
1100 337.823695
1104 337.806811
1108 337.731143
1112 337.718297
1116 337.684456
1120 337.636214
1124 337.530358
1128 337.521682
1132 337.525803
1136 337.489081
1140 337.497458
1144 337.416539
1148 337.357920
1152 337.340870
1156 337.335825
1160 337.319272
1164 337.264011
1168 337.211761
1172 337.165193
1176 337.176863
1180 337.120478
1184 337.134850
1188 337.117132
1192 337.117508
1196 337.042205
1200 337.056586
1204 337.050218
1208 337.022170
1212 337.001795
1216 337.016633
1220 337.008216
1224 336.975007
1228 336.977196
1232 337.010337
1236 337.033227
1240 336.987309
1244 336.934181
1248 336.920736
1252 336.981070
1256 336.989256
1260 337.018805
1264 336.969957
1268 336.929163
1272 336.925727
1276 336.939697
1280 336.959035
1284 336.968280
1288 336.961681
1292 336.939455
1296 336.981064
1300 336.981980
1304 336.951635
1308 336.983902
1312 337.026939
1316 337.085773
1320 337.058886
1324 337.064372
1328 337.033257
1332 337.058289
1336 337.068344
1340 337.078916
1344 337.129895
1348 337.115124
1352 337.125069
1356 337.124244
1360 337.121372
1364 337.102780
1368 337.138167
1372 337.151374
1376 337.178148
1380 337.167625
1384 337.161748
1388 337.171225
1392 337.163222
1396 337.138223
1400 337.187217
1404 337.150824
1408 337.103741
1412 337.087653
1416 337.129187
1420 337.112403
1424 337.119746
1428 337.154602
1432 337.141212
1436 337.209012
1440 337.167225
1444 337.169954
1448 337.175855
1452 337.158929
1456 337.187005
1460 337.179509
1464 337.186379
1468 337.157101
1472 337.094523
1476 337.119023
1480 337.124574
1484 337.194650
1488 337.147715
1492 337.136419
1496 337.116149
1500 337.104085
1504 337.099804
1508 337.095783
1512 337.091193
1516 337.046863
1520 337.010285
1524 336.987694
1528 336.962921
1532 336.957025
1536 336.931974
1540 336.947363
1544 336.951822
1548 336.950596
1552 336.920493
1556 336.899779
1560 336.865639
1564 336.867279
1568 336.851143
1572 336.823436
1576 336.786447
1580 336.800244
1584 336.801839
1588 336.799104
1592 336.743860
1596 336.753354
1600 336.743625
1604 336.721543
1608 336.688809
1612 336.695886
1616 336.676143
1620 336.668007
1624 336.682347
1628 336.650613
1632 336.658216
1636 336.638353
1640 336.613785
1644 336.592203
1648 336.573513
1652 336.592247
1656 336.580479
1660 336.566934
1664 336.561183
1668 336.530679
1672 336.537193
1676 336.582659
1680 336.555434
1684 336.514656
1688 336.495894
1692 336.542058
1696 336.535325
1700 336.512801
1704 336.500941
1708 336.488626
1712 336.460005
1716 336.451830
1720 336.425777
1724 336.402834
1728 336.361591
1732 336.360388
1736 336.387988
1740 336.382969
1744 336.386056
1748 336.376123
1752 336.411402
1756 336.396662
1760 336.382982
1764 336.400521
1768 336.383069
1772 336.356877
1776 336.319847
1780 336.312626
1784 336.305793
1788 336.306738
1792 336.322492
1796 336.302453
1800 336.342700
1804 336.322311
1808 336.325849
1812 336.321941
1816 336.320771
1820 336.297331
1824 336.292833
1828 336.281263
1832 336.264525
1836 336.330164
1840 336.294194
1844 336.324882
1848 336.298367
1852 336.326711
1856 336.347755
1860 336.362936
1864 336.386013
1868 336.425898
1872 336.430186
1876 336.429622
1880 336.434334
1884 336.428695
1888 336.405787
1892 336.400378
1896 336.426447
1900 336.436894
1904 336.466512
1908 336.470275
1912 336.484286
1916 336.471723
1920 336.480315
1924 336.485104
1928 336.504304
1932 336.496916
1936 336.500620
1940 336.536713
1944 336.541512
1948 336.526156
1952 336.546811
1956 336.562354
1960 336.554504
1964 336.569995
1968 336.541978
1972 336.520907
1976 336.561794
1980 336.597086
1984 336.620162
1988 336.592798
1992 336.537610
1996 336.566310
2000 336.546622
2004 336.547216
2008 336.543005
2012 336.520228
2016 336.544130
2020 336.528672
2024 336.554205
2028 336.533797
2032 336.559074
2036 336.584787
2040 336.547641
2044 336.574222
2048 336.562061
2052 336.588790
2056 336.566617
2060 336.558444
2064 336.555076
2068 336.592225
2072 336.578580
2076 336.615171
2080 336.654047
2084 336.649444
2088 336.647843
2092 336.645592
2096 336.663102
2100 336.676930
2104 336.690662
2108 336.666942
2112 336.671917
2116 336.677315
2120 336.668533
2124 336.673645
2128 336.640737
2132 336.611204
2136 336.641232
2140 336.650961
2144 336.668845
2148 336.673552
2152 336.662180
2156 336.672963
2160 336.672890
2164 336.675172
2168 336.706685
2172 336.672248
2176 336.658202
2180 336.657097
2184 336.664378
2188 336.676958
2192 336.682272
2196 336.709441
2200 336.694071
2204 336.693692
2208 336.714346
2212 336.726500
2216 336.728379
2220 336.709880
2224 336.725707
2228 336.759072
2232 336.748583
2236 336.775779
2240 336.757639
2244 336.762537
2248 336.813785
2252 336.831491
2256 336.841207
2260 336.863084
2264 336.874822
2268 336.872541
2272 336.860470
2276 336.892458
2280 336.913762
2284 336.932047
2288 336.925320
2292 336.939802
2296 336.927506
2300 336.943946
2304 336.969801
2308 336.948400
2312 336.945043
2316 336.973656
2320 336.993656
2324 337.033606
2328 337.015942
2332 337.016363
2336 337.017445
2340 337.028048
2344 337.057644
2348 337.063393
2352 337.066724
2356 337.048429
2360 337.059196
2364 337.064115
2368 337.084288
2372 337.081830
2376 337.076350
2380 337.084172
2384 337.075884
2388 337.064248
2392 337.062919
2396 337.056687
2400 337.072745
2404 337.103837
2408 337.090807
2412 337.074497
2416 337.087229
2420 337.105000
2424 337.093425
2428 337.076859
2432 337.100578
2436 337.124128
2440 337.126769
2444 337.104420
2448 337.111479
2452 337.131583
2456 337.149837
2460 337.168725
2464 337.208013
2468 337.190157
2472 337.185471
2476 337.188141
2480 337.174781
2484 337.193318
2488 337.181688
2492 337.170577
2496 337.196687
2500 337.192305
2504 337.226063
2508 337.216928
2512 337.206019
2516 337.221080
2520 337.237671
2524 337.272086
2528 337.262388
2532 337.277764
2536 337.276368
2540 337.295150
2544 337.300948
2548 337.309292
2552 337.334007
2556 337.340585
2560 337.306168
2564 337.315288
2568 337.315168
2572 337.300312
2576 337.365980
2580 337.365283
2584 337.347648
2588 337.358331
2592 337.354571
2596 337.391209
2600 337.379708
2604 337.388758
2608 337.398778
2612 337.380964
2616 337.399656
2620 337.422199
2624 337.429030
2628 337.446478
2632 337.442747
2636 337.467793
2640 337.469886
2644 337.487714
2648 337.515235
2652 337.502950
2656 337.515237
2660 337.535211
2664 337.542589
2668 337.549003
2672 337.524473
2676 337.552240
2680 337.554380
2684 337.550330
2688 337.557083
2692 337.554814
2696 337.576523
2700 337.570225
2704 337.603393
2708 337.605412
2712 337.601065
2716 337.584404
2720 337.607054
2724 337.637237
2728 337.635794
2732 337.614578
2736 337.638750
2740 337.664952
2744 337.641546
2748 337.657466
2752 337.653213
2756 337.684923
2760 337.681719
2764 337.710949
2768 337.716575
2772 337.716635
2776 337.751803
2780 337.747173
2784 337.753404
2788 337.758570
2792 337.748684
2796 337.786073
2800 337.809128
2804 337.812820
2808 337.820389
2812 337.845700
2816 337.861680
2820 337.870934
2824 337.888320
2828 337.888783
2832 337.852592
2836 337.889579
2840 337.896391
2844 337.893544
2848 337.889631
2852 337.881984
2856 337.905668
2860 337.923027
2864 337.932974
2868 337.946868
2872 337.950790
2876 337.969066
2880 337.990413
2884 338.023483
2888 338.028413
2892 338.029894
2896 338.032822
2900 338.064328
2904 338.068060
2908 338.049039
2912 338.043441
2916 338.093768
2920 338.101607
2924 338.123890
2928 338.127719
2932 338.121474
2936 338.144364
2940 338.173618
2944 338.167639
2948 338.149827
2952 338.153585
2956 338.172693
2960 338.197940
2964 338.194520
2968 338.203799
2972 338.198187
2976 338.210817
2980 338.227852
2984 338.233785
2988 338.250129
2992 338.245880
2996 338.246679
3000 338.278351
3004 338.301499
3008 338.289438
3012 338.289996
3016 338.318849
3020 338.316129
3024 338.318732
3028 338.317719
3032 338.324185
3036 338.337410
3040 338.319461
3044 338.337722
3048 338.312921
3052 338.327565
3056 338.336526
3060 338.355334
3064 338.370879
3068 338.366671
3072 338.352309
3076 338.369711
3080 338.394168
3084 338.385071
3088 338.398684
3092 338.416728
3096 338.415070
3100 338.403053
3104 338.416136
3108 338.432574
3112 338.427133
3116 338.434331
3120 338.434826
3124 338.422984
3128 338.434715
3132 338.450563
3136 338.438323
3140 338.417541
3144 338.423197
3148 338.411716
3152 338.436422
3156 338.451326
3160 338.466963
3164 338.484357
3168 338.490277
3172 338.505719
3176 338.494652
3180 338.523252
3184 338.536267
3188 338.538166
3192 338.539501
3196 338.547291
3200 338.563944
3204 338.574653
3208 338.568140
3212 338.584623
3216 338.575743
3220 338.595506
3224 338.601349
3228 338.590902
3232 338.614550
3236 338.615028
3240 338.623508
3244 338.631029
3248 338.641897
3252 338.661183
3256 338.671083
3260 338.662668
3264 338.680270
3268 338.651940
3272 338.638192
3276 338.665949
3280 338.666788
3284 338.670944
3288 338.679374
3292 338.687764
3296 338.690455
3300 338.706674
3304 338.722125
3308 338.732194
3312 338.713406
3316 338.722131
3320 338.726270
3324 338.722748
3328 338.716732
3332 338.749293
3336 338.729828
3340 338.730847
3344 338.754583
3348 338.745790
3352 338.748609
3356 338.773251
3360 338.812089
3364 338.831020
3368 338.842849
3372 338.851758
3376 338.858150
3380 338.858241
3384 338.868434
3388 338.888427
3392 338.884614
3396 338.910438
3400 338.934242
3404 338.927872
3408 338.931260
3412 338.946860
3416 338.964147
3420 338.970921
3424 338.984887
3428 338.972889
3432 338.988224
3436 338.981866
3440 338.986468
3444 338.988027
3448 338.999961
3452 339.011694
3456 339.031671
3460 339.024351
3464 339.025916
3468 339.036247
3472 339.057800
3476 339.064514
3480 339.072994
3484 339.081929
3488 339.081520
3492 339.084148
3496 339.087999
3500 339.067200
3504 339.082672
3508 339.087574
3512 339.100958
3516 339.111978
3520 339.108162
3524 339.122707
3528 339.144438
3532 339.136115
3536 339.125242
3540 339.146713
3544 339.138202
3548 339.157853
3552 339.139896
3556 339.137268
3560 339.150603
3564 339.160457
3568 339.166703
3572 339.162960
3576 339.185748
3580 339.200031
3584 339.210161
3588 339.226266
3592 339.219631
3596 339.208728
3600 339.228447
3604 339.208427
3608 339.208634
3612 339.208151
3616 339.211239
3620 339.214934
3624 339.228264
3628 339.219011
3632 339.227232
3636 339.233902
3640 339.257705
3644 339.255993
3648 339.270305
3652 339.269448
3656 339.286203
3660 339.294185
3664 339.294886
3668 339.295986
3672 339.287505
3676 339.268481
3680 339.287485
3684 339.284158
3688 339.312071
3692 339.305157
3696 339.329186
3700 339.333391
3704 339.345660
3708 339.338284
3712 339.360558
3716 339.367090
3720 339.381061
3724 339.386909
3728 339.372109
3732 339.367600
3736 339.361252
3740 339.362119
3744 339.390479
3748 339.417240
3752 339.402061
3756 339.410246
3760 339.392147
3764 339.433067
3768 339.442072
3772 339.448624
3776 339.449451
3780 339.451345
3784 339.464051
3788 339.477787
3792 339.473839
3796 339.480332
3800 339.495805
3804 339.491339
3808 339.507033
3812 339.519187
3816 339.534205
3820 339.555527
3824 339.562123
3828 339.573479
3832 339.584307
3836 339.619064
3840 339.634699
3844 339.642287
3848 339.656243
3852 339.664294
3856 339.677867
3860 339.695549
3864 339.716064
3868 339.720870
3872 339.725052
3876 339.755968
3880 339.757896
3884 339.804640
3888 339.823438
3892 339.852322
3896 339.889782
3900 339.913910
3904 339.940285
3908 339.951325
3912 339.983759
3916 340.007063
3920 340.050351
3924 340.077644
3928 340.112813
3932 340.106649
3936 340.174343
3940 340.203269
3944 340.228170
3948 340.258015
3952 340.288877
3956 340.327229
3960 340.379311
3964 340.424585
3968 340.473808
3972 340.507884
3976 340.542772
3980 340.587636
3984 340.610945
3988 340.661248
3992 340.705910
3996 340.733627
4000 340.755628
4004 340.799053
4008 340.854283
4012 340.892271
4016 340.930213
4020 340.973641
4024 340.986630
4028 341.008383
4032 341.042148
4036 341.093026
4040 341.112223
4044 341.137246
4048 341.174338
4052 341.201828
4056 341.249956
4060 341.279230
4064 341.329617
4068 341.374035
4072 341.395906
4076 341.422305
4080 341.440467
4084 341.496091
4088 341.509643
4092 341.518459
4096 341.547088
4100 341.591309
4104 341.639284
4108 341.658696
4112 341.705668
4116 341.742414
4120 341.758169
4124 341.788525
4128 341.805867
4132 341.827049
4136 341.834657
4140 341.850647
4144 341.869392
4148 341.871520
4152 341.901572
4156 341.935716
4160 341.940752
4164 341.956507
4168 341.973901
4172 341.992547
4176 342.035499
4180 342.046815
4184 342.065718
4188 342.091639
4192 342.126573
4196 342.152409
4200 342.183258
4204 342.184537
4208 342.221270
4212 342.227801
4216 342.243163
4220 342.270307
4224 342.315284
4228 342.339184
4232 342.364080
4236 342.404133
4240 342.424882
4244 342.459441
4248 342.503566
4252 342.528586
4256 342.590811
4260 342.598409
4264 342.631261
4268 342.650593
4272 342.688846
4276 342.718899
4280 342.756242
4284 342.784326
4288 342.824567
4292 342.861071
4296 342.915779
4300 342.959944
4304 342.993181
4308 343.034375
4312 343.070758
4316 343.095184
4320 343.122573
4324 343.140879
4328 343.181289
4332 343.231316
4336 343.281087
4340 343.329093
4344 343.381755
4348 343.432419
4352 343.459481
4356 343.527469
4360 343.566060
4364 343.608871
4368 343.670652
4372 343.697098
4376 343.724357
4380 343.765508
4384 343.801760
4388 343.840711
4392 343.872987
4396 343.908619
4400 343.964181
4404 344.004432
4408 344.018618
4412 344.063026
4416 344.085202
4420 344.135318
4424 344.172991
4428 344.216193
4432 344.249376
4436 344.273146
4440 344.304027
4444 344.331704
4448 344.355328
4452 344.378156
4456 344.414583
4460 344.448492
4464 344.468099
4468 344.483251
4472 344.511865
4476 344.571931
4480 344.593444
4484 344.640009
4488 344.649172
4492 344.685770
4496 344.720432
4500 344.752630
4504 344.782261
4508 344.805009
4512 344.847206
4516 344.896649
4520 344.951528
4524 345.021094
4528 345.054057
4532 345.100125
4536 345.125046
4540 345.162556
4544 345.221895
4548 345.251873
4552 345.289779
4556 345.326717
4560 345.366501
4564 345.400207
4568 345.444035
4572 345.495010
4576 345.532501
4580 345.570192
4584 345.632461
4588 345.660424
4592 345.708975
4596 345.776630
4600 345.820338
4604 345.851692
4608 345.873106
4612 345.901806
4616 345.944032
4620 345.966162
4624 346.014045
4628 346.057411
4632 346.097097
4636 346.165470
4640 346.193313
4644 346.236504
4648 346.272774
4652 346.299569
4656 346.310884
4660 346.344827
4664 346.385224
4668 346.413632
4672 346.438457
4676 346.443972
4680 346.478381
4684 346.494727
4688 346.513292
4692 346.556891
4696 346.604531
4700 346.630353
4704 346.648363
4708 346.652010
4712 346.681202
4716 346.707932
4720 346.725827
4724 346.735047
4728 346.755985
4732 346.767560
4736 346.776954
4740 346.804190
4744 346.828733
4748 346.826405
4752 346.849397
4756 346.851134
4760 346.856640
4764 346.875335
4768 346.886702
4772 346.900015
4776 346.911987
4780 346.912625
4784 346.929161
4788 346.941613
4792 346.962509
4796 346.955552
4800 346.954788
4804 346.990468
4808 347.009575
4812 347.019117
4816 347.039195
4820 347.048416
4824 347.060213
4828 347.063722
4832 347.060228
4836 347.074948
4840 347.096303
4844 347.106708
4848 347.108393
4852 347.130585
4856 347.148789
4860 347.185597
4864 347.194864
4868 347.218862
4872 347.236135
4876 347.251601
4880 347.266107
4884 347.291004
4888 347.307377
4892 347.313355
4896 347.343315
4900 347.364333
4904 347.393433
4908 347.402244
4912 347.407457
4916 347.435786
4920 347.439923
4924 347.466105
4928 347.475778
4932 347.498325
4936 347.510030
4940 347.523089
4944 347.529972
4948 347.542664
4952 347.543354
4956 347.569606
4960 347.591043
4964 347.593273
4968 347.605638
4972 347.623192
4976 347.647402
4980 347.673959
4984 347.688824
4988 347.707607
4992 347.723984
4996 347.732683
5000 347.747255
5004 347.764180
5008 347.776533
5012 347.799641
5016 347.819577
5020 347.852477
5024 347.861322
5028 347.882425
5032 347.916693
5036 347.944963
5040 347.965208
5044 347.990377
5048 348.020323
5052 348.018111
5056 348.057351
5060 348.084767
5064 348.120111
5068 348.149382
5072 348.169106
5076 348.195898
5080 348.230604
5084 348.252037
5088 348.271972
5092 348.304092
5096 348.322909
5100 348.320492
5104 348.336761
5108 348.344017
5112 348.360450
5116 348.396432
5120 348.405958
5124 348.424041
5128 348.439479
5132 348.446362
5136 348.476736
5140 348.511051
5144 348.548786
5148 348.571710
5152 348.600066
5156 348.624028
5160 348.647159
5164 348.668274
5168 348.698478
5172 348.725988
5176 348.752993
5180 348.775492
5184 348.796058
5188 348.793879
5192 348.825143
5196 348.841525
5200 348.872029
5204 348.882836
5208 348.914890
5212 348.922369
5216 348.949610
5220 348.963746
5224 348.963589
5228 348.986962
5232 349.004628
5236 349.015821
5240 349.022812
5244 349.012991
5248 349.028650
5252 349.045768
5256 349.063195
5260 349.077779
5264 349.090502
5268 349.099741
5272 349.103520
5276 349.103189
5280 349.108844
5284 349.129478
5288 349.140429
5292 349.147029
5296 349.158821
5300 349.166983
5304 349.166244
5308 349.188956
5312 349.194716
5316 349.195593
5320 349.206773
5324 349.229312
5328 349.237876
5332 349.249021
5336 349.231272
5340 349.241447
5344 349.252193
5348 349.278595
5352 349.273220
5356 349.278088
5360 349.298545
5364 349.308287
5368 349.307819
5372 349.321994
5376 349.340123
5380 349.354045
5384 349.355335
5388 349.357662
5392 349.366375
5396 349.375675
5400 349.401509
5404 349.413887
5408 349.428842
5412 349.430161
5416 349.430199
5420 349.444089
5424 349.436914
5428 349.447770
5432 349.454395
5436 349.462856
5440 349.474033
5444 349.475614
5448 349.516283
5452 349.527617
5456 349.518073
5460 349.516964
5464 349.514768
5468 349.536367
5472 349.557857
5476 349.577429
5480 349.580707
5484 349.602881
5488 349.624530
5492 349.644091
5496 349.669321
5500 349.704337
5504 349.719525
5508 349.733046
5512 349.758634
5516 349.761219
5520 349.789690
5524 349.812801
5528 349.841789
5532 349.858239
5536 349.886472
5540 349.910650
5544 349.948655
5548 349.989037
5552 350.007133
5556 350.030889
5560 350.057204
5564 350.091236
5568 350.116077
5572 350.147044
5576 350.173206
5580 350.202507
5584 350.235600
5588 350.273422
5592 350.321678
5596 350.341972
5600 350.381123
5604 350.403076
5608 350.416991
5612 350.458455
5616 350.502929
5620 350.525299
5624 350.533322
5628 350.575037
5632 350.593559
5636 350.615445
5640 350.648835
5644 350.669432
5648 350.710018
5652 350.733312
5656 350.756846
5660 350.773931
5664 350.791722
5668 350.802230
5672 350.832979
5676 350.875111
5680 350.918132
5684 350.942739
5688 350.947433
5692 350.982728
5696 350.987205
5700 351.016196
5704 351.023793
5708 351.052283
5712 351.073655
5716 351.092901
5720 351.123646
5724 351.149940
5728 351.155443
5732 351.197365
5736 351.219183
5740 351.261210
5744 351.267721
5748 351.301367
5752 351.314017
5756 351.332239
5760 351.356551
5764 351.382566
5768 351.389622
5772 351.420518
5776 351.469657
5780 351.471248
5784 351.513456
5788 351.540196
5792 351.578801
5796 351.594285
5800 351.616063
5804 351.648039
5808 351.683881
5812 351.714847
5816 351.720755
5820 351.743893
5824 351.786809
5828 351.809971
5832 351.845994
5836 351.891758
5840 351.917285
5844 351.964124
5848 352.005930
5852 352.056380
5856 352.101445
5860 352.151809
5864 352.183312
5868 352.224948
5872 352.267638
5876 352.300388
5880 352.332438
5884 352.370663
5888 352.392077
5892 352.421942
5896 352.450873
5900 352.476530
5904 352.522290
5908 352.562833
5912 352.584753
5916 352.622963
5920 352.642883
5924 352.681372
5928 352.727265
5932 352.749918
5936 352.768657
5940 352.782476
5944 352.796746
5948 352.820358
5952 352.841878
5956 352.865734
5960 352.884129
5964 352.916330
5968 352.951423
5972 352.973435
5976 352.980595
5980 353.022865
5984 353.042478
5988 353.070326
5992 353.092077
5996 353.110445
6000 353.136041
6004 353.151859
6008 353.173504
6012 353.190143
6016 353.212233
6020 353.219148
6024 353.242162
6028 353.284181
6032 353.305484
6036 353.306509
6040 353.338449
6044 353.352376
6048 353.377369
6052 353.403768
6056 353.424875
6060 353.456270
6064 353.486511
6068 353.521966
6072 353.546026
6076 353.592005
6080 353.617285
6084 353.657970
6088 353.703321
6092 353.762113
6096 353.792387
6100 353.812811
6104 353.848138
6108 353.887495
6112 353.908894
6116 353.930755
6120 353.973173
6124 354.012957
6128 354.041628
6132 354.075646
6136 354.117162
6140 354.153587
6144 354.166482
6148 354.210808
6152 354.242229
6156 354.278754
6160 354.298958
6164 354.327364
6168 354.359514
6172 354.387207
6176 354.418840
6180 354.447991
6184 354.484672
6188 354.529353
6192 354.546092
6196 354.591523
6200 354.610974
6204 354.635565
6208 354.660608
6212 354.697558
6216 354.720311
6220 354.742018
6224 354.778099
6228 354.791919
6232 354.815974
6236 354.834692
6240 354.850716
6244 354.872176
6248 354.895910
6252 354.917744
6256 354.949087
6260 354.977135
6264 355.023842
6268 355.061185
6272 355.091124
6276 355.112246
6280 355.136836
6284 355.168760
6288 355.175424
6292 355.202829
6296 355.236733
6300 355.273939
6304 355.296651
6308 355.332660
6312 355.370861
6316 355.408939
6320 355.426006
6324 355.454383
6328 355.483145
6332 355.516178
6336 355.523600
6340 355.566545
6344 355.594884
6348 355.613725
6352 355.652257
6356 355.690419
6360 355.725786
6364 355.752398
6368 355.797125
6372 355.821976
6376 355.849167
6380 355.866164
6384 355.882898
6388 355.908197
6392 355.934852
6396 355.940693
6400 355.960946
6404 355.984230
6408 355.992515
6412 356.018136
6416 356.031440
6420 356.055203
6424 356.079433
6428 356.100666
6432 356.119672
6436 356.130948
6440 356.162124
6444 356.186806
6448 356.206419
6452 356.231367
6456 356.263300
6460 356.299664
6464 356.335645
6468 356.347687
6472 356.376424
6476 356.422788
6480 356.441948
6484 356.448363
6488 356.488864
6492 356.513479
6496 356.549225
6500 356.567252
6504 356.594049
6508 356.617150
6512 356.616413
6516 356.646167
6520 356.660266
6524 356.681168
6528 356.690567
6532 356.706628
6536 356.735605
6540 356.738407
6544 356.757029
6548 356.773596
6552 356.803664
6556 356.816631
6560 356.818813
6564 356.828877
6568 356.846354
6572 356.837501
6576 356.837405
6580 356.846065
6584 356.847151
6588 356.852129
6592 356.862247
6596 356.875808
6600 356.897197
6604 356.908963
6608 356.925825
6612 356.938279
6616 356.951191
6620 356.962990
6624 356.976110
6628 356.971000
6632 356.978434
6636 356.991399
6640 356.991799
6644 356.993715
6648 356.995044
6652 357.000024
6656 357.019439
6660 357.018500
6664 357.029913
6668 357.026373
6672 357.035677
6676 357.049930
6680 357.047492
6684 357.069685
6688 357.091975
6692 357.089827
6696 357.099775
6700 357.115083
6704 357.122247
6708 357.116923
6712 357.123514
6716 357.140522
6720 357.152501
6724 357.157016
6728 357.160344
6732 357.174860
6736 357.181734
6740 357.191096
6744 357.220753
6748 357.230366
6752 357.258915
6756 357.264688
6760 357.276921
6764 357.288421
6768 357.304646
6772 357.308830
6776 357.338478
6780 357.346689
6784 357.366755
6788 357.381704
6792 357.410016
6796 357.436096
6800 357.457531
6804 357.473312
6808 357.506469
6812 357.521740
6816 357.547472
6820 357.572565
6824 357.593875
6828 357.608402
6832 357.630393
6836 357.669346
6840 357.683584
6844 357.709107
6848 357.725827
6852 357.728860
6856 357.762270
6860 357.788657
6864 357.813838
6868 357.816807
6872 357.828417
6876 357.860779
6880 357.893163
6884 357.909861
6888 357.933233
6892 357.963768
6896 357.977088
6900 357.987352
6904 358.007282
6908 358.026793
6912 358.044071
6916 358.067062
6920 358.088324
6924 358.090360
6928 358.119783
6932 358.145604
6936 358.163376
6940 358.163027
6944 358.175495
6948 358.185847
6952 358.207813
6956 358.221525
6960 358.241415
6964 358.265876
6968 358.288733
6972 358.306939
6976 358.314200
6980 358.321710
6984 358.347497
6988 358.337534
6992 358.351922
6996 358.368174
7000 358.380587
7004 358.394998
7008 358.397825
7012 358.398120
7016 358.403755
7020 358.414756
7024 358.431265
7028 358.429154
7032 358.444793
7036 358.448844
7040 358.461844
7044 358.460204
7048 358.471136
7052 358.481075
7056 358.493506
7060 358.493658
7064 358.500014
7068 358.512819
7072 358.525213
7076 358.546587
7080 358.555545
7084 358.565750
7088 358.574656
7092 358.581292
7096 358.587107
7100 358.589038
7104 358.598347
7108 358.591642
7112 358.598219
7116 358.601633
7120 358.596576
7124 358.611032
7128 358.620980
7132 358.621168
7136 358.637336
7140 358.635746
7144 358.635911
7148 358.642492
7152 358.652401
7156 358.659371
7160 358.664857
7164 358.673659
7168 358.672123
7172 358.678766
7176 358.678774
7180 358.681977
7184 358.684082
7188 358.686681
7192 358.690674
7196 358.703326
7200 358.716484
7204 358.726869
7208 358.725843
7212 358.723496
7216 358.722878
7220 358.720847
7224 358.724030
7228 358.731053
7232 358.738374
7236 358.739051
7240 358.742435
7244 358.728227
7248 358.722194
7252 358.734005
7256 358.735511
7260 358.737547
7264 358.746286
7268 358.749630
7272 358.738973
7276 358.732783
7280 358.724396
7284 358.724245
7288 358.730590
7292 358.728991
7296 358.718895
7300 358.708940
7304 358.706216
7308 358.698995
7312 358.694381
7316 358.685831
7320 358.692650
7324 358.685024
7328 358.678876
7332 358.676220
7336 358.667205
7340 358.663367
7344 358.651628
7348 358.643823
7352 358.635447
7356 358.639976
7360 358.639930
7364 358.639695
7368 358.629454
7372 358.639833
7376 358.649495
7380 358.635785
7384 358.656466
7388 358.660008
7392 358.658546
7396 358.658534
7400 358.657724
7404 358.666391
7408 358.660140
7412 358.657869
7416 358.662726
7420 358.658097
7424 358.660611
7428 358.661728
7432 358.664026
7436 358.673984
7440 358.674631
7444 358.677487
7448 358.675396
7452 358.677453
7456 358.681472
7460 358.675194
7464 358.672129
7468 358.677553
7472 358.683999
7476 358.685136
7480 358.680573
7484 358.697562
7488 358.691278
7492 358.684105
7496 358.690285
7500 358.702404
7504 358.698167
7508 358.699225
7512 358.683934
7516 358.679702
7520 358.676177
7524 358.684465
7528 358.675782
7532 358.667612
7536 358.662090
7540 358.657775
7544 358.659829
7548 358.655634
7552 358.658245
7556 358.665024
7560 358.653756
7564 358.655766
7568 358.653603
7572 358.658089
7576 358.652085
7580 358.645976
7584 358.646696
7588 358.637960
7592 358.623999
7596 358.635774
7600 358.621929
7604 358.604983
7608 358.592575
7612 358.592824
7616 358.587024
7620 358.587126
7624 358.583180
7628 358.572982
7632 358.558488
7636 358.548871
7640 358.533815
7644 358.537808
7648 358.534971
7652 358.524748
7656 358.508641
7660 358.506510
7664 358.498248
7668 358.491193
7672 358.491014
7676 358.482443
7680 358.479177
7684 358.466925
7688 358.461555
7692 358.455899
7696 358.453522
7700 358.457764
7704 358.441534
7708 358.433939
7712 358.428394
7716 358.422755
7720 358.432358
7724 358.420316
7728 358.412484
7732 358.414573
7736 358.416060
7740 358.414330
7744 358.419755
7748 358.420797
7752 358.431571
7756 358.436593
7760 358.440431
7764 358.434246
7768 358.435306
7772 358.433780
7776 358.435114
7780 358.434641
7784 358.426021
7788 358.421141
7792 358.425553
7796 358.430834
7800 358.424773
7804 358.433879
7808 358.438411
7812 358.436586
7816 358.432578
7820 358.430040
7824 358.428200
7828 358.432001
7832 358.429042
7836 358.430306
7840 358.430000
7844 358.420088
7848 358.429934
7852 358.438336
7856 358.441415
7860 358.444037
7864 358.460722
7868 358.465162
7872 358.458452
7876 358.457567
7880 358.451914
7884 358.453562
7888 358.453386
7892 358.449041
7896 358.457204
7900 358.450544
7904 358.453572
7908 358.456169
7912 358.458639
7916 358.453032
7920 358.448989
7924 358.447372
7928 358.448110
7932 358.446760
7936 358.445713
7940 358.442158
7944 358.443749
7948 358.438301
7952 358.448344
7956 358.447371
7960 358.453503
7964 358.456199
7968 358.453449
7972 358.442644
7976 358.439755
7980 358.437881
7984 358.430815
7988 358.420048
7992 358.418949
7996 358.406812
8000 358.413176
8004 358.410485
8008 358.419636
8012 358.425753
8016 358.436296
8020 358.423069
8024 358.423203
8028 358.424929
8032 358.424519
8036 358.424853
8040 358.429542
8044 358.419103
8048 358.410620
8052 358.402443
8056 358.409182
8060 358.408533
8064 358.401617
8068 358.404538
8072 358.397345
8076 358.393114
8080 358.385535
8084 358.388466
8088 358.384576
8092 358.381034
8096 358.373250
8100 358.367365
8104 358.357346
8108 358.340860
8112 358.345893
8116 358.351099
8120 358.349520
8124 358.344301
8128 358.351566
8132 358.354550
8136 358.351140
8140 358.360453
8144 358.357264
8148 358.361012
8152 358.353253
8156 358.351270
8160 358.348516
8164 358.346983
8168 358.334034
8172 358.344980
8176 358.344976
8180 358.348044
8184 358.347466
8188 358.347401
8192 358.349615
8196 358.358762
8200 358.360991
8204 358.367911
8208 358.371579
8212 358.379835
8216 358.386696
8220 358.382819
8224 358.380969
8228 358.384161
8232 358.403173
8236 358.395663
8240 358.397661
8244 358.405377
8248 358.418320
8252 358.433254
8256 358.445180
8260 358.452049
8264 358.459875
8268 358.464783
8272 358.472450
8276 358.473142
8280 358.480245
8284 358.485790
8288 358.488649
8292 358.493808
8296 358.495045
8300 358.493473
8304 358.496021
8308 358.507235
8312 358.523098
8316 358.532726
8320 358.537901
8324 358.540993
8328 358.537739
8332 358.543769
8336 358.559147
8340 358.571133
8344 358.586013
8348 358.591082
8352 358.593978
8356 358.598581
8360 358.607003
8364 358.604423
8368 358.603058
8372 358.611888
8376 358.622274
8380 358.623281
8384 358.627026
8388 358.633824
8392 358.627859
8396 358.635072
8400 358.641066
8404 358.653001
8408 358.646980
8412 358.656914
8416 358.659595
8420 358.654276
8424 358.664241
8428 358.661510
8432 358.673174
8436 358.678988
8440 358.696315
8444 358.717389
8448 358.729738
8452 358.740422
8456 358.752700
8460 358.758826
8464 358.769693
8468 358.794531
8472 358.806800
8476 358.816739
8480 358.834035
8484 358.857172
8488 358.862085
8492 358.871514
8496 358.898613
8500 358.909065
8504 358.919814
8508 358.926093
8512 358.939184
8516 358.952720
8520 358.970098
8524 358.986091
8528 358.998213
8532 359.016364
8536 359.031323
8540 359.052212
8544 359.071318
8548 359.094000
8552 359.120880
8556 359.142534
8560 359.171764
8564 359.177990
8568 359.196197
8572 359.214510
8576 359.248763
8580 359.267086
8584 359.287466
8588 359.298023
8592 359.313300
8596 359.326124
8600 359.345336
8604 359.356637
8608 359.376315
8612 359.388853
8616 359.407072
8620 359.410711
8624 359.417284
8628 359.423170
8632 359.422383
8636 359.438972
8640 359.448989
8644 359.464224
8648 359.473900
8652 359.473284
8656 359.479389
8660 359.490149
8664 359.500940
8668 359.507089
8672 359.501028
8676 359.523471
8680 359.519157
8684 359.516280
8688 359.513438
8692 359.513935
8696 359.518980
8700 359.522834
8704 359.525232
8708 359.530102
8712 359.532355
8716 359.531989
8720 359.532963
8724 359.546208
8728 359.546090
8732 359.545330
8736 359.549609
8740 359.551012
8744 359.550567
8748 359.558174
8752 359.563744
8756 359.565960
8760 359.563858
8764 359.569304
8768 359.568933
8772 359.566917
8776 359.568242
8780 359.564110
8784 359.561078
8788 359.564560
8792 359.566764
8796 359.572085
8800 359.565153
8804 359.559851
8808 359.560286
8812 359.564329
8816 359.565442
8820 359.565390
8824 359.563704
8828 359.561447
8832 359.561296
8836 359.561119
8840 359.557655
8844 359.563050
8848 359.564730
8852 359.564382
8856 359.566371
8860 359.569060
8864 359.566285
8868 359.566283
8872 359.568896
8876 359.568708
8880 359.548050
8884 359.542582
8888 359.545481
8892 359.544313
8896 359.552109
8900 359.548592
8904 359.546732
8908 359.553519
8912 359.550955
8916 359.544124
8920 359.532527
8924 359.529226
8928 359.525917
8932 359.513864
8936 359.503449
8940 359.498701
8944 359.493787
8948 359.493432
8952 359.478871
8956 359.469741
8960 359.464433
8964 359.456943
8968 359.461991
8972 359.444848
8976 359.441406
8980 359.434687
8984 359.428215
8988 359.422709
8992 359.418384
8996 359.406273
9000 359.404818
9004 359.393582
9008 359.390296
9012 359.375199
9016 359.370776
9020 359.358869
9024 359.355324
9028 359.361959
9032 359.356228
9036 359.353087
9040 359.343505
9044 359.342059
9048 359.333917
9052 359.322270
9056 359.314298
9060 359.306891
9064 359.294716
9068 359.298033
9072 359.291378
9076 359.292335
9080 359.281305
9084 359.274037
9088 359.263319
9092 359.258879
9096 359.263431
9100 359.258985
9104 359.260478
9108 359.254251
9112 359.246892
9116 359.250953
9120 359.250396
9124 359.249789
9128 359.240100
9132 359.236718
9136 359.225611
9140 359.214129
9144 359.211902
9148 359.206249
9152 359.203621
9156 359.197743
9160 359.190446
9164 359.194359
9168 359.185673
9172 359.183823
9176 359.185285
9180 359.184248
9184 359.180542
9188 359.176623
9192 359.169410
9196 359.167417
9200 359.163296
9204 359.161929
9208 359.157748
9212 359.147184
9216 359.144001
9220 359.137880
9224 359.129402
9228 359.117490
9232 359.124819
9236 359.115500
9240 359.115122
9244 359.114742
9248 359.104247
9252 359.094673
9256 359.092934
9260 359.098421
9264 359.096887
9268 359.091288
9272 359.092594
9276 359.099870
9280 359.096000
9284 359.095327
9288 359.092216
9292 359.102800
9296 359.112230
9300 359.102931
9304 359.103826
9308 359.102402
9312 359.105350
9316 359.105244
9320 359.107383
9324 359.104825
9328 359.093617
9332 359.098738
9336 359.106358
9340 359.101515
9344 359.098752
9348 359.101314
9352 359.111398
9356 359.112259
9360 359.123155
9364 359.117716
9368 359.127550
9372 359.126647
9376 359.132935
9380 359.133831
9384 359.131332
9388 359.125108
9392 359.133522
9396 359.127616
9400 359.135461
9404 359.129439
9408 359.123402
9412 359.123403
9416 359.127342
9420 359.124958
9424 359.120091
9428 359.127739
9432 359.133367
9436 359.132391
9440 359.138795
9444 359.138249
9448 359.147167
9452 359.139931
9456 359.147512
9460 359.156499
9464 359.167657
9468 359.174470
9472 359.184789
9476 359.183578
9480 359.179149
9484 359.187973
9488 359.189095
9492 359.190964
9496 359.200621
9500 359.209898
9504 359.217138
9508 359.205888
9512 359.204485
9516 359.210137
9520 359.217454
9524 359.218769
9528 359.234181
9532 359.235531
9536 359.241698
9540 359.239494
9544 359.245073
9548 359.252994
9552 359.256549
9556 359.267547
9560 359.265247
9564 359.271005
9568 359.273903
9572 359.293682
9576 359.293414
9580 359.299441
9584 359.316331
9588 359.318212
9592 359.325518
9596 359.331063
9600 359.334760
9604 359.338664
9608 359.339852
9612 359.346036
9616 359.341701
9620 359.334326
9624 359.336912
9628 359.337701
9632 359.345682
9636 359.344965
9640 359.344281
9644 359.341761
9648 359.338993
9652 359.347279
9656 359.348278
9660 359.355070
9664 359.352032
9668 359.352968
9672 359.357844
9676 359.361868
9680 359.358072
9684 359.353589
9688 359.356778
9692 359.361071
9696 359.363734
9700 359.371316
9704 359.370899
9708 359.378275
9712 359.377085
9716 359.384150
9720 359.392781
9724 359.395372
9728 359.398553
9732 359.406531
9736 359.407243
9740 359.404765
9744 359.395582
9748 359.403234
9752 359.408990
9756 359.414844
9760 359.416367
9764 359.420767
9768 359.424060
9772 359.423602
9776 359.425869
9780 359.432969
9784 359.433957
9788 359.437655
9792 359.444675
9796 359.446068
9800 359.454035
9804 359.457856
9808 359.457535
9812 359.465217
9816 359.475609
9820 359.477792
9824 359.480460
9828 359.485371
9832 359.490219
9836 359.492902
9840 359.495157
9844 359.495629
9848 359.500591
9852 359.509117
9856 359.516640
9860 359.515441
9864 359.508519
9868 359.512330
9872 359.514595
9876 359.528819
9880 359.546567
9884 359.546072
9888 359.546051
9892 359.551579
9896 359.554641
9900 359.560854
9904 359.562347
9908 359.564038
9912 359.570067
9916 359.575175
9920 359.582080
9924 359.582005
9928 359.589369
9932 359.591917
9936 359.594172
9940 359.593378
9944 359.602303
9948 359.601831
9952 359.614450
9956 359.620190
9960 359.621634
9964 359.626321
9968 359.625657
9972 359.632596
9976 359.627469
9980 359.625006
9984 359.634505
9988 359.648202
9992 359.658553
9996 359.675148
10000 359.691352
10004 359.696053
10008 359.705091
10012 359.709216
10016 359.722382
10020 359.727319
10024 359.735370
10028 359.747994
10032 359.766765
10036 359.772637
10040 359.781558
10044 359.788230
10048 359.795310
10052 359.819155
10056 359.832624
10060 359.842076
10064 359.852780
10068 359.870141
10072 359.882194
10076 359.891060
10080 359.904347
10084 359.905284
10088 359.915328
10092 359.923407
10096 359.930079
10100 359.929289
10104 359.943421
10108 359.956296
10112 359.967385
10116 359.972270
10120 359.978801
10124 359.988206
10128 360.159661
10132 360.159819
10136 360.174555
10140 360.293633
10144 360.431666
10148 360.732629
10152 360.881463
10156 361.044615
10160 361.045074
10164 361.209077
10168 361.336188
10172 361.344783
10176 361.489316
10180 361.502745
10184 361.664061
10188 361.672100
10192 361.802942
10196 361.974991
10200 362.383264
10204 362.394186
10208 362.385838
10212 362.511427
10216 362.616822
10220 362.821984
10224 363.001553
10228 363.230533
10232 362.261917
10236 362.383418
10240 362.481910
10244 362.484984
10248 362.642160
10252 363.125724
10256 363.446487
10260 363.553930
10264 363.784110
10268 364.058617
10272 364.199517
10276 364.281696
10280 364.390066
10284 364.503960
10288 364.598809
10292 364.981919
10296 365.141425
10300 365.225179
10304 365.261983
10308 365.639511
10312 366.195298
10316 366.588952
10320 366.819777
10324 367.350077
10328 367.416556
10332 367.942440
10336 368.142178
10340 368.426107
10344 368.671873
10348 369.402431
10352 369.929545
10356 370.632389
10360 371.471979
10364 371.990032
10368 372.957425
10372 373.255932
10376 373.729078
10380 374.583099
10384 375.052636
10388 375.587359
10392 375.750937
10396 377.004673
10400 377.878569
10404 379.343813
10408 380.135143
10412 381.708753
10416 383.105247
10420 384.456270
10424 385.165908
10428 386.336588
10432 388.024328
10436 389.367826
10440 392.203024
10444 393.252298
10448 394.401487
10452 395.279376
10456 397.146344
10460 399.512147
10464 401.321612
10468 402.546055
10472 405.833362
10476 407.428068
10480 408.727814
10484 412.315785
10488 415.258642
10492 418.456717
10496 419.616287
10500 421.574191
10504 425.206538
10508 426.733117
10512 433.872104
10516 440.661988
10520 444.279803
10524 443.730342
10528 449.464411
10532 455.045120
10536 461.536198
10540 466.136296
10544 452.611404
10548 457.829925
10552 461.202771
10556 463.525352
10560 471.383002
10564 478.426822
10568 495.485128
10572 501.831689
10576 476.650630
10580 479.043715
10584 483.860161
10588 486.714870
10592 484.690248
10596 489.980752
10600 495.910321
10604 500.646251
10608 508.184814
10612 521.493220
10616 521.499107
10620 521.456075
10624 521.406620
10628 521.369453
10632 528.544106
10636 540.659058
10640 572.532955
10644 572.460027
10648 572.436906
10652 586.808176
10656 605.221960
10660 605.164064
10664 605.101610
10668 605.063174
10672 642.734781
10676 679.784786
10680 665.429143
10684 665.388449
10688 665.363496
10692 665.301115
10696 665.230120
10700 665.175279
10704 665.113610
10708 665.090491
10712 665.088691
10716 665.069577
10720 665.064797
10724 664.974479
10728 664.922898
10732 664.835180
10736 664.793851
10740 664.820135
10744 664.728724
10748 664.669570
10752 664.578334
10756 664.481229
10760 664.442945
10764 664.465389
10768 664.362453
10772 664.250082
10776 664.283717
10780 664.254934
10784 664.194353
10788 664.161231
10792 621.251451
