1.875 0.15904264511859445
3.75 0.15904264511859445
5.625 0.15941344169192267
7.5 0.16036368694596542
9.375 0.1602994754893489
11.25 0.16117960801505102
13.125 0.1603285603285603
15.0 0.15950554368275888
16.875 0.15967668056275652
18.75 0.1598728978475814
20.625 0.16074210599527058
22.5 0.1609722555925088
24.375 0.15969912647127837
26.25 0.16039006703563669
28.125 0.1612168773561179
30.0 0.16147259913082698
31.875 0.16035669674910183
33.75 0.16128172109184769
35.625 0.16128172109184769
37.5 0.16172136583528987
39.375 0.1622824081684841
41.25 0.16394157881499652
43.125 0.16455991266117853
45.0 0.1637522814738005
46.875 0.16428107757221685
48.75 0.1643622200584226
50.625 0.165101986620974
52.5 0.16567736061406954
54.375 0.16621922381416054
56.25 0.16631076377911824
58.125 0.16698842648209739
60.0 0.16727822107568943
61.875 0.16564005614638527
63.75 0.1660900281153446
65.625 0.1668350636705067
67.5 0.16704603413464175
69.375 0.16664053246331728
71.25 0.1658900874090748
73.125 0.16654660388837605
75.0 0.1669154333711296
76.875 0.16650234435044564
78.75 0.166611026104697
80.625 0.1668859270125093
82.5 0.17351257371733916
84.375 0.17144607481539723
86.25 0.1711114586579963
88.125 0.17080002606808267
90.0 0.1714822552313245
91.875 0.17229417186602594
93.75 0.17357506396970285
95.625 0.17358228972153023
97.5 0.1741945466629011
99.375 0.1746548458573775
101.25 0.17483188400909921
103.125 0.173222241893128
105.0 0.17450071026020395
106.875 0.17484593465606124
108.75 0.17414269977561117
110.625 0.1744239937277912
112.5 0.1745998024479037
114.375 0.1745998024479037
116.25 0.17580169478903654
118.125 0.17523640213513633
120.0 0.17579667168274762
121.875 0.18458115291108987
123.75 0.18635430943108183
125.625 0.1866325122409302
127.5 0.18646629308736926
129.375 0.185358529749524
131.25 0.18578531815099594
133.125 0.18590039294961502
135.0 0.18473921420682402
136.875 0.18356970860693866
138.75 0.1848254149259361
140.625 0.18430315961030774
142.5 0.18331863077767763
144.375 0.18244917674366665
146.25 0.18244917674366665
148.125 0.18224753239645267
150.0 0.18272472749390095
151.875 0.18228803338632074
153.75 0.18111023790472777
155.625 0.18100591185103465
157.5 0.18129858682725392
159.375 0.18158627382380169
161.25 0.18263803500214515
163.125 0.18948339345770465
165.0 0.19015146659413223
166.875 0.19034104494826756
168.75 0.18977415403327538
170.625 0.18927356460863534
172.5 0.18792891769436815
174.375 0.1879023619716099
176.25 0.18709082139834185
178.125 0.185150497306119
180.0 0.1852375555279501
181.875 0.1859622527716347
183.75 0.1867056725023962
185.625 0.18631044536666275
187.5 0.16397561650726206
189.375 0.1615175963277229
191.25 0.16193683250645274
193.125 0.16193683250645274
195.0 0.16236319938851584
196.875 0.1628810359823018
198.75 0.1627644858657517
200.625 0.1623282132775804
202.5 0.16919798701601033
204.375 0.1690173659493133
206.25 0.1693315032887671
208.125 0.1690657353014801
210.0 0.16993764819870946
211.875 0.16993764819870946
213.75 0.17046077858036554
215.625 0.17106903108735222
217.5 0.17118006817373907
219.375 0.17118006817373907
221.25 0.17168276519542341
223.125 0.17224535309978348
225.0 0.1722773183216221
226.875 0.1733554595896368
228.75 0.1714920093359829
230.625 0.17100447021333096
232.5 0.17060855810855807
234.375 0.17072363290717718
236.25 0.16963149368212654
238.125 0.16811953662288728
240.0 0.16859311367874283
241.875 0.18532883220640392
243.75 0.1844465920836575
245.625 0.18517575225652183
247.5 0.1853490494234899
249.375 0.1860497045638323
251.25 0.18637753611839508
253.125 0.18530793061840983
255.0 0.18385326713842992
256.875 0.18385326713842992
258.75 0.18437110373221585
260.625 0.18437110373221585
262.5 0.18443772598404795
264.375 0.18495503567857285
266.25 0.18516368778595912
268.125 0.18622356321292316
270.0 0.18634095636829104
271.875 0.1866950326717344
273.75 0.18789265805323718
275.625 0.1886567322350329
277.5 0.18699232957129647
279.375 0.18454035116995096
281.25 0.18483014576354304
283.125 0.18625439736855648
285.0 0.18510912913468064
286.875 0.18569595625381954
288.75 0.18632069238821594
290.625 0.18644479266123656
292.5 0.18582490677319613
294.375 0.18592047705530867
296.25 0.18526953091802012
298.125 0.18415793986638906
300.0 0.18460028729309985
301.875 0.18534198581960853
303.75 0.1831299924683747
305.625 0.18229587581147322
307.5 0.18295866445825293
309.375 0.18199456898559452
311.25 0.1817720067377158
313.125 0.18129421448777167
315.0 0.1804046081067282
316.875 0.18112264793202987
318.75 0.18133045906687004
320.625 0.18165502901169314
322.5 0.1870722514347352
324.375 0.18740254908446696
326.25 0.1874819195252631
328.125 0.18792240730752305
330.0 0.18891450592620393
331.875 0.1892380871600607
333.75 0.19035746707690895
335.625 0.1905247317639056
337.5 0.19022280092400007
339.375 0.19134336220445478
341.25 0.19129348610527822
343.125 0.19018278866174385
345.0 0.19055052302054296
346.875 0.18773804014476897
348.75 0.18791755010109434
350.625 0.18509431663162504
352.5 0.18482187458703106
354.375 0.18521019934244445
356.25 0.18458803669496532
358.125 0.18192951378327787
360.0 0.18118122901600575
361.875 0.19027897208276948
363.75 0.1912077901001951
365.625 0.19082757959340232
367.5 0.19134541618718828
369.375 0.1913764681169744
371.25 0.1903419411663915
373.125 0.19106468888281009
375.0 0.19203612581850613
376.875 0.19302948437349024
378.75 0.19309903507595233
380.625 0.1947420474784584
382.5 0.19586645050159562
384.375 0.1964458973335408
386.25 0.19695298703117015
388.125 0.19620777377664936
390.0 0.1963293821261058
391.875 0.19693658083457036
393.75 0.1989402578475549
395.625 0.19961632228944212
397.5 0.20088716818054117
399.375 0.20009731106157017
401.25 0.2003186087512223
403.125 0.2020499769941318
405.0 0.20275166630341607
406.875 0.2014138690795429
408.75 0.20052347958155847
410.625 0.1997326471823865
412.5 0.19930619455005155
414.375 0.1987294103265808
416.25 0.19867724729973424
418.125 0.19800671530008832
420.0 0.19914285061343884
421.875 0.19979862943377463
423.75 0.19918545920035122
425.625 0.19770072733587252
427.5 0.1977818698220783
429.375 0.19655988505578975
431.25 0.19611939727352978
433.125 0.19451656972133516
435.0 0.19534049965918918
436.875 0.19615406724490864
438.75 0.1983106204625192
440.625 0.19856474397613638
442.5 0.19843687688996695
444.375 0.20055817331506082
446.25 0.20113834209143214
448.125 0.20181375669089738
450.0 0.20089315830194454
451.875 0.19809368983791908
453.75 0.19643243845589334
455.625 0.1958706026744001
457.5 0.1958257811105912
459.375 0.19310206319699988
461.25 0.1928887743761161
463.125 0.19458452939465598
465.0 0.19575213815720138
466.875 0.19508427578047827
468.75 0.19524821170390785
470.625 0.19733146600235205
472.5 0.1995786210976084
474.375 0.20310115341760906
476.25 0.20419176463480254
478.125 0.20407763825485342
480.0 0.20193779497576964
481.875 0.20810234069727737
483.75 0.20775897801214255
485.625 0.20963358020320044
487.5 0.20963003056607318
489.375 0.2079797118271469
491.25 0.209483903837668
493.125 0.2116301401611195
495.0 0.21182832453651904
496.875 0.21300794660221703
498.75 0.2138819670964907
500.625 0.2131601151088159
502.5 0.2133819396977291
504.375 0.21123707331235642
506.25 0.21123707331235642
508.125 0.2117538912342376
510.0 0.21234001397225905
511.875 0.21080023869830664
513.75 0.21092497516548148
515.625 0.2107846794555655
517.5 0.21091025711278874
519.375 0.2114334329524203
521.25 0.21302164783177446
523.125 0.23386221817267797
525.0 0.2326914480145661
526.875 0.2335857532060065
528.75 0.23212300853775183
530.625 0.23146252275068374
532.5 0.23269441322308052
534.375 0.23335505914619853
536.25 0.23371672279900144
538.125 0.23509762038243062
540.0 0.23198420777534712
541.875 0.23632146685944166
543.75 0.23693372380081254
545.625 0.238412800279889
547.5 0.23872057970159247
549.375 0.23963980815246652
551.25 0.24096910473492766
553.125 0.24227897629796374
555.0 0.24482326744984984
556.875 0.24311906447982407
558.75 0.24474340811831513
560.625 0.2402849446408643
562.5 0.25318171631462777
564.375 0.25188849476824166
566.25 0.25366576110247
568.125 0.2547288330516179
570.0 0.2560136944630616
571.875 0.25486038223380003
573.75 0.2559408067319461
575.625 0.2555292984090453
577.5 0.25490446613864337
579.375 0.25545101874215803
581.25 0.25949346012637153
583.125 0.2611608111421961
585.0 0.26249056437068347
586.875 0.26420664013739215
588.75 0.2645582575776172
590.625 0.26544531004694816
592.5 0.26607502491716933
594.375 0.2657635923272557
596.25 0.2662399443858863
598.125 0.26360235693817224
600.0 0.26360235693817224
601.875 0.26500760140000645
603.75 0.26711142336607707
605.625 0.26584560058126694
607.5 0.2673935954836922
609.375 0.2669349472402338
611.25 0.26583774874914107
613.125 0.2648381505976442
615.0 0.26544594645860464
616.875 0.26595282354776023
618.75 0.2647746767999932
620.625 0.2628216368722698
622.5 0.26029694637289574
624.375 0.25812503249212104
626.25 0.25528841763018983
628.125 0.25843790527334837
630.0 0.25841781284819265
631.875 0.25398423657917335
633.75 0.2549733318720661
635.625 0.2513868339817707
637.5 0.255750086762745
639.375 0.25639806747401683
641.25 0.26026996913072864
643.125 0.28952076404608046
645.0 0.29130990317699174
646.875 0.2940223805730134
648.75 0.29583628396919526
650.625 0.293891323163475
652.5 0.29579005734069014
654.375 0.29463976600052544
656.25 0.29183813724952956
658.125 0.2945547244597876
660.0 0.2987298390779402
661.875 0.30130463769704263
663.75 0.30727163132226415
665.625 0.3039664273841488
667.5 0.1563596038279582
669.375 0.1568907182831233
671.25 0.1567422029447345
673.125 0.15601192056888252
675.0 0.15677318462128587
676.875 0.1573357725256459
678.75 0.15782803694196096
680.625 0.1581157239385087
682.5 0.16660801750447862
684.375 0.16683816710171684
686.25 0.16699121274061504
688.125 0.16778029707400313
690.0 0.1687246203936057
691.875 0.16805335073499428
693.75 0.16691150941258706
695.625 0.1669724189671675
697.5 0.16625000495361425
699.375 0.1670050960195765
701.25 0.16742626416226364
703.125 0.16760207288237616
705.0 0.16696117018451145
706.875 0.16674232412612705
708.75 0.16651216533941776
710.625 0.16736358185539124
712.5 0.16666807483077029
714.375 0.1671207866758872
716.25 0.16681876801943815
718.125 0.16605160269531083
720.0 0.16668277532015432
721.875 0.181320213024077
723.75 0.18102532713723282
725.625 0.18096113634333247
727.5 0.1804068217905071
729.375 0.18077059304035428
731.25 0.18112008222081888
733.125 0.18008440903324696
735.0 0.18017583122072275
736.875 0.1811316967335503
738.75 0.18176165933886268
740.625 0.18318213738815686
742.5 0.18256633679097128
744.375 0.18335600430233415
746.25 0.18393239180165535
748.125 0.18371309094601398
750.0 0.18460228244146798
751.875 0.18436758302289113
753.75 0.18401591381712468
755.625 0.18512034735826707
757.5 0.1854107742309724
759.375 0.18520720623926318
761.25 0.18642746463561988
763.125 0.1949725605763736
765.0 0.19466644656958945
766.875 0.19466644656958945
768.75 0.19654379793502721
770.625 0.19547248341091653
772.5 0.19579705335573963
774.375 0.19679665150723652
776.25 0.1964692011797862
778.125 0.19681590437361093
780.0 0.19674708513129952
781.875 0.19808172715842107
783.75 0.1972263434009524
785.625 0.19763514697431298
787.5 0.1981537356909657
789.375 0.1988671242301175
791.25 0.19887023810143686
793.125 0.19908057628645862
795.0 0.19934654573522775
796.875 0.20020433773226026
798.75 0.20123025605155165
800.625 0.197406706183698
802.5 0.20188518585175713
804.375 0.2001611714695149
806.25 0.19871808405873928
808.125 0.19847564531108833
810.0 0.1997116807243389
811.875 0.2003474198094451
813.75 0.2007736348205447
815.625 0.20174908342257558
817.5 0.20157857882169125
819.375 0.2001404248518917
821.25 0.19883430150555986
823.125 0.19861637597117865
825.0 0.20111828685916547
826.875 0.20050998166225265
828.75 0.20054707537023245
830.625 0.20038988375734465
832.5 0.20158125774283628
834.375 0.20423402195554094
836.25 0.2037606907860072
838.125 0.20473320631548475
840.0 0.20516789820587286
841.875 0.208205094916405
843.75 0.20897254951855804
845.625 0.20943792554238533
847.5 0.20960759542391394
849.375 0.20880207183358024
851.25 0.2076007766449433
853.125 0.20408352261577564
855.0 0.2041938801163044
856.875 0.20615559115284793
858.75 0.2064352091956239
860.625 0.20546395409182966
862.5 0.2047138251771438
864.375 0.2018785100000565
866.25 0.20165464600106217
868.125 0.20183015821119837
870.0 0.2003344446568572
871.875 0.2021289581602315
873.75 0.19948813906371615
875.625 0.19885030994487435
877.5 0.19668131157334437
879.375 0.19739009645934444
881.25 0.1980485800292204
883.125 0.20552876514784266
885.0 0.2052953958644283
886.875 0.20272406096905451
888.75 0.2017326168690945
890.625 0.20123838536220479
892.5 0.20074109783960079
894.375 0.20056266658580804
896.25 0.20103074219349645
898.125 0.2002174029307901
900.0 0.20004669295338262
901.875 0.2000543431608996
903.75 0.20077515891336092
905.625 0.20223832591665802
907.5 0.20192148382766406
909.375 0.20290877423230366
911.25 0.20556905347486137
913.125 0.2041117554985761
915.0 0.2029237774304789
916.875 0.2027493386484452
918.75 0.20049632773944023
920.625 0.19978943969078003
922.5 0.21020151844602214
924.375 0.2110358809892454
926.25 0.21096169357328584
928.125 0.21096169357328584
930.0 0.21206076513959496
931.875 0.2119929707680031
933.75 0.21297978283076452
935.625 0.20987866453977283
937.5 0.21058576334813747
939.375 0.20946094913694946
941.25 0.2103651082689567
943.125 0.21060108888468415
945.0 0.21144518150092867
946.875 0.21235847355346124
948.75 0.211469840386347
950.625 0.21202002859476307
952.5 0.21334528561622262
954.375 0.2136710488329017
956.25 0.2151226452045514
958.125 0.21452047683432643
960.0 0.2133663040029384
961.875 0.21594824887678665
963.75 0.21737321280175062
965.625 0.2202978725845834
967.5 0.2229625054614277
969.375 0.2226280980518351
971.25 0.22314273812343724
973.125 0.22330425031026588
975.0 0.22386288956957526
976.875 0.22515040304063305
978.75 0.22436142408709714
980.625 0.22682502939880367
982.5 0.2275433335981205
984.375 0.22720632573132857
986.25 0.23004940389086243
988.125 0.23011870131192533
990.0 0.2300198756732635
991.875 0.23106194190520318
993.75 0.22811155192949675
995.625 0.2259155411891822
997.5 0.22730346409609248
999.375 0.22677407084518023
1001.25 0.22199771148021327
1003.125 0.23547274758917974
1005.0 0.23394920081246837
1006.875 0.23470519587226088
1008.75 0.23098943202991476
1010.625 0.2307830169334264
1012.5 0.2321042219962547
1014.375 0.23109487517529212
1016.25 0.23057998921736816
1018.125 0.23357825677259772
1020.0 0.23454040994994077
1021.875 0.2355911524563795
1023.75 0.23506767494109262
1025.625 0.237375353198138
1027.5 0.23729201529834443
1029.375 0.23578964987192833
1031.25 0.2374070900969635
1033.125 0.23914759642607744
1035.0 0.2379016201801011
1036.875 0.23859206897181573
1038.75 0.23928251776353035
1040.625 0.2391419761672926
1042.5 0.26589045933796485
1044.375 0.26621411599073536
1046.25 0.26698698939019105
1048.125 0.268682972731744
1050.0 0.2641614921026685
1051.875 0.2621318761490019
1053.75 0.2615317730172532
1055.625 0.262017082363322
1057.5 0.2620569159474594
1059.375 0.2617357181579072
1061.25 0.2631271185999405
1063.125 0.26266916978942284
1065.0 0.26346294352623456
1066.875 0.2642492879834651
1068.75 0.2666302403644175
1070.625 0.2684265804518968
1072.5 0.26679045286640213
1074.375 0.26824852362827034
1076.25 0.2689247110133185
1078.125 0.2689247110133185
1080.0 0.270733029277333
1081.875 0.2803593382707306
1083.75 0.2809360822019049
1085.625 0.2812817632437885
1087.5 0.28140544406367185
1089.375 0.2811492656429364
1091.25 0.2801327715884677
1093.125 0.28069261961667025
1095.0 0.28003712180927365
1096.875 0.2795262402857339
1098.75 0.2772758886682937
1100.625 0.2780311987590468
1102.5 0.2827863943370271
1104.375 0.2830402544010138
1106.25 0.28819800101445664
1108.125 0.29294392316544204
1110.0 0.28837753315601405
1111.875 0.29207202783152136
1113.75 0.3000524089131683
1115.625 0.29825937072772507
1117.5 0.29973433739256516
1119.375 0.3007768251439137
1121.25 0.3001224513882741
1123.125 0.29729849967191735
1125.0 0.2927564699716598
1126.875 0.2945064429241644
1128.75 0.2958302597543104
1130.625 0.29420821794239516
1132.5 0.2929505796594404
1134.375 0.2931283203435101
1136.25 0.29362560786611414
1138.125 0.2906153972609668
1140.0 0.2969545573975953
1141.875 0.29583261323767646
1143.75 0.29696783525897447
1145.625 0.2967704236691578
1147.5 0.1412983640831742
1149.375 0.1409807492085973
1151.25 0.14140269013686735
1153.125 0.14166403217036128
1155.0 0.14079851231749965
1156.875 0.1410798062696797
1158.75 0.14073310655589136
1160.625 0.14102079355243913
1162.5 0.15082946042257478
1164.375 0.151791696794538
1166.25 0.15247401894000234
1168.125 0.15277281421273653
1170.0 0.1533153096919409
1171.875 0.1537341594778793
1173.75 0.15406274315530882
1175.625 0.15479121857663608
1177.5 0.15431383028279208
1179.375 0.15487719097273503
1181.25 0.1531509284869789
1183.125 0.1523554991772258
1185.0 0.15310948277597955
1186.875 0.15332769242270744
1188.75 0.1536153794192552
1190.625 0.1528716642116532
1192.5 0.15343425211601325
1194.375 0.1537755072041038
1196.25 0.15306184156705374
1198.125 0.15235244267213147
1200.0 0.15380413485353328
1201.875 0.15879024332461592
1203.75 0.15918301882908167
1205.625 0.15927680689755325
1207.5 0.1600499964365656
1209.375 0.1605813712419538
1211.25 0.1602457364126481
1213.125 0.15777803607685986
1215.0 0.1580939276809123
1216.875 0.1569687518721922
1218.75 0.15709361150003023
1220.625 0.15716866028173834
1222.5 0.15633246199094455
1224.375 0.15622511504815453
1226.25 0.15655432170647512
1228.125 0.15734705920807338
1230.0 0.15803062579280386
1231.875 0.15457278615320308
1233.75 0.1540302906739987
1235.625 0.15502226634951868
1237.5 0.15400882831076423
1239.375 0.15172176937813564
1241.25 0.15241308339390003
1243.125 0.16716290898208833
1245.0 0.1664772549736495
1246.875 0.1675099775253594
1248.75 0.16810547700395642
1250.625 0.16859352345302886
1252.5 0.1671855081209629
1254.375 0.16646474146964013
1256.25 0.16382524794073958
1258.125 0.1642339492336553
1260.0 0.16384174918583352
1261.875 0.16496098859621217
1263.75 0.16485617925246404
1265.625 0.16637544058185197
1267.5 0.16538086553664402
1269.375 0.16517658359371726
1271.25 0.16454987721496322
1273.125 0.16373845235290543
1275.0 0.1636459288426604
1276.875 0.16446079611322387
1278.75 0.16514645012166268
1280.625 0.16547221333834178
1282.5 0.17356683607614362
1284.375 0.17294421161695922
1286.25 0.17343208933864185
1288.125 0.1742508907903547
1290.0 0.17455820943348865
1291.875 0.17456386275261926
1293.75 0.17339386538009022
1295.625 0.17432382191317408
1297.5 0.17560669682196506
1299.375 0.17686973612141144
1301.25 0.17858763847222517
1303.125 0.17759725382584646
1305.0 0.17862483756005715
1306.875 0.1793953047862206
1308.75 0.18046390607820237
1310.625 0.17918849372684068
1312.5 0.17786206202996968
1314.375 0.1768825563036285
1316.25 0.17845570186411586
1318.125 0.17887184690051405
1320.0 0.1786419431895977
1321.875 0.19253059858979438
1323.75 0.19330865316531728
1325.625 0.19214974960507344
1327.5 0.1905724807452087
1329.375 0.1915562016656385
1331.25 0.1926511479206741
1333.125 0.19277128095219953
1335.0 0.19387552129694618
1336.875 0.1943342980298735
1338.75 0.19295383675600783
1340.625 0.19404224054261282
1342.5 0.19351829191739836
1344.375 0.19351829191739836
1346.25 0.194777251581049
1348.125 0.19393656624669275
1350.0 0.19357537990263227
1351.875 0.19317296937363945
1353.75 0.1914547715459852
1355.625 0.19103346289682843
1357.5 0.19041245942772372
1359.375 0.1898384202460896
1361.25 0.18731562658405546
1363.125 0.1896902282248326
1365.0 0.1902656022179281
1366.875 0.18965135649013062
1368.75 0.19028672674575406
1370.625 0.18937754450745786
1372.5 0.1900494464451826
1374.375 0.19144452691695701
1376.25 0.19221488876326823
1378.125 0.18862199782860514
1380.0 0.18896941453864285
1381.875 0.1893197167969868
1383.75 0.18954575657998862
1385.625 0.18948727908147112
1387.5 0.1903157366554317
1389.375 0.19127757739075676
1391.25 0.19128068919580454
1393.125 0.19174098839028095
1395.0 0.19259521193623944
1396.875 0.19275370323397123
1398.75 0.1942775310236218
1400.625 0.19377016216182258
1402.5 0.19762693044524762
1404.375 0.20063960817869975
1406.25 0.20153681224046077
1408.125 0.20136925827543847
1410.0 0.20431599508293483
1411.875 0.20207007561810245
1413.75 0.20159481248461145
1415.625 0.2006059899395715
1417.5 0.19962841617718757
1419.375 0.2013380988995285
1421.25 0.20202744397594885
1423.125 0.1997816236921539
1425.0 0.19866638871615944
1426.875 0.1992518089218328
1428.75 0.20006783537077064
1430.625 0.2012062890408699
1432.5 0.19943736250512123
1434.375 0.2002613275695926
1436.25 0.20105525937618265
1438.125 0.2000496525068379
1440.0 0.20181413275233082
1441.875 0.20352733324771574
1443.75 0.20075659319104863
1445.625 0.2013852098922836
1447.5 0.19824344803868257
1449.375 0.20009362173360684
1451.25 0.19994018866878135
1453.125 0.20194848276568306
1455.0 0.20359919616248728
1456.875 0.20542047614832423
1458.75 0.2067584841319018
1460.625 0.2075032738007421
1462.5 0.20924843440666224
1464.375 0.20650128703926168
1466.25 0.20737843380248439
1468.125 0.20644034235806386
1470.0 0.20544576731285588
1471.875 0.20613210629033413
1473.75 0.20412971346515651
1475.625 0.20361677703449851
1477.5 0.20361677703449851
1479.375 0.2067460668726491
1481.25 0.2064572558243444
1483.125 0.21521928266157597
1485.0 0.21472779103084386
1486.875 0.21363558155255838
1488.75 0.2130541967753434
1490.625 0.21459272505437804
1492.5 0.21508498947069313
1494.375 0.21420552435072163
1496.25 0.21474661476522977
1498.125 0.21323968287855108
1500.0 0.20985456588583912
1501.875 0.20836435426904523
1503.75 0.2099096309911648
1505.625 0.21160319059611682
1507.5 0.21216577850047685
1509.375 0.21162482859243834
1511.25 0.21220231018257815
1513.125 0.21350423486499429
1515.0 0.21426181062257008
1516.875 0.21361537548246406
1518.75 0.21168147956122635
1520.625 0.21246508414229925
1522.5 0.22270380814684612
1524.375 0.22171773374305015
1526.25 0.22163465929288714
1528.125 0.2189345113395746
1530.0 0.21706545915406664
1531.875 0.2191353302112795
1533.75 0.21705808256441161
1535.625 0.21723389128452408
1537.5 0.2188265321176713
1539.375 0.21789455270467922
1541.25 0.21924267715406953
1543.125 0.2182837204989103
1545.0 0.21858510687624605
1546.875 0.22206611953447392
1548.75 0.22060520351659588
1550.625 0.22133432671407352
1552.5 0.22126547854395953
1554.375 0.22168668181326404
1556.25 0.22444071399767598
1558.125 0.22812356419951355
1560.0 0.23374305019874633
1561.875 0.2389957791856526
1563.75 0.24040920401679888
1565.625 0.23980678252830145
1567.5 0.2398551870070857
1569.375 0.23973280587204632
1571.25 0.24369558008798511
1573.125 0.2434142861358051
1575.0 0.2422597444749343
1576.875 0.23976877552826914
1578.75 0.24285117133218398
1580.625 0.24289226947454792
1582.5 0.24385761917407484
1584.375 0.24297355246722332
1586.25 0.24486315372391318
1588.125 0.24444760584001085
1590.0 0.24281007318981995
1591.875 0.24288359320004882
1593.75 0.23806643426896587
1595.625 0.2399715614905488
1597.5 0.24143739523486352
1599.375 0.23982227336657708
1601.25 0.2453928982409995
1603.125 0.23306535236914983
1605.0 0.2341718408174104
1606.875 0.23370455142607033
1608.75 0.2302194289536061
1610.625 0.22969245943929484
1612.5 0.23040071742603382
1614.375 0.23299766337741012
1616.25 0.2328063286924046
1618.125 0.23378601005183278
1620.0 0.23349329994899612
1621.875 0.23294058262412687
1623.75 0.2309313401085553
1625.625 0.2315290897569378
1627.5 0.1546581758607075
1629.375 0.1549655337630021
1631.25 0.1550466762492079
1633.125 0.15455729221552003
1635.0 0.15455729221552003
1636.875 0.1523325127755507
1638.75 0.15149094927575937
1640.625 0.150928853144043
1642.5 0.15893640968098996
1644.375 0.15945825070916012
1646.25 0.15988385220071763
1648.125 0.1602162905078395
1650.0 0.1602162905078395
1651.875 0.1602162905078395
1653.75 0.16100883997872106
1655.625 0.1624777844949478
1657.5 0.16416126482697618
1659.375 0.16539476117304452
1661.25 0.166463835192036
1663.125 0.1674693170519482
1665.0 0.16851917399787444
1666.875 0.1689124429062509
1668.75 0.16915587036486826
1670.625 0.16915587036486826
1672.5 0.17007305733938954
1674.375 0.17130371838017716
1676.25 0.1716082609874003
1678.125 0.17107356361725995
1680.0 0.17063523889512444
1681.875 0.18453401815621118
1683.75 0.18476416775344937
1685.625 0.1856070401819314
1687.5 0.18660794764274793
1689.375 0.18724708677779175
1691.25 0.1847198051738162
1693.125 0.18345398238900607
1695.0 0.18340434385668933
1696.875 0.18198952766349014
1698.75 0.1827690823522034
1700.625 0.18191541865710067
1702.5 0.1810504174384137
1704.375 0.1819983618990164
1706.25 0.18351428000093595
1708.125 0.18444222295233384
1710.0 0.18405695421263474
1711.875 0.18383405102994005
1713.75 0.18402640645312196
1715.625 0.184237376917257
1717.5 0.18277976280141503
1719.375 0.18215986582075858
1721.25 0.18197895340976425
1723.125 0.18741878078513832
1725.0 0.18699295836564506
1726.875 0.1866467504245004
1728.75 0.18649206829848544
1730.625 0.18656227814159182
1732.5 0.18560849586555378
1734.375 0.18502353230590668
1736.25 0.18652470804925428
1738.125 0.18659425875171637
1740.0 0.1860195697276603
1741.875 0.1866015968978444
1743.75 0.18676648493748257
1745.625 0.1850787212244024
1747.5 0.18506781544283393
1749.375 0.18512029047669393
1751.25 0.18330133037484994
1753.125 0.1833220778081067
1755.0 0.1830608762810824
1756.875 0.18376270609683623
1758.75 0.1847235595893353
1760.625 0.18608777616204034
1762.5 0.1888255421125664
1764.375 0.18859523134614248
1766.25 0.18724773710959386
1768.125 0.18641093326646088
1770.0 0.185956442361486
1771.875 0.1852350315228004
1773.75 0.1864371521869464
1775.625 0.18759399279248784
1777.5 0.18638748521620715
1779.375 0.18731637348686758
1781.25 0.18812639328422917
1783.125 0.18837306065673423
1785.0 0.18812113255670487
1786.875 0.18667763934105974
1788.75 0.18787636664346302
1790.625 0.18853210000582332
1792.5 0.18807880394959592
1794.375 0.1883798039341402
1796.25 0.1903035142238418
1798.125 0.1907098062440579
1800.0 0.19197801970512315
1801.875 0.20136333634099818
1803.75 0.20282277704094517
1805.625 0.2027588465972679
1807.5 0.2043955382749127
1809.375 0.20503342731563123
1811.25 0.2052613122791826
1813.125 0.20567510383221468
1815.0 0.205918531290832
1816.875 0.20525822010371514
1818.75 0.205769628526516
1820.625 0.20560210783934177
1822.5 0.20539978961570443
1824.375 0.20659397269745267
1826.25 0.2070579601867566
1828.125 0.20629883885801506
1830.0 0.2064122265458629
1831.875 0.20678168624145807
1833.75 0.20737795132806297
1835.625 0.20645278647884743
1837.5 0.20719929735194062
1839.375 0.20741799567190478
1841.25 0.20729898669213628
1843.125 0.2107531831686317
1845.0 0.2116833215336174
1846.875 0.2123290190147579
1848.75 0.21070569714757903
1850.625 0.21135393233651253
1852.5 0.21019822839786
1854.375 0.21072538148409134
1856.25 0.21144351189909052
1858.125 0.20950807040668698
1860.0 0.20821231974384774
1861.875 0.2089108476575655
1863.75 0.20764968534837638
1865.625 0.20993635582194187
1867.5 0.20978759182407727
1869.375 0.20908099408657857
1871.25 0.20984541953454836
1873.125 0.20818779445920177
1875.0 0.21051516325157427
1876.875 0.20897087420728516
1878.75 0.20857870618667332
1880.625 0.20879157348814825
1882.5 0.2192142513467513
1884.375 0.2203462634150999
1886.25 0.22158650477859246
1888.125 0.22170797262157926
1890.0 0.22286838254820385
1891.875 0.22135061404568013
1893.75 0.222855082262813
1895.625 0.22479699635104133
1897.5 0.22473945895173175
1899.375 0.22403369805423595
1901.25 0.2241657038824443
1903.125 0.2236725261740767
1905.0 0.2251558881004766
1906.875 0.22608858760912545
1908.75 0.22523364464129442
1910.625 0.22482438442190764
1912.5 0.22364346267136562
1914.375 0.22141183354100236
1916.25 0.22133841891062567
1918.125 0.21939457291281564
1920.0 0.21847945427617801
1921.875 0.2253582233105688
1923.75 0.22105000279207668
1925.625 0.223472431443098
1927.5 0.22441839124981733
1929.375 0.22503192101450123
1931.25 0.22412073655901296
1933.125 0.22383789703566712
1935.0 0.22366553153969382
1936.875 0.22465731401881808
1938.75 0.22897599340607921
1940.625 0.22962256905265485
1942.5 0.23058405482426717
1944.375 0.22985373917056715
1946.25 0.23213918227879501
1948.125 0.23162471784028
1950.0 0.2326785866156678
1951.875 0.2302624724906929
1953.75 0.23132280456368318
1955.625 0.2294056919336145
1957.5 0.22855513601976743
1959.375 0.2288715196139658
1961.25 0.23024305595385658
1963.125 0.23093572082187513
1965.0 0.2298156249419133
1966.875 0.23015970772270497
1968.75 0.22902796323653007
1970.625 0.23070887725921627
1972.5 0.23109000105806157
1974.375 0.2295453648801417
1976.25 0.2312987099879172
1978.125 0.2345712637351545
1980.0 0.23305291569781914
1981.875 0.22931361887058094
1983.75 0.2273277050508896
1985.625 0.22845716630693313
1987.5 0.22668130503740097
1989.375 0.2265607504864667
1991.25 0.22400823970610778
1993.125 0.22624763181891763
1995.0 0.22468133594882428
1996.875 0.22344062869545878
1998.75 0.22499354132432076
2000.625 0.2236765741845688
2002.5 0.23095174660699602
2004.375 0.2313361547445687
2006.25 0.23158383252389206
2008.125 0.23460001465399827
2010.0 0.2356635608124812
2011.875 0.23388583783222652
2013.75 0.23388538118620025
2015.625 0.2337455069956932
2017.5 0.23308287848496334
2019.375 0.23548420430401065
2021.25 0.2359383212138238
2023.125 0.23711102333589298
2025.0 0.23825783714093468
2026.875 0.23820093202073842
2028.75 0.23939140821121463
2030.625 0.23885210925419412
2032.5 0.23968714589134313
2034.375 0.24178018295273462
2036.25 0.24409811818206223
2038.125 0.24423876515815224
2040.0 0.2449922311014916
2041.875 0.23295804055297722
2043.75 0.22950670988645666
2045.625 0.22606679537059282
2047.5 0.2253593101694367
2049.375 0.22703565773186027
2051.25 0.2299718916807524
2053.125 0.23253139265797493
2055.0 0.231818111564947
2056.875 0.23271450771450777
2058.75 0.23196789146156238
2060.625 0.2339459766674957
2062.5 0.23449851835927787
2064.375 0.23186869389401038
2066.25 0.23403867581082774
2068.125 0.23654977230926608
2070.0 0.240049964100597
2071.875 0.2444378406403723
2073.75 0.24630971328663065
2075.625 0.24649662201784317
2077.5 0.24651169133670997
2079.375 0.2456736053720417
2081.25 0.24769289410019116
2083.125 0.24260343363098388
2085.0 0.2451191317163022
2086.875 0.24555870620650957
2088.75 0.2468245289913197
2090.625 0.2468797831604979
2092.5 0.24714547056319203
2094.375 0.248351016072535
2096.25 0.24028081623018327
2098.125 0.24258878583152593
2100.0 0.24312534491238877
2101.875 0.2429846979362988
2103.75 0.2447856292793001
2105.625 0.24246495417381486
2107.5 0.143692453819036
2109.375 0.14313689123815698
2111.25 0.14141076925887044
2113.125 0.13899419848786929
2115.0 0.13999481531127092
2116.875 0.1406896900567786
2118.75 0.14076500152449511
2120.625 0.14172852463991695
2122.5 0.14758734339993887
2124.375 0.1468179064820519
2126.25 0.14796844370853848
2128.125 0.1476480187045692
2130.0 0.14796949750706065
2131.875 0.14844207861999917
2133.75 0.1479487326736219
2135.625 0.14851015367827683
2137.5 0.1490643342497008
2139.375 0.1501586316954502
2141.25 0.15078100510263376
2143.125 0.15113107697169295
2145.0 0.15147378464872677
2146.875 0.15087418438223774
2148.75 0.14971900864785995
2150.625 0.15058452850072157
2152.5 0.15094696493910736
2154.375 0.15012956855209075
2156.25 0.15022546421760666
2158.125 0.15021253022732423
2160.0 0.15063617789594583
2161.875 0.16563774034528822
2163.75 0.1652204819478427
2165.625 0.16468716745716644
2167.5 0.16507187830353032
2169.375 0.1657473173389033
2171.25 0.16651939832319573
2173.125 0.16603654784034527
2175.0 0.16460082587223313
2176.875 0.16450900489433623
2178.75 0.16414052298021806
2180.625 0.16629482602804307
2182.5 0.16561238610509676
2184.375 0.16506235596645902
2186.25 0.1655167538892114
2188.125 0.16493909666598458
2190.0 0.1659880477149356
2191.875 0.16628943409227137
2193.75 0.1672132424341735
2195.625 0.1662198947543031
2197.5 0.16459047477584135
2199.375 0.1644995970509353
2201.25 0.16565636925201133
2203.125 0.18026538223612712
2205.0 0.1797365861377108
2206.875 0.18016141114614673
2208.75 0.18066326512901335
2210.625 0.180895100803887
2212.5 0.18064090518826564
2214.375 0.17958061340757178
2216.25 0.17634822825235089
2218.125 0.17667358234725078
2220.0 0.17555525106324563
2221.875 0.17525411057223172
2223.75 0.17425110513884656
2225.625 0.17649295611487475
2227.5 0.17748745905807858
2229.375 0.17682651662498422
2231.25 0.17655063217188458
2233.125 0.17608522205457572
2235.0 0.17571872849187964
2236.875 0.17625827333522195
2238.75 0.17739142701863625
2240.625 0.17775083843538197
2242.5 0.19238736583790852
2244.375 0.19308877413425354
2246.25 0.19281351113952902
2248.125 0.19371195153859644
2250.0 0.1940325891510395
2251.875 0.19312370238958387
2253.75 0.19295156440099018
2255.625 0.19170961118584265
2257.5 0.1912438655168991
2259.375 0.19022289281871121
2261.25 0.1906561755118599
2263.125 0.18932012635377055
2265.0 0.19055156018014108
2266.875 0.1867713261622224
2268.75 0.1870853932484414
2270.625 0.18796101097067117
2272.5 0.18732056491883273
2274.375 0.1881203979971468
2276.25 0.18698480714636612
2278.125 0.1864895745308803
2280.0 0.1876972039295196
2281.875 0.19764401970774192
2283.75 0.19856368000938288
2285.625 0.19860589480842644
2287.5 0.19865604811425244
2289.375 0.2000284243935535
2291.25 0.20076397576201627
2293.125 0.20083406782764074
2295.0 0.20071428606228933
2296.875 0.20128797397774942
2298.75 0.20121898236488506
2300.625 0.2012714966579057
2302.5 0.20146767881611316
2304.375 0.202602603294299
2306.25 0.20296576999657295
2308.125 0.20323238102267768
2310.0 0.20187842555479815
2311.875 0.20287623224880738
2313.75 0.20237444851917558
2315.625 0.20383336231986154
2317.5 0.2025862082990664
2319.375 0.19955041442383215
2321.25 0.2002514012007683
2323.125 0.206430782969953
2325.0 0.20677969566063784
2326.875 0.207552832509724
2328.75 0.2065854413338444
2330.625 0.20559508148272504
2332.5 0.20521550325504553
2334.375 0.20606577815595337
2336.25 0.20711933492432769
2338.125 0.2069109555647942
2340.0 0.20614196365656176
2341.875 0.2069307256515784
2343.75 0.20465174584095305
2345.625 0.2059198869825119
2347.5 0.20455908182423838
2349.375 0.20498741579687618
2351.25 0.20493216162769795
2353.125 0.20503020001687555
2355.0 0.2060865979087165
2356.875 0.20512764125355734
2358.75 0.20423068492688748
2360.625 0.20614283747195145
2362.5 0.22067032271895692
2364.375 0.22064211604518058
2366.25 0.2214598636983713
2368.125 0.2217222130392761
2370.0 0.21971342716973077
2371.875 0.21952051548448065
2373.75 0.22099114401207123
2375.625 0.22171605201546024
2377.5 0.22199425482530863
2379.375 0.22057743407676786
2381.25 0.22144175962463772
2383.125 0.22168262468895386
2385.0 0.2210636058737325
2386.875 0.22284452537617097
2388.75 0.22260668304972103
2390.625 0.22306642021831896
2392.5 0.2241781404663013
2394.375 0.22490796826239864
2396.25 0.22387989068927264
2398.125 0.22330820499100473
2400.0 0.2225273671476203
2401.875 0.22585420804892137
2403.75 0.22691322287375898
2405.625 0.2281438839145466
2407.5 0.22773313391332747
2409.375 0.22979647141970297
2411.25 0.22889547368326224
2413.125 0.229416506799232
2415.0 0.22886241643687658
2416.875 0.22934484540031821
2418.75 0.23153422134248638
2420.625 0.23232878542818972
2422.5 0.23317449386883485
2424.375 0.23642307369969315
2426.25 0.23590592207494657
2428.125 0.23663456796368182
2430.0 0.2359268368762039
2431.875 0.23514323229513098
2433.75 0.23414089426747653
2435.625 0.23497016345117608
2437.5 0.23303124442364948
2439.375 0.22957900046507645
2441.25 0.23001190089797688
2443.125 0.24140364682062374
2445.0 0.24329781453757626
2446.875 0.2424853255456383
2448.75 0.24288871961991848
2450.625 0.24084106511507858
2452.5 0.24161926019707108
2454.375 0.24201517230184394
2456.25 0.24046303245856493
2458.125 0.24197600612343734
2460.0 0.23714285631634857
2461.875 0.23151430764982522
2463.75 0.23103208944608802
2465.625 0.2323134381957912
2467.5 0.2339409246334042
2469.375 0.23404093011315658
2471.25 0.23459259363950363
2473.125 0.23482274323674185
2475.0 0.23609362425445832
2476.875 0.23378941733372124
2478.75 0.2349145931424413
2480.625 0.23844573148370618
2482.5 0.24994773262643702
2484.375 0.25185897187944845
2486.25 0.25246307944558133
2488.125 0.253356860728417
2490.0 0.2543071059824597
2491.875 0.2526712387471881
2493.75 0.2540807293971851
2495.625 0.2563316430405038
2497.5 0.25518458334914035
2499.375 0.25449462633006936
2501.25 0.25443229414748403
2503.125 0.2592946610351674
2505.0 0.25977893414602277
2506.875 0.2576126053974156
2508.75 0.2562974648417687
2510.625 0.2551617861744444
2512.5 0.25622577141564484
2514.375 0.2532205839167864
2516.25 0.25420511274941654
2518.125 0.2551426070413412
2520.0 0.25763315446859747
2521.875 0.2704430941772714
2523.75 0.2685853878891853
2525.625 0.26835018005904077
2527.5 0.2708754325842933
2529.375 0.27220518581278075
2531.25 0.27460380688228786
2533.125 0.2758504505339949
2535.0 0.26701378789986385
2536.875 0.26839468548329304
2538.75 0.270751927397497
2540.625 0.26951757806188176
2542.5 0.2687755282691991
2544.375 0.2690568222213791
2546.25 0.2720390017858372
2548.125 0.2730838078939344
2550.0 0.2727673521977319
2551.875 0.2719877871776606
2553.75 0.27855453266845676
2555.625 0.2847283869435769
2557.5 0.288616271211208
2559.375 0.2896861928507499
2561.25 0.2871070560943979
2563.125 0.28568586828080506
2565.0 0.2858776596118369
2566.875 0.2884316808367442
2568.75 0.2864845773073622
2570.625 0.2841068214485936
2572.5 0.28210699286648655
2574.375 0.2820266231658637
2576.25 0.28374863533091377
2578.125 0.28495678020994475
2580.0 0.29248732982910197
2581.875 0.2936828291258671
2583.75 0.29438195419208074
2585.625 0.2904529717820857
2587.5 0.1610336217931154
2589.375 0.16185734097126495
2591.25 0.16185734097126495
2593.125 0.16120820108161873
2595.0 0.1607479018871423
2596.875 0.16141917154575375
2598.75 0.16157899765494696
2600.625 0.16181399472538707
2602.5 0.16225222265901024
2604.375 0.16145149385195234
2606.25 0.16192928610189647
2608.125 0.16206838750682065
2610.0 0.16234659031666904
2611.875 0.16273009239413985
2613.75 0.16300745216517049
2615.625 0.16163540648932734
2617.5 0.16189112826403645
2619.375 0.1607064479654321
2621.25 0.16137489716329306
2623.125 0.16174204056841118
2625.0 0.15987892478124477
2626.875 0.15951220289553555
2628.75 0.15993856977759865
2630.625 0.15948115096574947
2632.5 0.15983461902408094
2634.375 0.16124381109782998
2636.25 0.16124381109782998
2638.125 0.16133970676334589
2640.0 0.16290355856037558
2641.875 0.17157841944689928
2643.75 0.17018240502035617
2645.625 0.16984223369172616
2647.5 0.17098867308835172
2649.375 0.17113428993704888
2651.25 0.16931152016937961
2653.125 0.16817952979688292
2655.0 0.16856739088094658
2656.875 0.16975734017216168
2658.75 0.16930218626351295
2660.625 0.16961907718413183
2662.5 0.16851827924789084
2664.375 0.16767439739135076
2666.25 0.1687966928174437
2668.125 0.1680350312796329
2670.0 0.16884179153352646
2671.875 0.1703663125573029
2673.75 0.17108036643591373
2675.625 0.17072720342452288
2677.5 0.1682427680286951
2679.375 0.16823315779942738
2681.25 0.16914886738974608
2683.125 0.171488587353305
2685.0 0.17026374803278435
2686.875 0.16917102921854654
2688.75 0.17005950224961078
2690.625 0.16996360658409485
2692.5 0.1702552500775254
2694.375 0.17080774370130483
2696.25 0.16865833418278844
2698.125 0.168919917970061
2700.0 0.16757344680747407
2701.875 0.16674502305511724
2703.75 0.1655405984981238
2705.625 0.16587094160583105
2707.5 0.16606273293686288
2709.375 0.1649498475291936
2711.25 0.16612361791368624
2713.125 0.16482561991095518
2715.0 0.1651393357310001
2716.875 0.165235231396516
2718.75 0.16586471794372407
2720.625 0.1661524049402718
2722.5 0.18188984838277467
2724.375 0.17955261314345455
2726.25 0.18011337343057374
2728.125 0.18038740079487428
2730.0 0.18101953940169643
2731.875 0.18152704876996528
2733.75 0.1800124019688428
2735.625 0.17932469305328577
2737.5 0.1791473914519335
2739.375 0.17863117998077044
2741.25 0.17883865349770428
2743.125 0.17900982365555
2745.0 0.1786070618603831
2746.875 0.17868820434658889
2748.75 0.17808214725319005
2750.625 0.17809700271294499
2752.5 0.1769801870391673
2754.375 0.1776347364278939
2756.25 0.17816341420507267
2758.125 0.17578790829858743
2760.0 0.17672524636950313
2761.875 0.1860017238882309
2763.75 0.18599639394060757
2765.625 0.1862592112920325
2767.5 0.1853833069018043
2769.375 0.18615531969913357
2771.25 0.18795759618495436
2773.125 0.1889542381542812
2775.0 0.1906950823188037
2776.875 0.190019970754383
2778.75 0.18948190226210754
2780.625 0.18967008849293204
2782.5 0.18974022895281267
2784.375 0.18950916606352194
2786.25 0.18935847287485408
2788.125 0.18760115845931183
2790.0 0.18924969297270114
2791.875 0.18995531646313477
2793.75 0.19020328971929865
2795.625 0.18977748486311408
2797.5 0.1896233141393231
2799.375 0.18826862101247807
2801.25 0.18789188804080836
2803.125 0.19403434325251154
2805.0 0.1944184559132437
2806.875 0.19524147255904514
2808.75 0.19291402910901675
2810.625 0.19220396030708764
2812.5 0.1913207779644861
2814.375 0.19309007055656346
2816.25 0.19453790707513716
2818.125 0.19208062145515606
2820.0 0.19284399310460365
2821.875 0.19256888143708692
2823.75 0.19330155035665086
2825.625 0.19216176187509018
2827.5 0.19207227371784333
2829.375 0.1920004749118673
2831.25 0.1935859499150638
2833.125 0.19303418100886452
2835.0 0.19191853837923123
2836.875 0.19163896563130406
2838.75 0.19227187702370913
2840.625 0.19191797635335275
2842.5 0.20841807531906284
2844.375 0.21016611630761017
2846.25 0.21364407295012375
2848.125 0.21453348820104307
2850.0 0.21351400838409487
2851.875 0.2110984211583811
2853.75 0.21144533163187382
2855.625 0.21212744981457987
2857.5 0.21269003771893988
2859.375 0.21157165891068772
2861.25 0.21123101543899434
2863.125 0.20860396597650188
2865.0 0.20968905818221953
2866.875 0.21021968086474094
2868.75 0.21184851451144504
2870.625 0.21217478717282767
2872.5 0.21314997232522798
2874.375 0.214418890384913
2876.25 0.2164931171426841
2878.125 0.2118205837393046
2880.0 0.210341462889764
2881.875 0.2096609821729349
2883.75 0.21029004410132668
2885.625 0.2092415145717845
2887.5 0.20941181879869805
2889.375 0.20951152880160984
2891.25 0.21050077906487352
2893.125 0.21269249696278728
2895.0 0.21376615235513216
2896.875 0.2152524297907767
2898.75 0.21687454185592678
2900.625 0.2189174398035157
2902.5 0.22044600968651595
2904.375 0.2201927467750252
2906.25 0.2209807421832738
2908.125 0.22135884509302226
2910.0 0.21978814083244463
2911.875 0.21933226759176125
2913.75 0.21819017184606793
2915.625 0.21724080475746035
2917.5 0.21861972415769884
2919.375 0.21446904010195153
2921.25 0.21399447950080858
2923.125 0.21810705014353562
2925.0 0.21905255330422865
2926.875 0.21728870533784905
2928.75 0.21759638867792255
2930.625 0.21673652421046316
2932.5 0.2184220491182516
2934.375 0.21929125726594076
2936.25 0.22157578708211614
2938.125 0.22517742454451303
2940.0 0.22329534038394788
2941.875 0.2201390557403215
2943.75 0.21895764221713582
2945.625 0.2191183816183816
2947.5 0.2201543533822014
2949.375 0.21945089017873826
2951.25 0.2219323046854692
2953.125 0.22448650154346353
2955.0 0.2219951462040069
2956.875 0.22319837335660114
2958.75 0.22171312568547738
2960.625 0.2197579781607096
2962.5 0.2352750976168697
2964.375 0.2364909703517298
2966.25 0.23695516860073818
2968.125 0.23740015259002595
2970.0 0.23753897298201088
2971.875 0.2366019704627299
2973.75 0.23549495511520824
2975.625 0.2345646617798516
2977.5 0.23475553981883093
2979.375 0.23471865687055554
2981.25 0.23385396249320295
2983.125 0.2303839093396055
2985.0 0.23491475121221955
2986.875 0.23515939053913737
2988.75 0.23767038165772336
2990.625 0.23437831507451765
2992.5 0.2354651326170313
2994.375 0.23273705900288177
2996.25 0.23417503733959424
2998.125 0.2331066612712182
3000.0 0.23302783714176115
3001.875 0.2397404107847146
3003.75 0.24107892810424456
3005.625 0.23874339443959702
3007.5 0.2403224763984258
3009.375 0.23657021600059583
3011.25 0.23798536203599502
3013.125 0.23795778764133205
3015.0 0.23601170278385475
3016.875 0.2337420315268417
3018.75 0.23105835795709218
3020.625 0.23144331055723466
3022.5 0.23106931746172255
3024.375 0.23087661283863817
3026.25 0.2311277681530846
3028.125 0.23003729744236068
3030.0 0.2314428539112083
3031.875 0.22924364664870983
3033.75 0.23221641227970335
3035.625 0.23495207324321246
3037.5 0.23215550272512295
3039.375 0.23168294434117212
3041.25 0.237499701423752
3043.125 0.25600837278052474
3045.0 0.2604843209939813
3046.875 0.2605993957926004
3048.75 0.2597356932799972
3050.625 0.2595391598556156
3052.5 0.2615776277168682
3054.375 0.259889864003788
3056.25 0.2610552246628196
3058.125 0.2537415819061388
3060.0 0.25367872592369983
3061.875 0.2531729026330664
3063.75 0.25355495418786556
3065.625 0.2511939537255993
3067.5 0.1355925017317422
3069.375 0.13624627833488587
3071.25 0.13614718614718607
3073.125 0.13501242077191436
3075.0 0.13568369043052583
3076.875 0.1349186327034428
3078.75 0.13413671420000528
3080.625 0.1343801416586226
3082.5 0.143931744982515
3084.375 0.14444904543319317
3086.25 0.14404468537693438
3088.125 0.14420291322503562
3090.0 0.14549887464757932
3091.875 0.14544827845274597
3093.75 0.14484782405482322
3095.625 0.14501329108551736
3097.5 0.1428201008059533
3099.375 0.14267064428084525
3101.25 0.14180758329120197
3103.125 0.14180758329120197
3105.0 0.14215533680351244
3106.875 0.14254713909404892
3108.75 0.1422581875392746
3110.625 0.1423787420902089
3112.5 0.14268244682429337
3114.375 0.14275245417278173
3116.25 0.142437368414658
3118.125 0.14326038506045946
3120.0 0.1436120025006845
3121.875 0.1546511622445228
3123.75 0.1551540171728588
3125.625 0.1553335741096756
3127.5 0.15581650706371478
3129.375 0.15652027808727265
3131.25 0.15699155587220404
3133.125 0.1572792428687518
3135.0 0.1572792428687518
3136.875 0.15868142402854554
3138.75 0.1590793383505105
3140.625 0.15958129771322932
3142.5 0.15765452787340153
3144.375 0.1580655092970412
3146.25 0.157720521543659
3148.125 0.1585978191447094
3150.0 0.1584151689992893
3151.875 0.15927183694456484
3153.75 0.1602234201094764
3155.625 0.16104872999051384
3157.5 0.1622189144149993
3159.375 0.16104796862380036
3161.25 0.16171797372418523
3163.125 0.17770876332717456
3165.0 0.1772433873033473
3166.875 0.17633810846962858
3168.75 0.17441081635246306
3170.625 0.17473538629728616
3172.5 0.1749669779346073
3174.375 0.17566884102820926
3176.25 0.17637132378579254
3178.125 0.17477640766134708
3180.0 0.17492204261710861
3181.875 0.17479510241688398
3183.75 0.17336615162084454
3185.625 0.17355179062815146
3187.5 0.17438265807294295
3189.375 0.17264108223076752
3191.25 0.1737164595886232
3193.125 0.17497920955566829
3195.0 0.172880653482801
3196.875 0.1734011225066207
3198.75 0.1740978802236982
3200.625 0.1729752004710855
3202.5 0.17116678878984395
3204.375 0.17007121875246872
3206.25 0.17163329691301235
3208.125 0.17271946977878314
3210.0 0.17286041326484947
3211.875 0.1732963723234914
3213.75 0.1732963723234914
3215.625 0.17227443880900392
3217.5 0.17228211397490695
3219.375 0.1720846672584729
3221.25 0.1732497665341455
3223.125 0.17150465997754075
3225.0 0.17233033678491602
3226.875 0.17157022261266483
3228.75 0.17220475912769279
3230.625 0.17148398883320695
3232.5 0.1735828734432606
3234.375 0.17384105408118808
3236.25 0.17292045569223524
3238.125 0.1744935857556855
3240.0 0.1742991619946199
3241.875 0.18101788459001295
3243.75 0.18136036910971268
3245.625 0.18126995319651193
3247.5 0.1829962332455768
3249.375 0.18238495984949327
3251.25 0.1837034446657443
3253.125 0.18186426674395476
3255.0 0.1823874622131666
3256.875 0.18214302157457696
3258.75 0.18256418971726407
3260.625 0.1822684855868615
3262.5 0.18196086733434377
3264.375 0.1824210847479648
3266.25 0.182560186152889
3268.125 0.18547731535445605
3270.0 0.1869782025266604
3271.875 0.18892881871778294
3273.75 0.18779405334251123
3275.625 0.18784112300983408
3277.5 0.18524849948116784
3279.375 0.18342834354708787
3281.25 0.18327103731050112
3283.125 0.19376223224638003
3285.0 0.19341516060370154
3286.875 0.19239746300039431
3288.75 0.19212421304360008
3290.625 0.19161533373725242
3292.5 0.1923310695609555
3294.375 0.19169668285061942
3296.25 0.1925748338218456
3298.125 0.19380163093471867
3300.0 0.19297361151909098
3301.875 0.19239886980510873
3303.75 0.19274957395328124
3305.625 0.19267034309457
3307.5 0.19425630987041023
3309.375 0.19538650878541927
3311.25 0.19590305602571928
3313.125 0.19499889689371205
3315.0 0.1960101700235728
3316.875 0.19854501211537692
3318.75 0.19820455460812864
3320.625 0.19865921288110414
3322.5 0.1936745903571941
3324.375 0.19526508846667953
3326.25 0.19533548220795935
3328.125 0.1953737350943135
3330.0 0.19596006859203938
3331.875 0.1966088494941808
3333.75 0.19866956283560896
3335.625 0.20092377838096373
3337.5 0.20198601762265198
3339.375 0.1994666488058148
3341.25 0.2003367878088652
3343.125 0.20138616037722512
3345.0 0.20143188696800013
3346.875 0.20226069950567344
3348.75 0.2017221382076185
3350.625 0.20252766179795223
3352.5 0.200744423938765
3354.375 0.19842157098300064
3356.25 0.19886514990759221
3358.125 0.20045635054942576
3360.0 0.1993087990854186
3361.875 0.2140940892895472
3363.75 0.21293101186064697
3365.625 0.21365429370827732
3367.5 0.21445193137300358
3369.375 0.21354356737826577
3371.25 0.21526168048878397
3373.125 0.21335563997514853
3375.0 0.21108682105517546
3376.875 0.21071049203960596
3378.75 0.20994332671547858
3380.625 0.20806897041074252
3382.5 0.2089028060547047
3384.375 0.20979540852958564
3386.25 0.20834099093592756
3388.125 0.20801951213343614
3390.0 0.20730598515408633
3391.875 0.2068170226398074
3393.75 0.2076452380249848
3395.625 0.20641236400730067
3397.5 0.20287701047194714
3399.375 0.20466938125165968
3401.25 0.20545994090297887
3403.125 0.22813875439526965
3405.0 0.2263058320020345
3406.875 0.2289429628037222
3408.75 0.22629645319518732
3410.625 0.22544010138946843
3412.5 0.22701770803036622
3414.375 0.22605341212936148
3416.25 0.2260479323770463
3418.125 0.2295072192224091
3420.0 0.22796763714485235
3421.875 0.22568753328247002
3423.75 0.22905870500807213
3425.625 0.22634622761205042
3427.5 0.22481611215788433
3429.375 0.22533303545961775
3431.25 0.22564387089703544
3433.125 0.22658245411409966
3435.0 0.22658245411409966
3436.875 0.2275628731324934
3438.75 0.22362187741934572
3440.625 0.22481737671611088
3442.5 0.22622486514891574
3444.375 0.22611565649540333
3446.25 0.22650556194859994
3448.125 0.22636934092630295
3450.0 0.2289598587066941
3451.875 0.2305325476211552
3453.75 0.22892150044048776
3455.625 0.2277707524542967
3457.5 0.2301219174636896
3459.375 0.23123219958662997
3461.25 0.2331569977139597
3463.125 0.23452560098129716
3465.0 0.23659325906161346
3466.875 0.2363247511981689
3468.75 0.23711246559347818
3470.625 0.23785588532423965
3472.5 0.2413994936146834
3474.375 0.2388167036901213
3476.25 0.24308908391186868
3478.125 0.2419853704663831
3480.0 0.24328365024567553
3481.875 0.24690574896271095
3483.75 0.247418562450208
3485.625 0.24895893487665635
3487.5 0.248143821719771
3489.375 0.2509566207351017
3491.25 0.25073423412031004
3493.125 0.2505959055009687
3495.0 0.2534175212972681
3496.875 0.25402338519427115
3498.75 0.2547244773510595
3500.625 0.2525892005322384
3502.5 0.2504744727845992
3504.375 0.25116650227409715
3506.25 0.2514678886514329
3508.125 0.24890610444407907
3510.0 0.24980661040787622
3511.875 0.25199919630299367
3513.75 0.25044933968984595
3515.625 0.2516448389866111
3517.5 0.2469445814382523
3519.375 0.23921265092151164
3521.25 0.24215812317078136
3523.125 0.2543316915152358
3525.0 0.2515680697642723
3526.875 0.25717613961284846
3528.75 0.2554060742351882
3530.625 0.2590478262946617
3532.5 0.26072809047492596
3534.375 0.26308301403238116
3536.25 0.2632105236535616
3538.125 0.2647356160014388
3540.0 0.2683220085118819
3541.875 0.2706496386876134
3543.75 0.2716442137328213
3545.625 0.27193190072936907
3547.5 0.14080624017332877
3549.375 0.138849968596804
3551.25 0.13896504339542312
3553.125 0.13856839363168477
3555.0 0.13863794433414686
3556.875 0.13863794433414686
3558.75 0.13875301913276594
3560.625 0.13905756690566815
3562.5 0.1472337182836876
3564.375 0.147070439075279
3566.25 0.14781905754541647
3568.125 0.14819926805220926
3570.0 0.1494611390925613
3571.875 0.15047952998436992
3573.75 0.1505289882616763
3575.625 0.15121543261900672
3577.5 0.1523541270097488
3579.375 0.1531244537294426
3581.25 0.153829971840024
3583.125 0.15368391536485362
3585.0 0.15410190144925817
3586.875 0.15463435071588466
3588.75 0.15346442359659046
3590.625 0.15357949839520954
3592.5 0.153672573599975
3594.375 0.15376846926549093
3596.25 0.1543438432585864
3598.125 0.1554412990004949
3600.0 0.15603622818812699
