0	0.170000051610886
1000	0.170047181833504
2000	0.170086380332671
3000	0.170118982192816
4000	0.170146097705135
5000	0.170168650238046
6000	0.170187407721203
7000	0.170203008822059
8000	0.17021598471106
9000	0.170226777159842
10000	0.170235753590919
11000	0.170243219592805
12000	0.17024942932777
13000	0.17025459418727
14000	0.170258889990267
15000	0.170262462969833
16000	0.170265434752075
17000	0.170267906497068
18000	0.17026996234285
19000	0.170271672269818
20000	0.170273094483074
21000	0.170274277393861
22000	0.170275261267565
23000	0.170276079594395
24000	0.170276760229415
25000	0.17027732634074
26000	0.170277797198182
27000	0.170278188829191
28000	0.170278514564422
29000	0.170278785491506
30000	0.170279010832461
31000	0.170279198257606
32000	0.170279354146651
33000	0.170279483805855
34000	0.170279591648644
35000	0.170279681345843
36000	0.170279755950625
37000	0.170279818002433
38000	0.170279869613428
39000	0.170279912540377
40000	0.170279948244455
41000	0.170279977940979
42000	0.170280002640778
43000	0.170280023184598
44000	0.170280040271724
45000	0.170280054483777
46000	0.170280066304516
47000	0.170280076136303
48000	0.170280084313798
49000	0.17028009111535
50000	0.170280096772476
51000	0.170280101477737
52000	0.170280105391292
53000	0.170280108646355
54000	0.170280111353722
55000	0.170280113605548
56000	0.170280115478483
57000	0.170280117036279
58000	0.170280118331961
59000	0.170280119409632
60000	0.170280120305974
61000	0.170280121051498
62000	0.170280121671581
63000	0.170280122187329
64000	0.170280122616297
65000	0.170280122973087
66000	0.170280123269844
67000	0.170280123516669
68000	0.170280123721963
69000	0.170280123892715
70000	0.170280124034735
71000	0.17028012415286
72000	0.170280124251109
73000	0.170280124332826
74000	0.170280124400794
75000	0.170280124457326
76000	0.170280124504346
77000	0.170280124543454
78000	0.170280124575982
79000	0.170280124603036
80000	0.170280124625539
81000	0.170280124644255
82000	0.170280124659822
83000	0.17028012467277
84000	0.170280124683539
85000	0.170280124692496
86000	0.170280124699947
87000	0.170280124706143
88000	0.170280124711297
89000	0.170280124715583
90000	0.170280124719149
91000	0.170280124722114
92000	0.170280124724581
93000	0.170280124726632
94000	0.170280124728338
95000	0.170280124729758
96000	0.170280124730938
97000	0.17028012473192
98000	0.170280124732736
99000	0.170280124733415
100000	0.170280124733981
101000	0.170280124734451
102000	0.170280124734841
103000	0.170280124735166
104000	0.170280124735435
105000	0.170280124735661
106000	0.170280124735847
107000	0.170280124736002
108000	0.170280124736132
109000	0.170280124736243
110000	0.170280124736327
111000	0.170280124736405
112000	0.170280124736461
113000	0.170280124736516
114000	0.17028012473656
115000	0.170280124736587
116000	0.170280124736615
117000	0.170280124736643
118000	0.170280124736671
119000	0.170280124736698
120000	0.170280124736698
121000	0.170280124736698
122000	0.170280124736698
123000	0.170280124736698
124000	0.170280124736698
125000	0.170280124736698
126000	0.170280124736698
127000	0.170280124736698
128000	0.170280124736698
129000	0.170280124736698
130000	0.170280124736698
131000	0.170280124736698
132000	0.170280124736698
133000	0.170280124736698
134000	0.170280124736698
135000	0.170280124736698
136000	0.170280124736698
137000	0.170280124736698
138000	0.170280124736698
139000	0.170280124736698
140000	0.170280124736698
141000	0.170280124736698
142000	0.170280124736698
143000	0.170280124736698
144000	0.170280124736698
145000	0.170280124736698
146000	0.170280124736698
147000	0.170280124736698
148000	0.170280124736698
149000	0.170280124736698
150000	0.170280124736698
151000	0.170280124736698
152000	0.170280124736698
153000	0.170280124736698
154000	0.170280124736698
155000	0.170280124736698
156000	0.170280124736698
157000	0.170280124736698
158000	0.170280124736698
159000	0.170280124736698
160000	0.170280124736698
161000	0.170280124736698
162000	0.170280124736698
163000	0.170280124736698
164000	0.170280124736698
165000	0.170280124736698
166000	0.170280124736698
167000	0.170280124736698
168000	0.170280124736698
169000	0.170280124736698
170000	0.170280124736698
171000	0.170280124736698
172000	0.170280124736698
173000	0.170280124736698
174000	0.170280124736698
175000	0.170280124736698
176000	0.170280124736698
177000	0.170280124736698
178000	0.170280124736698
179000	0.170280124736698
180000	0.170280124736698
181000	0.170280124736698
182000	0.170280124736698
183000	0.170280124736698
184000	0.170280124736698
185000	0.170280124736698
186000	0.170280124736698
187000	0.170280124736698
188000	0.170280124736698
189000	0.170280124736698
190000	0.170280124736698
191000	0.170280124736698
192000	0.170280124736698
193000	0.170280124736698
194000	0.170280124736698
195000	0.170280124736698
196000	0.170280124736698
197000	0.170280124736698
198000	0.170280124736698
199000	0.170280124736698
200000	0.170280124736698
201000	0.170280124736698
202000	0.170280124736698
203000	0.170280124736698
204000	0.170280124736698
205000	0.170280124736698
206000	0.170280124736698
207000	0.170280124736698
208000	0.170280124736698
209000	0.170280124736698
210000	0.170280124736698
211000	0.170280124736698
212000	0.170280124736698
213000	0.170280124736698
214000	0.170280124736698
215000	0.170280124736698
216000	0.170280124736698
217000	0.170280124736698
218000	0.170280124736698
219000	0.170280124736698
220000	0.170280124736698
221000	0.170280124736698
222000	0.170280124736698
223000	0.170280124736698
224000	0.170280124736698
225000	0.170280124736698
226000	0.170280124736698
227000	0.170280124736698
228000	0.170280124736698
229000	0.170280124736698
230000	0.170280124736698
231000	0.170280124736698
232000	0.170280124736698
233000	0.170280124736698
234000	0.170280124736698
235000	0.170280124736698
236000	0.170280124736698
237000	0.170280124736698
238000	0.170280124736698
239000	0.170280124736698
240000	0.170280124736698
241000	0.170280124736698
242000	0.170280124736698
243000	0.170280124736698
244000	0.170280124736698
245000	0.170280124736698
246000	0.170280124736698
247000	0.170280124736698
248000	0.170280124736698
249000	0.170280124736698
250000	0.170280124736698
251000	0.170280124736698
252000	0.170280124736698
253000	0.170280124736698
254000	0.170280124736698
255000	0.170280124736698
256000	0.170280124736698
257000	0.170280124736698
258000	0.170280124736698
259000	0.170280124736698
260000	0.170280124736698
261000	0.170280124736698
262000	0.170280124736698
263000	0.170280124736698
264000	0.170280124736698
265000	0.170280124736698
266000	0.170280124736698
267000	0.170280124736698
268000	0.170280124736698
269000	0.170280124736698
270000	0.170280124736698
271000	0.170280124736698
272000	0.170280124736698
273000	0.170280124736698
274000	0.170280124736698
275000	0.170280124736698
276000	0.170280124736698
277000	0.170280124736698
278000	0.170280124736698
279000	0.170280124736698
280000	0.170280124736698
281000	0.170280124736698
282000	0.170280124736698
283000	0.170280124736698
284000	0.170280124736698
285000	0.170280124736698
286000	0.170280124736698
287000	0.170280124736698
288000	0.170280124736698
289000	0.170280124736698
290000	0.170280124736698
291000	0.170280124736698
292000	0.170280124736698
293000	0.170280124736698
294000	0.170280124736698
295000	0.170280124736698
296000	0.170280124736698
297000	0.170280124736698
298000	0.170280124736698
299000	0.170280124736698
300000	0.170280124736698
301000	0.170280124736698
302000	0.170280124736698
303000	0.170280124736698
304000	0.170280124736698
305000	0.170280124736698
306000	0.170280124736698
307000	0.170280124736698
308000	0.170280124736698
309000	0.170280124736698
310000	0.170280124736698
311000	0.170280124736698
312000	0.170280124736698
313000	0.170280124736698
314000	0.170280124736698
315000	0.170280124736698
316000	0.170280124736698
317000	0.170280124736698
318000	0.170280124736698
319000	0.170280124736698
320000	0.170280124736698
321000	0.170280124736698
322000	0.170280124736698
323000	0.170280124736698
324000	0.170280124736698
325000	0.170280124736698
326000	0.170280124736698
327000	0.170280124736698
328000	0.170280124736698
329000	0.170280124736698
330000	0.170280124736698
331000	0.170280124736698
332000	0.170280124736698
333000	0.170280124736698
334000	0.170280124736698
335000	0.170280124736698
336000	0.170280124736698
337000	0.170280124736698
338000	0.170280124736698
339000	0.170280124736698
340000	0.170280124736698
341000	0.170280124736698
342000	0.170280124736698
343000	0.170280124736698
344000	0.170280124736698
345000	0.170280124736698
346000	0.170280124736698
347000	0.170280124736698
348000	0.170280124736698
349000	0.170280124736698
350000	0.170280124736698
351000	0.170280124736698
352000	0.170280124736698
353000	0.170280124736698
354000	0.170280124736698
355000	0.170280124736698
356000	0.170280124736698
357000	0.170280124736698
358000	0.170280124736698
359000	0.170280124736698
360000	0.170280124736698
361000	0.170280124736698
362000	0.170280124736698
363000	0.170280124736698
364000	0.170280124736698
365000	0.170280124736698
366000	0.170280124736698
367000	0.170280124736698
368000	0.170280124736698
369000	0.170280124736698
370000	0.170280124736698
371000	0.170280124736698
372000	0.170280124736698
373000	0.170280124736698
374000	0.170280124736698
375000	0.170280124736698
376000	0.170280124736698
377000	0.170280124736698
378000	0.170280124736698
379000	0.170280124736698
380000	0.170280124736698
381000	0.170280124736698
382000	0.170280124736698
383000	0.170280124736698
384000	0.170280124736698
385000	0.170280124736698
386000	0.170280124736698
387000	0.170280124736698
388000	0.170280124736698
389000	0.170280124736698
390000	0.170280124736698
391000	0.170280124736698
392000	0.170280124736698
393000	0.170280124736698
394000	0.170280124736698
395000	0.170280124736698
396000	0.170280124736698
397000	0.170280124736698
398000	0.170280124736698
399000	0.170280124736698
400000	0.170280124736698
401000	0.170280124736698
402000	0.170280124736698
403000	0.170280124736698
404000	0.170280124736698
405000	0.170280124736698
406000	0.170280124736698
407000	0.170280124736698
408000	0.170280124736698
409000	0.170280124736698
410000	0.170280124736698
411000	0.170280124736698
412000	0.170280124736698
413000	0.170280124736698
414000	0.170280124736698
415000	0.170280124736698
416000	0.170280124736698
417000	0.170280124736698
418000	0.170280124736698
419000	0.170280124736698
420000	0.170280124736698
421000	0.170280124736698
422000	0.170280124736698
423000	0.170280124736698
424000	0.170280124736698
425000	0.170280124736698
426000	0.170280124736698
427000	0.170280124736698
428000	0.170280124736698
429000	0.170280124736698
430000	0.170280124736698
431000	0.170280124736698
432000	0.170280124736698
433000	0.170280124736698
434000	0.170280124736698
435000	0.170280124736698
436000	0.170280124736698
437000	0.170280124736698
438000	0.170280124736698
439000	0.170280124736698
440000	0.170280124736698
441000	0.170280124736698
442000	0.170280124736698
443000	0.170280124736698
444000	0.170280124736698
445000	0.170280124736698
446000	0.170280124736698
447000	0.170280124736698
448000	0.170280124736698
449000	0.170280124736698
450000	0.170280124736698
451000	0.170280124736698
452000	0.170280124736698
453000	0.170280124736698
454000	0.170280124736698
455000	0.170280124736698
456000	0.170280124736698
457000	0.170280124736698
458000	0.170280124736698
459000	0.170280124736698
460000	0.170280124736698
461000	0.170280124736698
462000	0.170280124736698
463000	0.170280124736698
464000	0.170280124736698
465000	0.170280124736698
466000	0.170280124736698
467000	0.170280124736698
468000	0.170280124736698
469000	0.170280124736698
470000	0.170280124736698
471000	0.170280124736698
472000	0.170280124736698
473000	0.170280124736698
474000	0.170280124736698
475000	0.170280124736698
476000	0.170280124736698
477000	0.170280124736698
478000	0.170280124736698
479000	0.170280124736698
480000	0.170280124736698
481000	0.170280124736698
482000	0.170280124736698
483000	0.170280124736698
484000	0.170280124736698
485000	0.170280124736698
486000	0.170280124736698
487000	0.170280124736698
488000	0.170280124736698
489000	0.170280124736698
490000	0.170280124736698
491000	0.170280124736698
492000	0.170280124736698
493000	0.170280124736698
494000	0.170280124736698
495000	0.170280124736698
496000	0.170280124736698
497000	0.170280124736698
498000	0.170280124736698
499000	0.170280124736698
500000	0.170280124736698
501000	0.170280124736698
502000	0.170280124736698
503000	0.170280124736698
504000	0.170280124736698
505000	0.170280124736698
506000	0.170280124736698
507000	0.170280124736698
508000	0.170280124736698
509000	0.170280124736698
510000	0.170280124736698
511000	0.170280124736698
512000	0.170280124736698
513000	0.170280124736698
514000	0.170280124736698
515000	0.170280124736698
516000	0.170280124736698
517000	0.170280124736698
518000	0.170280124736698
519000	0.170280124736698
520000	0.170280124736698
521000	0.170280124736698
522000	0.170280124736698
523000	0.170280124736698
524000	0.170280124736698
525000	0.170280124736698
526000	0.170280124736698
527000	0.170280124736698
528000	0.170280124736698
529000	0.170280124736698
530000	0.170280124736698
531000	0.170280124736698
532000	0.170280124736698
533000	0.170280124736698
534000	0.170280124736698
535000	0.170280124736698
536000	0.170280124736698
537000	0.170280124736698
538000	0.170280124736698
539000	0.170280124736698
540000	0.170280124736698
541000	0.170280124736698
542000	0.170280124736698
543000	0.170280124736698
544000	0.170280124736698
545000	0.170280124736698
546000	0.170280124736698
547000	0.170280124736698
548000	0.170280124736698
549000	0.170280124736698
550000	0.170280124736698
551000	0.170280124736698
552000	0.170280124736698
553000	0.170280124736698
554000	0.170280124736698
555000	0.170280124736698
556000	0.170280124736698
557000	0.170280124736698
558000	0.170280124736698
559000	0.170280124736698
560000	0.170280124736698
561000	0.170280124736698
562000	0.170280124736698
563000	0.170280124736698
564000	0.170280124736698
565000	0.170280124736698
566000	0.170280124736698
567000	0.170280124736698
568000	0.170280124736698
569000	0.170280124736698
570000	0.170280124736698
571000	0.170280124736698
572000	0.170280124736698
573000	0.170280124736698
574000	0.170280124736698
575000	0.170280124736698
576000	0.170280124736698
577000	0.170280124736698
578000	0.170280124736698
579000	0.170280124736698
580000	0.170280124736698
581000	0.170280124736698
582000	0.170280124736698
583000	0.170280124736698
584000	0.170280124736698
585000	0.170280124736698
586000	0.170280124736698
587000	0.170280124736698
588000	0.170280124736698
589000	0.170280124736698
590000	0.170280124736698
591000	0.170280124736698
592000	0.170280124736698
593000	0.170280124736698
594000	0.170280124736698
595000	0.170280124736698
596000	0.170280124736698
597000	0.170280124736698
598000	0.170280124736698
599000	0.170280124736698
600000	0.170280124736698
601000	0.170280124736698
602000	0.170280124736698
603000	0.170280124736698
604000	0.170280124736698
605000	0.170280124736698
606000	0.170280124736698
607000	0.170280124736698
608000	0.170280124736698
609000	0.170280124736698
610000	0.170280124736698
611000	0.170280124736698
612000	0.170280124736698
613000	0.170280124736698
614000	0.170280124736698
615000	0.170280124736698
616000	0.170280124736698
617000	0.170280124736698
618000	0.170280124736698
619000	0.170280124736698
620000	0.170280124736698
621000	0.170280124736698
622000	0.170280124736698
623000	0.170280124736698
624000	0.170280124736698
625000	0.170280124736698
626000	0.170280124736698
627000	0.170280124736698
628000	0.170280124736698
629000	0.170280124736698
630000	0.170280124736698
631000	0.170280124736698
632000	0.170280124736698
633000	0.170280124736698
634000	0.170280124736698
635000	0.170280124736698
636000	0.170280124736698
637000	0.170280124736698
638000	0.170280124736698
639000	0.170280124736698
640000	0.170280124736698
641000	0.170280124736698
642000	0.170280124736698
643000	0.170280124736698
644000	0.170280124736698
645000	0.170280124736698
646000	0.170280124736698
647000	0.170280124736698
648000	0.170280124736698
649000	0.170280124736698
650000	0.170280124736698
651000	0.170280124736698
652000	0.170280124736698
653000	0.170280124736698
654000	0.170280124736698
655000	0.170280124736698
656000	0.170280124736698
657000	0.170280124736698
658000	0.170280124736698
659000	0.170280124736698
660000	0.170280124736698
661000	0.170280124736698
662000	0.170280124736698
663000	0.170280124736698
664000	0.170280124736698
665000	0.170280124736698
666000	0.170280124736698
667000	0.170280124736698
668000	0.170280124736698
669000	0.170280124736698
670000	0.170280124736698
671000	0.170280124736698
672000	0.170280124736698
673000	0.170280124736698
674000	0.170280124736698
675000	0.170280124736698
676000	0.170280124736698
677000	0.170280124736698
678000	0.170280124736698
679000	0.170280124736698
680000	0.170280124736698
681000	0.170280124736698
682000	0.170280124736698
683000	0.170280124736698
684000	0.170280124736698
685000	0.170280124736698
686000	0.170280124736698
687000	0.170280124736698
688000	0.170280124736698
689000	0.170280124736698
690000	0.170280124736698
691000	0.170280124736698
692000	0.170280124736698
693000	0.170280124736698
694000	0.170280124736698
695000	0.170280124736698
696000	0.170280124736698
697000	0.170280124736698
698000	0.170280124736698
699000	0.170280124736698
700000	0.170280124736698
701000	0.170280124736698
702000	0.170280124736698
703000	0.170280124736698
704000	0.170280124736698
705000	0.170280124736698
706000	0.170280124736698
707000	0.170280124736698
708000	0.170280124736698
709000	0.170280124736698
710000	0.170280124736698
711000	0.170280124736698
712000	0.170280124736698
713000	0.170280124736698
714000	0.170280124736698
715000	0.170280124736698
716000	0.170280124736698
717000	0.170280124736698
718000	0.170280124736698
719000	0.170280124736698
720000	0.170280124736698
721000	0.170280124736698
722000	0.170280124736698
723000	0.170280124736698
724000	0.170280124736698
725000	0.170280124736698
726000	0.170280124736698
727000	0.170280124736698
728000	0.170280124736698
729000	0.170280124736698
730000	0.170280124736698
731000	0.170280124736698
732000	0.170280124736698
733000	0.170280124736698
734000	0.170280124736698
735000	0.170280124736698
736000	0.170280124736698
737000	0.170280124736698
738000	0.170280124736698
739000	0.170280124736698
740000	0.170280124736698
741000	0.170280124736698
742000	0.170280124736698
743000	0.170280124736698
744000	0.170280124736698
745000	0.170280124736698
746000	0.170280124736698
747000	0.170280124736698
748000	0.170280124736698
749000	0.170280124736698
750000	0.170280124736698
751000	0.170280124736698
752000	0.170280124736698
753000	0.170280124736698
754000	0.170280124736698
755000	0.170280124736698
756000	0.170280124736698
757000	0.170280124736698
758000	0.170280124736698
759000	0.170280124736698
760000	0.170280124736698
761000	0.170280124736698
762000	0.170280124736698
763000	0.170280124736698
764000	0.170280124736698
765000	0.170280124736698
766000	0.170280124736698
767000	0.170280124736698
768000	0.170280124736698
769000	0.170280124736698
770000	0.170280124736698
771000	0.170280124736698
772000	0.170280124736698
773000	0.170280124736698
774000	0.170280124736698
775000	0.170280124736698
776000	0.170280124736698
777000	0.170280124736698
778000	0.170280124736698
779000	0.170280124736698
780000	0.170280124736698
781000	0.170280124736698
782000	0.170280124736698
783000	0.170280124736698
784000	0.170280124736698
785000	0.170280124736698
786000	0.170280124736698
787000	0.170280124736698
788000	0.170280124736698
789000	0.170280124736698
790000	0.170280124736698
791000	0.170280124736698
792000	0.170280124736698
793000	0.170280124736698
794000	0.170280124736698
795000	0.170280124736698
796000	0.170280124736698
797000	0.170280124736698
798000	0.170280124736698
799000	0.170280124736698
800000	0.170280124736698
801000	0.170280124736698
802000	0.170280124736698
803000	0.170280124736698
804000	0.170280124736698
805000	0.170280124736698
806000	0.170280124736698
807000	0.170280124736698
808000	0.170280124736698
809000	0.170280124736698
810000	0.170280124736698
811000	0.170280124736698
812000	0.170280124736698
813000	0.170280124736698
814000	0.170280124736698
815000	0.170280124736698
816000	0.170280124736698
817000	0.170280124736698
818000	0.170280124736698
819000	0.170280124736698
820000	0.170280124736698
821000	0.170280124736698
822000	0.170280124736698
823000	0.170280124736698
824000	0.170280124736698
825000	0.170280124736698
826000	0.170280124736698
827000	0.170280124736698
828000	0.170280124736698
829000	0.170280124736698
830000	0.170280124736698
831000	0.170280124736698
832000	0.170280124736698
833000	0.170280124736698
834000	0.170280124736698
835000	0.170280124736698
836000	0.170280124736698
837000	0.170280124736698
838000	0.170280124736698
839000	0.170280124736698
840000	0.170280124736698
841000	0.170280124736698
842000	0.170280124736698
843000	0.170280124736698
844000	0.170280124736698
845000	0.170280124736698
846000	0.170280124736698
847000	0.170280124736698
848000	0.170280124736698
849000	0.170280124736698
850000	0.170280124736698
851000	0.170280124736698
852000	0.170280124736698
853000	0.170280124736698
854000	0.170280124736698
855000	0.170280124736698
856000	0.170280124736698
857000	0.170280124736698
858000	0.170280124736698
859000	0.170280124736698
860000	0.170280124736698
861000	0.170280124736698
862000	0.170280124736698
863000	0.170280124736698
864000	0.170280124736698
865000	0.170280124736698
866000	0.170280124736698
867000	0.170280124736698
868000	0.170280124736698
869000	0.170280124736698
870000	0.170280124736698
871000	0.170280124736698
872000	0.170280124736698
873000	0.170280124736698
874000	0.170280124736698
875000	0.170280124736698
876000	0.170280124736698
877000	0.170280124736698
878000	0.170280124736698
879000	0.170280124736698
880000	0.170280124736698
881000	0.170280124736698
882000	0.170280124736698
883000	0.170280124736698
884000	0.170280124736698
885000	0.170280124736698
886000	0.170280124736698
887000	0.170280124736698
888000	0.170280124736698
889000	0.170280124736698
890000	0.170280124736698
891000	0.170280124736698
892000	0.170280124736698
893000	0.170280124736698
894000	0.170280124736698
895000	0.170280124736698
896000	0.170280124736698
897000	0.170280124736698
898000	0.170280124736698
899000	0.170280124736698
900000	0.170280124736698
901000	0.170280124736698
902000	0.170280124736698
903000	0.170280124736698
904000	0.170280124736698
905000	0.170280124736698
906000	0.170280124736698
907000	0.170280124736698
908000	0.170280124736698
909000	0.170280124736698
910000	0.170280124736698
911000	0.170280124736698
912000	0.170280124736698
913000	0.170280124736698
914000	0.170280124736698
915000	0.170280124736698
916000	0.170280124736698
917000	0.170280124736698
918000	0.170280124736698
919000	0.170280124736698
920000	0.170280124736698
921000	0.170280124736698
922000	0.170280124736698
923000	0.170280124736698
924000	0.170280124736698
925000	0.170280124736698
926000	0.170280124736698
927000	0.170280124736698
928000	0.170280124736698
929000	0.170280124736698
930000	0.170280124736698
931000	0.170280124736698
932000	0.170280124736698
933000	0.170280124736698
934000	0.170280124736698
935000	0.170280124736698
936000	0.170280124736698
937000	0.170280124736698
938000	0.170280124736698
939000	0.170280124736698
940000	0.170280124736698
941000	0.170280124736698
942000	0.170280124736698
943000	0.170280124736698
944000	0.170280124736698
945000	0.170280124736698
946000	0.170280124736698
947000	0.170280124736698
948000	0.170280124736698
949000	0.170280124736698
950000	0.170280124736698
951000	0.170280124736698
952000	0.170280124736698
953000	0.170280124736698
954000	0.170280124736698
955000	0.170280124736698
956000	0.170280124736698
957000	0.170280124736698
958000	0.170280124736698
959000	0.170280124736698
960000	0.170280124736698
961000	0.170280124736698
962000	0.170280124736698
963000	0.170280124736698
964000	0.170280124736698
965000	0.170280124736698
966000	0.170280124736698
967000	0.170280124736698
968000	0.170280124736698
969000	0.170280124736698
970000	0.170280124736698
971000	0.170280124736698
972000	0.170280124736698
973000	0.170280124736698
974000	0.170280124736698
975000	0.170280124736698
976000	0.170280124736698
977000	0.170280124736698
978000	0.170280124736698
979000	0.170280124736698
980000	0.170280124736698
981000	0.170280124736698
982000	0.170280124736698
983000	0.170280124736698
984000	0.170280124736698
985000	0.170280124736698
986000	0.170280124736698
987000	0.170280124736698
988000	0.170280124736698
989000	0.170280124736698
990000	0.170280124736698
991000	0.170280124736698
992000	0.170280124736698
993000	0.170280124736698
994000	0.170280124736698
995000	0.170280124736698
996000	0.170280124736698
997000	0.170280124736698
998000	0.170280124736698
999000	0.170280124736698
