0	0.18000009291779
1000	0.180085030982948
2000	0.180155824563243
3000	0.18021483020273
4000	0.180264011497898
5000	0.180305004722082
6000	0.180339173459664
7000	0.180367654099754
8000	0.180391393725055
9000	0.180411181671638
10000	0.180427675820025
11000	0.180441424499351
12000	0.180452884738146
13000	0.180462437472153
14000	0.180470400217288
15000	0.180477037630766
16000	0.180482570312697
17000	0.180487182141519
18000	0.180491026387705
19000	0.180494230809325
20000	0.180496901899118
21000	0.180499128424415
22000	0.180500984377695
23000	0.18050253143593
24000	0.180503821010511
25000	0.18050489595594
26000	0.180505791994079
27000	0.180506538901335
28000	0.180507161498228
29000	0.180507680474248
30000	0.180508113075422
31000	0.180508473677436
32000	0.180508774263363
33000	0.180509024821883
34000	0.180509233679218
35000	0.18050940777583
36000	0.180509552897051
37000	0.180509673865342
38000	0.180509774700546
39000	0.18050985875347
40000	0.180509928817238
41000	0.180509987220102
42000	0.180510035902821
43000	0.180510076483144
44000	0.180510110309575
45000	0.180510138506183
46000	0.180510162009955
47000	0.180510181601932
48000	0.180510197933164
49000	0.180510211546345
50000	0.180510222893849
51000	0.180510232352758
52000	0.180510240237396
53000	0.180510246809772
54000	0.180510252288291
55000	0.180510256855006
56000	0.18051026066167
57000	0.180510263834781
58000	0.180510266479783
59000	0.18051026868457
60000	0.180510270522408
61000	0.18051027205437
62000	0.180510273331364
63000	0.180510274395824
64000	0.180510275283124
65000	0.180510276022748
66000	0.180510276639274
67000	0.18051027715319
68000	0.180510277581574
69000	0.180510277938661
70000	0.180510278236317
71000	0.180510278484433
72000	0.180510278691255
73000	0.180510278863654
74000	0.180510279007361
75000	0.18051027912715
76000	0.180510279227003
77000	0.180510279310236
78000	0.180510279379617
79000	0.180510279437451
80000	0.180510279485659
81000	0.180510279525844
82000	0.180510279559341
83000	0.180510279587263
84000	0.180510279610537
85000	0.180510279629939
86000	0.180510279646111
87000	0.180510279659591
88000	0.180510279670828
89000	0.180510279680195
90000	0.180510279688003
91000	0.180510279694511
92000	0.180510279699936
93000	0.180510279704458
94000	0.180510279708228
95000	0.18051027971137
96000	0.180510279713989
97000	0.180510279716172
98000	0.180510279717992
99000	0.180510279719509
100000	0.180510279720774
101000	0.180510279721828
102000	0.180510279722706
103000	0.180510279723439
104000	0.180510279724049
105000	0.180510279724558
106000	0.180510279724982
107000	0.180510279725336
108000	0.180510279725631
109000	0.180510279725875
110000	0.180510279726081
111000	0.180510279726252
112000	0.180510279726394
113000	0.18051027972651
114000	0.18051027972661
115000	0.180510279726693
116000	0.180510279726759
117000	0.180510279726815
118000	0.180510279726871
119000	0.180510279726902
120000	0.18051027972693
121000	0.180510279726958
122000	0.180510279726986
123000	0.180510279727013
124000	0.180510279727031
125000	0.180510279727031
126000	0.180510279727031
127000	0.180510279727031
128000	0.180510279727031
129000	0.180510279727031
130000	0.180510279727031
131000	0.180510279727031
132000	0.180510279727031
133000	0.180510279727031
134000	0.180510279727031
135000	0.180510279727031
136000	0.180510279727031
137000	0.180510279727031
138000	0.180510279727031
139000	0.180510279727031
140000	0.180510279727031
141000	0.180510279727031
142000	0.180510279727031
143000	0.180510279727031
144000	0.180510279727031
145000	0.180510279727031
146000	0.180510279727031
147000	0.180510279727031
148000	0.180510279727031
149000	0.180510279727031
150000	0.180510279727031
151000	0.180510279727031
152000	0.180510279727031
153000	0.180510279727031
154000	0.180510279727031
155000	0.180510279727031
156000	0.180510279727031
157000	0.180510279727031
158000	0.180510279727031
159000	0.180510279727031
160000	0.180510279727031
161000	0.180510279727031
162000	0.180510279727031
163000	0.180510279727031
164000	0.180510279727031
165000	0.180510279727031
166000	0.180510279727031
167000	0.180510279727031
168000	0.180510279727031
169000	0.180510279727031
170000	0.180510279727031
171000	0.180510279727031
172000	0.180510279727031
173000	0.180510279727031
174000	0.180510279727031
175000	0.180510279727031
176000	0.180510279727031
177000	0.180510279727031
178000	0.180510279727031
179000	0.180510279727031
180000	0.180510279727031
181000	0.180510279727031
182000	0.180510279727031
183000	0.180510279727031
184000	0.180510279727031
185000	0.180510279727031
186000	0.180510279727031
187000	0.180510279727031
188000	0.180510279727031
189000	0.180510279727031
190000	0.180510279727031
191000	0.180510279727031
192000	0.180510279727031
193000	0.180510279727031
194000	0.180510279727031
195000	0.180510279727031
196000	0.180510279727031
197000	0.180510279727031
198000	0.180510279727031
199000	0.180510279727031
200000	0.180510279727031
201000	0.180510279727031
202000	0.180510279727031
203000	0.180510279727031
204000	0.180510279727031
205000	0.180510279727031
206000	0.180510279727031
207000	0.180510279727031
208000	0.180510279727031
209000	0.180510279727031
210000	0.180510279727031
211000	0.180510279727031
212000	0.180510279727031
213000	0.180510279727031
214000	0.180510279727031
215000	0.180510279727031
216000	0.180510279727031
217000	0.180510279727031
218000	0.180510279727031
219000	0.180510279727031
220000	0.180510279727031
221000	0.180510279727031
222000	0.180510279727031
223000	0.180510279727031
224000	0.180510279727031
225000	0.180510279727031
226000	0.180510279727031
227000	0.180510279727031
228000	0.180510279727031
229000	0.180510279727031
230000	0.180510279727031
231000	0.180510279727031
232000	0.180510279727031
233000	0.180510279727031
234000	0.180510279727031
235000	0.180510279727031
236000	0.180510279727031
237000	0.180510279727031
238000	0.180510279727031
239000	0.180510279727031
240000	0.180510279727031
241000	0.180510279727031
242000	0.180510279727031
243000	0.180510279727031
244000	0.180510279727031
245000	0.180510279727031
246000	0.180510279727031
247000	0.180510279727031
248000	0.180510279727031
249000	0.180510279727031
250000	0.180510279727031
251000	0.180510279727031
252000	0.180510279727031
253000	0.180510279727031
254000	0.180510279727031
255000	0.180510279727031
256000	0.180510279727031
257000	0.180510279727031
258000	0.180510279727031
259000	0.180510279727031
260000	0.180510279727031
261000	0.180510279727031
262000	0.180510279727031
263000	0.180510279727031
264000	0.180510279727031
265000	0.180510279727031
266000	0.180510279727031
267000	0.180510279727031
268000	0.180510279727031
269000	0.180510279727031
270000	0.180510279727031
271000	0.180510279727031
272000	0.180510279727031
273000	0.180510279727031
274000	0.180510279727031
275000	0.180510279727031
276000	0.180510279727031
277000	0.180510279727031
278000	0.180510279727031
279000	0.180510279727031
280000	0.180510279727031
281000	0.180510279727031
282000	0.180510279727031
283000	0.180510279727031
284000	0.180510279727031
285000	0.180510279727031
286000	0.180510279727031
287000	0.180510279727031
288000	0.180510279727031
289000	0.180510279727031
290000	0.180510279727031
291000	0.180510279727031
292000	0.180510279727031
293000	0.180510279727031
294000	0.180510279727031
295000	0.180510279727031
296000	0.180510279727031
297000	0.180510279727031
298000	0.180510279727031
299000	0.180510279727031
300000	0.180510279727031
301000	0.180510279727031
302000	0.180510279727031
303000	0.180510279727031
304000	0.180510279727031
305000	0.180510279727031
306000	0.180510279727031
307000	0.180510279727031
308000	0.180510279727031
309000	0.180510279727031
310000	0.180510279727031
311000	0.180510279727031
312000	0.180510279727031
313000	0.180510279727031
314000	0.180510279727031
315000	0.180510279727031
316000	0.180510279727031
317000	0.180510279727031
318000	0.180510279727031
319000	0.180510279727031
320000	0.180510279727031
321000	0.180510279727031
322000	0.180510279727031
323000	0.180510279727031
324000	0.180510279727031
325000	0.180510279727031
326000	0.180510279727031
327000	0.180510279727031
328000	0.180510279727031
329000	0.180510279727031
330000	0.180510279727031
331000	0.180510279727031
332000	0.180510279727031
333000	0.180510279727031
334000	0.180510279727031
335000	0.180510279727031
336000	0.180510279727031
337000	0.180510279727031
338000	0.180510279727031
339000	0.180510279727031
340000	0.180510279727031
341000	0.180510279727031
342000	0.180510279727031
343000	0.180510279727031
344000	0.180510279727031
345000	0.180510279727031
346000	0.180510279727031
347000	0.180510279727031
348000	0.180510279727031
349000	0.180510279727031
350000	0.180510279727031
351000	0.180510279727031
352000	0.180510279727031
353000	0.180510279727031
354000	0.180510279727031
355000	0.180510279727031
356000	0.180510279727031
357000	0.180510279727031
358000	0.180510279727031
359000	0.180510279727031
360000	0.180510279727031
361000	0.180510279727031
362000	0.180510279727031
363000	0.180510279727031
364000	0.180510279727031
365000	0.180510279727031
366000	0.180510279727031
367000	0.180510279727031
368000	0.180510279727031
369000	0.180510279727031
370000	0.180510279727031
371000	0.180510279727031
372000	0.180510279727031
373000	0.180510279727031
374000	0.180510279727031
375000	0.180510279727031
376000	0.180510279727031
377000	0.180510279727031
378000	0.180510279727031
379000	0.180510279727031
380000	0.180510279727031
381000	0.180510279727031
382000	0.180510279727031
383000	0.180510279727031
384000	0.180510279727031
385000	0.180510279727031
386000	0.180510279727031
387000	0.180510279727031
388000	0.180510279727031
389000	0.180510279727031
390000	0.180510279727031
391000	0.180510279727031
392000	0.180510279727031
393000	0.180510279727031
394000	0.180510279727031
395000	0.180510279727031
396000	0.180510279727031
397000	0.180510279727031
398000	0.180510279727031
399000	0.180510279727031
400000	0.180510279727031
401000	0.180510279727031
402000	0.180510279727031
403000	0.180510279727031
404000	0.180510279727031
405000	0.180510279727031
406000	0.180510279727031
407000	0.180510279727031
408000	0.180510279727031
409000	0.180510279727031
410000	0.180510279727031
411000	0.180510279727031
412000	0.180510279727031
413000	0.180510279727031
414000	0.180510279727031
415000	0.180510279727031
416000	0.180510279727031
417000	0.180510279727031
418000	0.180510279727031
419000	0.180510279727031
420000	0.180510279727031
421000	0.180510279727031
422000	0.180510279727031
423000	0.180510279727031
424000	0.180510279727031
425000	0.180510279727031
426000	0.180510279727031
427000	0.180510279727031
428000	0.180510279727031
429000	0.180510279727031
430000	0.180510279727031
431000	0.180510279727031
432000	0.180510279727031
433000	0.180510279727031
434000	0.180510279727031
435000	0.180510279727031
436000	0.180510279727031
437000	0.180510279727031
438000	0.180510279727031
439000	0.180510279727031
440000	0.180510279727031
441000	0.180510279727031
442000	0.180510279727031
443000	0.180510279727031
444000	0.180510279727031
445000	0.180510279727031
446000	0.180510279727031
447000	0.180510279727031
448000	0.180510279727031
449000	0.180510279727031
450000	0.180510279727031
451000	0.180510279727031
452000	0.180510279727031
453000	0.180510279727031
454000	0.180510279727031
455000	0.180510279727031
456000	0.180510279727031
457000	0.180510279727031
458000	0.180510279727031
459000	0.180510279727031
460000	0.180510279727031
461000	0.180510279727031
462000	0.180510279727031
463000	0.180510279727031
464000	0.180510279727031
465000	0.180510279727031
466000	0.180510279727031
467000	0.180510279727031
468000	0.180510279727031
469000	0.180510279727031
470000	0.180510279727031
471000	0.180510279727031
472000	0.180510279727031
473000	0.180510279727031
474000	0.180510279727031
475000	0.180510279727031
476000	0.180510279727031
477000	0.180510279727031
478000	0.180510279727031
479000	0.180510279727031
480000	0.180510279727031
481000	0.180510279727031
482000	0.180510279727031
483000	0.180510279727031
484000	0.180510279727031
485000	0.180510279727031
486000	0.180510279727031
487000	0.180510279727031
488000	0.180510279727031
489000	0.180510279727031
490000	0.180510279727031
491000	0.180510279727031
492000	0.180510279727031
493000	0.180510279727031
494000	0.180510279727031
495000	0.180510279727031
496000	0.180510279727031
497000	0.180510279727031
498000	0.180510279727031
499000	0.180510279727031
500000	0.180510279727031
501000	0.180510279727031
502000	0.180510279727031
503000	0.180510279727031
504000	0.180510279727031
505000	0.180510279727031
506000	0.180510279727031
507000	0.180510279727031
508000	0.180510279727031
509000	0.180510279727031
510000	0.180510279727031
511000	0.180510279727031
512000	0.180510279727031
513000	0.180510279727031
514000	0.180510279727031
515000	0.180510279727031
516000	0.180510279727031
517000	0.180510279727031
518000	0.180510279727031
519000	0.180510279727031
520000	0.180510279727031
521000	0.180510279727031
522000	0.180510279727031
523000	0.180510279727031
524000	0.180510279727031
525000	0.180510279727031
526000	0.180510279727031
527000	0.180510279727031
528000	0.180510279727031
529000	0.180510279727031
530000	0.180510279727031
531000	0.180510279727031
532000	0.180510279727031
533000	0.180510279727031
534000	0.180510279727031
535000	0.180510279727031
536000	0.180510279727031
537000	0.180510279727031
538000	0.180510279727031
539000	0.180510279727031
540000	0.180510279727031
541000	0.180510279727031
542000	0.180510279727031
543000	0.180510279727031
544000	0.180510279727031
545000	0.180510279727031
546000	0.180510279727031
547000	0.180510279727031
548000	0.180510279727031
549000	0.180510279727031
550000	0.180510279727031
551000	0.180510279727031
552000	0.180510279727031
553000	0.180510279727031
554000	0.180510279727031
555000	0.180510279727031
556000	0.180510279727031
557000	0.180510279727031
558000	0.180510279727031
559000	0.180510279727031
560000	0.180510279727031
561000	0.180510279727031
562000	0.180510279727031
563000	0.180510279727031
564000	0.180510279727031
565000	0.180510279727031
566000	0.180510279727031
567000	0.180510279727031
568000	0.180510279727031
569000	0.180510279727031
570000	0.180510279727031
571000	0.180510279727031
572000	0.180510279727031
573000	0.180510279727031
574000	0.180510279727031
575000	0.180510279727031
576000	0.180510279727031
577000	0.180510279727031
578000	0.180510279727031
579000	0.180510279727031
580000	0.180510279727031
581000	0.180510279727031
582000	0.180510279727031
583000	0.180510279727031
584000	0.180510279727031
585000	0.180510279727031
586000	0.180510279727031
587000	0.180510279727031
588000	0.180510279727031
589000	0.180510279727031
590000	0.180510279727031
591000	0.180510279727031
592000	0.180510279727031
593000	0.180510279727031
594000	0.180510279727031
595000	0.180510279727031
596000	0.180510279727031
597000	0.180510279727031
598000	0.180510279727031
599000	0.180510279727031
600000	0.180510279727031
601000	0.180510279727031
602000	0.180510279727031
603000	0.180510279727031
604000	0.180510279727031
605000	0.180510279727031
606000	0.180510279727031
607000	0.180510279727031
608000	0.180510279727031
609000	0.180510279727031
610000	0.180510279727031
611000	0.180510279727031
612000	0.180510279727031
613000	0.180510279727031
614000	0.180510279727031
615000	0.180510279727031
616000	0.180510279727031
617000	0.180510279727031
618000	0.180510279727031
619000	0.180510279727031
620000	0.180510279727031
621000	0.180510279727031
622000	0.180510279727031
623000	0.180510279727031
624000	0.180510279727031
625000	0.180510279727031
626000	0.180510279727031
627000	0.180510279727031
628000	0.180510279727031
629000	0.180510279727031
630000	0.180510279727031
631000	0.180510279727031
632000	0.180510279727031
633000	0.180510279727031
634000	0.180510279727031
635000	0.180510279727031
636000	0.180510279727031
637000	0.180510279727031
638000	0.180510279727031
639000	0.180510279727031
640000	0.180510279727031
641000	0.180510279727031
642000	0.180510279727031
643000	0.180510279727031
644000	0.180510279727031
645000	0.180510279727031
646000	0.180510279727031
647000	0.180510279727031
648000	0.180510279727031
649000	0.180510279727031
650000	0.180510279727031
651000	0.180510279727031
652000	0.180510279727031
653000	0.180510279727031
654000	0.180510279727031
655000	0.180510279727031
656000	0.180510279727031
657000	0.180510279727031
658000	0.180510279727031
659000	0.180510279727031
660000	0.180510279727031
661000	0.180510279727031
662000	0.180510279727031
663000	0.180510279727031
664000	0.180510279727031
665000	0.180510279727031
666000	0.180510279727031
667000	0.180510279727031
668000	0.180510279727031
669000	0.180510279727031
670000	0.180510279727031
671000	0.180510279727031
672000	0.180510279727031
673000	0.180510279727031
674000	0.180510279727031
675000	0.180510279727031
676000	0.180510279727031
677000	0.180510279727031
678000	0.180510279727031
679000	0.180510279727031
680000	0.180510279727031
681000	0.180510279727031
682000	0.180510279727031
683000	0.180510279727031
684000	0.180510279727031
685000	0.180510279727031
686000	0.180510279727031
687000	0.180510279727031
688000	0.180510279727031
689000	0.180510279727031
690000	0.180510279727031
691000	0.180510279727031
692000	0.180510279727031
693000	0.180510279727031
694000	0.180510279727031
695000	0.180510279727031
696000	0.180510279727031
697000	0.180510279727031
698000	0.180510279727031
699000	0.180510279727031
700000	0.180510279727031
701000	0.180510279727031
702000	0.180510279727031
703000	0.180510279727031
704000	0.180510279727031
705000	0.180510279727031
706000	0.180510279727031
707000	0.180510279727031
708000	0.180510279727031
709000	0.180510279727031
710000	0.180510279727031
711000	0.180510279727031
712000	0.180510279727031
713000	0.180510279727031
714000	0.180510279727031
715000	0.180510279727031
716000	0.180510279727031
717000	0.180510279727031
718000	0.180510279727031
719000	0.180510279727031
720000	0.180510279727031
721000	0.180510279727031
722000	0.180510279727031
723000	0.180510279727031
724000	0.180510279727031
725000	0.180510279727031
726000	0.180510279727031
727000	0.180510279727031
728000	0.180510279727031
729000	0.180510279727031
730000	0.180510279727031
731000	0.180510279727031
732000	0.180510279727031
733000	0.180510279727031
734000	0.180510279727031
735000	0.180510279727031
736000	0.180510279727031
737000	0.180510279727031
738000	0.180510279727031
739000	0.180510279727031
740000	0.180510279727031
741000	0.180510279727031
742000	0.180510279727031
743000	0.180510279727031
744000	0.180510279727031
745000	0.180510279727031
746000	0.180510279727031
747000	0.180510279727031
748000	0.180510279727031
749000	0.180510279727031
750000	0.180510279727031
751000	0.180510279727031
752000	0.180510279727031
753000	0.180510279727031
754000	0.180510279727031
755000	0.180510279727031
756000	0.180510279727031
757000	0.180510279727031
758000	0.180510279727031
759000	0.180510279727031
760000	0.180510279727031
761000	0.180510279727031
762000	0.180510279727031
763000	0.180510279727031
764000	0.180510279727031
765000	0.180510279727031
766000	0.180510279727031
767000	0.180510279727031
768000	0.180510279727031
769000	0.180510279727031
770000	0.180510279727031
771000	0.180510279727031
772000	0.180510279727031
773000	0.180510279727031
774000	0.180510279727031
775000	0.180510279727031
776000	0.180510279727031
777000	0.180510279727031
778000	0.180510279727031
779000	0.180510279727031
780000	0.180510279727031
781000	0.180510279727031
782000	0.180510279727031
783000	0.180510279727031
784000	0.180510279727031
785000	0.180510279727031
786000	0.180510279727031
787000	0.180510279727031
788000	0.180510279727031
789000	0.180510279727031
790000	0.180510279727031
791000	0.180510279727031
792000	0.180510279727031
793000	0.180510279727031
794000	0.180510279727031
795000	0.180510279727031
796000	0.180510279727031
797000	0.180510279727031
798000	0.180510279727031
799000	0.180510279727031
800000	0.180510279727031
801000	0.180510279727031
802000	0.180510279727031
803000	0.180510279727031
804000	0.180510279727031
805000	0.180510279727031
806000	0.180510279727031
807000	0.180510279727031
808000	0.180510279727031
809000	0.180510279727031
810000	0.180510279727031
811000	0.180510279727031
812000	0.180510279727031
813000	0.180510279727031
814000	0.180510279727031
815000	0.180510279727031
816000	0.180510279727031
817000	0.180510279727031
818000	0.180510279727031
819000	0.180510279727031
820000	0.180510279727031
821000	0.180510279727031
822000	0.180510279727031
823000	0.180510279727031
824000	0.180510279727031
825000	0.180510279727031
826000	0.180510279727031
827000	0.180510279727031
828000	0.180510279727031
829000	0.180510279727031
830000	0.180510279727031
831000	0.180510279727031
832000	0.180510279727031
833000	0.180510279727031
834000	0.180510279727031
835000	0.180510279727031
836000	0.180510279727031
837000	0.180510279727031
838000	0.180510279727031
839000	0.180510279727031
840000	0.180510279727031
841000	0.180510279727031
842000	0.180510279727031
843000	0.180510279727031
844000	0.180510279727031
845000	0.180510279727031
846000	0.180510279727031
847000	0.180510279727031
848000	0.180510279727031
849000	0.180510279727031
850000	0.180510279727031
851000	0.180510279727031
852000	0.180510279727031
853000	0.180510279727031
854000	0.180510279727031
855000	0.180510279727031
856000	0.180510279727031
857000	0.180510279727031
858000	0.180510279727031
859000	0.180510279727031
860000	0.180510279727031
861000	0.180510279727031
862000	0.180510279727031
863000	0.180510279727031
864000	0.180510279727031
865000	0.180510279727031
866000	0.180510279727031
867000	0.180510279727031
868000	0.180510279727031
869000	0.180510279727031
870000	0.180510279727031
871000	0.180510279727031
872000	0.180510279727031
873000	0.180510279727031
874000	0.180510279727031
875000	0.180510279727031
876000	0.180510279727031
877000	0.180510279727031
878000	0.180510279727031
879000	0.180510279727031
880000	0.180510279727031
881000	0.180510279727031
882000	0.180510279727031
883000	0.180510279727031
884000	0.180510279727031
885000	0.180510279727031
886000	0.180510279727031
887000	0.180510279727031
888000	0.180510279727031
889000	0.180510279727031
890000	0.180510279727031
891000	0.180510279727031
892000	0.180510279727031
893000	0.180510279727031
894000	0.180510279727031
895000	0.180510279727031
896000	0.180510279727031
897000	0.180510279727031
898000	0.180510279727031
899000	0.180510279727031
900000	0.180510279727031
901000	0.180510279727031
902000	0.180510279727031
903000	0.180510279727031
904000	0.180510279727031
905000	0.180510279727031
906000	0.180510279727031
907000	0.180510279727031
908000	0.180510279727031
909000	0.180510279727031
910000	0.180510279727031
911000	0.180510279727031
912000	0.180510279727031
913000	0.180510279727031
914000	0.180510279727031
915000	0.180510279727031
916000	0.180510279727031
917000	0.180510279727031
918000	0.180510279727031
919000	0.180510279727031
920000	0.180510279727031
921000	0.180510279727031
922000	0.180510279727031
923000	0.180510279727031
924000	0.180510279727031
925000	0.180510279727031
926000	0.180510279727031
927000	0.180510279727031
928000	0.180510279727031
929000	0.180510279727031
930000	0.180510279727031
931000	0.180510279727031
932000	0.180510279727031
933000	0.180510279727031
934000	0.180510279727031
935000	0.180510279727031
936000	0.180510279727031
937000	0.180510279727031
938000	0.180510279727031
939000	0.180510279727031
940000	0.180510279727031
941000	0.180510279727031
942000	0.180510279727031
943000	0.180510279727031
944000	0.180510279727031
945000	0.180510279727031
946000	0.180510279727031
947000	0.180510279727031
948000	0.180510279727031
949000	0.180510279727031
950000	0.180510279727031
951000	0.180510279727031
952000	0.180510279727031
953000	0.180510279727031
954000	0.180510279727031
955000	0.180510279727031
956000	0.180510279727031
957000	0.180510279727031
958000	0.180510279727031
959000	0.180510279727031
960000	0.180510279727031
961000	0.180510279727031
962000	0.180510279727031
963000	0.180510279727031
964000	0.180510279727031
965000	0.180510279727031
966000	0.180510279727031
967000	0.180510279727031
968000	0.180510279727031
969000	0.180510279727031
970000	0.180510279727031
971000	0.180510279727031
972000	0.180510279727031
973000	0.180510279727031
974000	0.180510279727031
975000	0.180510279727031
976000	0.180510279727031
977000	0.180510279727031
978000	0.180510279727031
979000	0.180510279727031
980000	0.180510279727031
981000	0.180510279727031
982000	0.180510279727031
983000	0.180510279727031
984000	0.180510279727031
985000	0.180510279727031
986000	0.180510279727031
987000	0.180510279727031
988000	0.180510279727031
989000	0.180510279727031
990000	0.180510279727031
991000	0.180510279727031
992000	0.180510279727031
993000	0.180510279727031
994000	0.180510279727031
995000	0.180510279727031
996000	0.180510279727031
997000	0.180510279727031
998000	0.180510279727031
999000	0.180510279727031
