0	0.190000159299187
1000	0.1901459968159
2000	0.190267927561932
3000	0.190369875245101
4000	0.190455118183675
5000	0.190526395881097
6000	0.190585997878558
7000	0.190635837868363
8000	0.190677515538615
9000	0.19071236819827
10000	0.190741513884112
11000	0.190765887364143
12000	0.190786270214363
13000	0.190803315948996
14000	0.190817571020847
15000	0.190829492372698
16000	0.190839462107728
17000	0.190847799752951
18000	0.19085477251134
19000	0.190860603833048
20000	0.190865480581706
21000	0.19086955902633
22000	0.190872969851482
23000	0.190875822346675
24000	0.190878207909556
25000	0.190880202975337
26000	0.190881871466493
27000	0.190883266841309
28000	0.190884433807
29000	0.190885409752338
30000	0.190886225945711
31000	0.19088690853705
32000	0.190887479395715
33000	0.19088795681122
34000	0.190888356079236
35000	0.19088868999167
36000	0.190888969246515
37000	0.19088920279061
38000	0.190889398106288
39000	0.190889561451101
40000	0.190889698058312
41000	0.190889812304553
42000	0.190889907850053
43000	0.190889987755902
44000	0.190890054582126
45000	0.190890110469702
46000	0.190890157209157
47000	0.190890196297927
48000	0.19089022898834
49000	0.190890256327727
50000	0.190890279191989
51000	0.190890298313648
52000	0.190890314305323
53000	0.190890327679356
54000	0.190890338864221
55000	0.19089034821826
56000	0.190890356041157
57000	0.19089036258354
58000	0.190890368055015
59000	0.190890372630876
60000	0.190890376457724
61000	0.190890379658163
62000	0.190890382334731
63000	0.190890384573175
64000	0.190890386445214
65000	0.190890388010823
66000	0.190890389320161
67000	0.190890390415176
68000	0.190890391330951
69000	0.190890392096824
70000	0.190890392737333
71000	0.190890393272999
72000	0.190890393720982
73000	0.190890394095637
74000	0.190890394408965
75000	0.190890394671005
76000	0.190890394890152
77000	0.190890395073427
78000	0.190890395226703
79000	0.190890395354889
80000	0.190890395462092
81000	0.190890395551748
82000	0.190890395626728
83000	0.190890395689435
84000	0.190890395741877
85000	0.190890395785736
86000	0.190890395822415
87000	0.190890395853091
88000	0.190890395878745
89000	0.190890395900199
90000	0.190890395918142
91000	0.190890395933148
92000	0.190890395945698
93000	0.190890395956193
94000	0.190890395964971
95000	0.190890395972311
96000	0.19089039597845
97000	0.190890395983585
98000	0.190890395987878
99000	0.190890395991469
100000	0.190890395994472
101000	0.190890395996984
102000	0.190890395999084
103000	0.190890396000841
104000	0.19089039600231
105000	0.190890396003539
106000	0.190890396004566
107000	0.190890396005426
108000	0.190890396006144
109000	0.190890396006745
110000	0.190890396007248
111000	0.190890396007668
112000	0.19089039600802
113000	0.190890396008314
114000	0.190890396008558
115000	0.190890396008764
116000	0.190890396008937
117000	0.19089039600908
118000	0.190890396009198
119000	0.1908903960093
120000	0.190890396009384
121000	0.190890396009454
122000	0.190890396009509
123000	0.190890396009565
124000	0.190890396009602
125000	0.19089039600963
126000	0.190890396009657
127000	0.190890396009685
128000	0.190890396009713
129000	0.190890396009739
130000	0.190890396009739
131000	0.190890396009739
132000	0.190890396009739
133000	0.190890396009739
134000	0.190890396009739
135000	0.190890396009739
136000	0.190890396009739
137000	0.190890396009739
138000	0.190890396009739
139000	0.190890396009739
140000	0.190890396009739
141000	0.190890396009739
142000	0.190890396009739
143000	0.190890396009739
144000	0.190890396009739
145000	0.190890396009739
146000	0.190890396009739
147000	0.190890396009739
148000	0.190890396009739
149000	0.190890396009739
150000	0.190890396009739
151000	0.190890396009739
152000	0.190890396009739
153000	0.190890396009739
154000	0.190890396009739
155000	0.190890396009739
156000	0.190890396009739
157000	0.190890396009739
158000	0.190890396009739
159000	0.190890396009739
160000	0.190890396009739
161000	0.190890396009739
162000	0.190890396009739
163000	0.190890396009739
164000	0.190890396009739
165000	0.190890396009739
166000	0.190890396009739
167000	0.190890396009739
168000	0.190890396009739
169000	0.190890396009739
170000	0.190890396009739
171000	0.190890396009739
172000	0.190890396009739
173000	0.190890396009739
174000	0.190890396009739
175000	0.190890396009739
176000	0.190890396009739
177000	0.190890396009739
178000	0.190890396009739
179000	0.190890396009739
180000	0.190890396009739
181000	0.190890396009739
182000	0.190890396009739
183000	0.190890396009739
184000	0.190890396009739
185000	0.190890396009739
186000	0.190890396009739
187000	0.190890396009739
188000	0.190890396009739
189000	0.190890396009739
190000	0.190890396009739
191000	0.190890396009739
192000	0.190890396009739
193000	0.190890396009739
194000	0.190890396009739
195000	0.190890396009739
196000	0.190890396009739
197000	0.190890396009739
198000	0.190890396009739
199000	0.190890396009739
200000	0.190890396009739
201000	0.190890396009739
202000	0.190890396009739
203000	0.190890396009739
204000	0.190890396009739
205000	0.190890396009739
206000	0.190890396009739
207000	0.190890396009739
208000	0.190890396009739
209000	0.190890396009739
210000	0.190890396009739
211000	0.190890396009739
212000	0.190890396009739
213000	0.190890396009739
214000	0.190890396009739
215000	0.190890396009739
216000	0.190890396009739
217000	0.190890396009739
218000	0.190890396009739
219000	0.190890396009739
220000	0.190890396009739
221000	0.190890396009739
222000	0.190890396009739
223000	0.190890396009739
224000	0.190890396009739
225000	0.190890396009739
226000	0.190890396009739
227000	0.190890396009739
228000	0.190890396009739
229000	0.190890396009739
230000	0.190890396009739
231000	0.190890396009739
232000	0.190890396009739
233000	0.190890396009739
234000	0.190890396009739
235000	0.190890396009739
236000	0.190890396009739
237000	0.190890396009739
238000	0.190890396009739
239000	0.190890396009739
240000	0.190890396009739
241000	0.190890396009739
242000	0.190890396009739
243000	0.190890396009739
244000	0.190890396009739
245000	0.190890396009739
246000	0.190890396009739
247000	0.190890396009739
248000	0.190890396009739
249000	0.190890396009739
250000	0.190890396009739
251000	0.190890396009739
252000	0.190890396009739
253000	0.190890396009739
254000	0.190890396009739
255000	0.190890396009739
256000	0.190890396009739
257000	0.190890396009739
258000	0.190890396009739
259000	0.190890396009739
260000	0.190890396009739
261000	0.190890396009739
262000	0.190890396009739
263000	0.190890396009739
264000	0.190890396009739
265000	0.190890396009739
266000	0.190890396009739
267000	0.190890396009739
268000	0.190890396009739
269000	0.190890396009739
270000	0.190890396009739
271000	0.190890396009739
272000	0.190890396009739
273000	0.190890396009739
274000	0.190890396009739
275000	0.190890396009739
276000	0.190890396009739
277000	0.190890396009739
278000	0.190890396009739
279000	0.190890396009739
280000	0.190890396009739
281000	0.190890396009739
282000	0.190890396009739
283000	0.190890396009739
284000	0.190890396009739
285000	0.190890396009739
286000	0.190890396009739
287000	0.190890396009739
288000	0.190890396009739
289000	0.190890396009739
290000	0.190890396009739
291000	0.190890396009739
292000	0.190890396009739
293000	0.190890396009739
294000	0.190890396009739
295000	0.190890396009739
296000	0.190890396009739
297000	0.190890396009739
298000	0.190890396009739
299000	0.190890396009739
300000	0.190890396009739
301000	0.190890396009739
302000	0.190890396009739
303000	0.190890396009739
304000	0.190890396009739
305000	0.190890396009739
306000	0.190890396009739
307000	0.190890396009739
308000	0.190890396009739
309000	0.190890396009739
310000	0.190890396009739
311000	0.190890396009739
312000	0.190890396009739
313000	0.190890396009739
314000	0.190890396009739
315000	0.190890396009739
316000	0.190890396009739
317000	0.190890396009739
318000	0.190890396009739
319000	0.190890396009739
320000	0.190890396009739
321000	0.190890396009739
322000	0.190890396009739
323000	0.190890396009739
324000	0.190890396009739
325000	0.190890396009739
326000	0.190890396009739
327000	0.190890396009739
328000	0.190890396009739
329000	0.190890396009739
330000	0.190890396009739
331000	0.190890396009739
332000	0.190890396009739
333000	0.190890396009739
334000	0.190890396009739
335000	0.190890396009739
336000	0.190890396009739
337000	0.190890396009739
338000	0.190890396009739
339000	0.190890396009739
340000	0.190890396009739
341000	0.190890396009739
342000	0.190890396009739
343000	0.190890396009739
344000	0.190890396009739
345000	0.190890396009739
346000	0.190890396009739
347000	0.190890396009739
348000	0.190890396009739
349000	0.190890396009739
350000	0.190890396009739
351000	0.190890396009739
352000	0.190890396009739
353000	0.190890396009739
354000	0.190890396009739
355000	0.190890396009739
356000	0.190890396009739
357000	0.190890396009739
358000	0.190890396009739
359000	0.190890396009739
360000	0.190890396009739
361000	0.190890396009739
362000	0.190890396009739
363000	0.190890396009739
364000	0.190890396009739
365000	0.190890396009739
366000	0.190890396009739
367000	0.190890396009739
368000	0.190890396009739
369000	0.190890396009739
370000	0.190890396009739
371000	0.190890396009739
372000	0.190890396009739
373000	0.190890396009739
374000	0.190890396009739
375000	0.190890396009739
376000	0.190890396009739
377000	0.190890396009739
378000	0.190890396009739
379000	0.190890396009739
380000	0.190890396009739
381000	0.190890396009739
382000	0.190890396009739
383000	0.190890396009739
384000	0.190890396009739
385000	0.190890396009739
386000	0.190890396009739
387000	0.190890396009739
388000	0.190890396009739
389000	0.190890396009739
390000	0.190890396009739
391000	0.190890396009739
392000	0.190890396009739
393000	0.190890396009739
394000	0.190890396009739
395000	0.190890396009739
396000	0.190890396009739
397000	0.190890396009739
398000	0.190890396009739
399000	0.190890396009739
400000	0.190890396009739
401000	0.190890396009739
402000	0.190890396009739
403000	0.190890396009739
404000	0.190890396009739
405000	0.190890396009739
406000	0.190890396009739
407000	0.190890396009739
408000	0.190890396009739
409000	0.190890396009739
410000	0.190890396009739
411000	0.190890396009739
412000	0.190890396009739
413000	0.190890396009739
414000	0.190890396009739
415000	0.190890396009739
416000	0.190890396009739
417000	0.190890396009739
418000	0.190890396009739
419000	0.190890396009739
420000	0.190890396009739
421000	0.190890396009739
422000	0.190890396009739
423000	0.190890396009739
424000	0.190890396009739
425000	0.190890396009739
426000	0.190890396009739
427000	0.190890396009739
428000	0.190890396009739
429000	0.190890396009739
430000	0.190890396009739
431000	0.190890396009739
432000	0.190890396009739
433000	0.190890396009739
434000	0.190890396009739
435000	0.190890396009739
436000	0.190890396009739
437000	0.190890396009739
438000	0.190890396009739
439000	0.190890396009739
440000	0.190890396009739
441000	0.190890396009739
442000	0.190890396009739
443000	0.190890396009739
444000	0.190890396009739
445000	0.190890396009739
446000	0.190890396009739
447000	0.190890396009739
448000	0.190890396009739
449000	0.190890396009739
450000	0.190890396009739
451000	0.190890396009739
452000	0.190890396009739
453000	0.190890396009739
454000	0.190890396009739
455000	0.190890396009739
456000	0.190890396009739
457000	0.190890396009739
458000	0.190890396009739
459000	0.190890396009739
460000	0.190890396009739
461000	0.190890396009739
462000	0.190890396009739
463000	0.190890396009739
464000	0.190890396009739
465000	0.190890396009739
466000	0.190890396009739
467000	0.190890396009739
468000	0.190890396009739
469000	0.190890396009739
470000	0.190890396009739
471000	0.190890396009739
472000	0.190890396009739
473000	0.190890396009739
474000	0.190890396009739
475000	0.190890396009739
476000	0.190890396009739
477000	0.190890396009739
478000	0.190890396009739
479000	0.190890396009739
480000	0.190890396009739
481000	0.190890396009739
482000	0.190890396009739
483000	0.190890396009739
484000	0.190890396009739
485000	0.190890396009739
486000	0.190890396009739
487000	0.190890396009739
488000	0.190890396009739
489000	0.190890396009739
490000	0.190890396009739
491000	0.190890396009739
492000	0.190890396009739
493000	0.190890396009739
494000	0.190890396009739
495000	0.190890396009739
496000	0.190890396009739
497000	0.190890396009739
498000	0.190890396009739
499000	0.190890396009739
500000	0.190890396009739
501000	0.190890396009739
502000	0.190890396009739
503000	0.190890396009739
504000	0.190890396009739
505000	0.190890396009739
506000	0.190890396009739
507000	0.190890396009739
508000	0.190890396009739
509000	0.190890396009739
510000	0.190890396009739
511000	0.190890396009739
512000	0.190890396009739
513000	0.190890396009739
514000	0.190890396009739
515000	0.190890396009739
516000	0.190890396009739
517000	0.190890396009739
518000	0.190890396009739
519000	0.190890396009739
520000	0.190890396009739
521000	0.190890396009739
522000	0.190890396009739
523000	0.190890396009739
524000	0.190890396009739
525000	0.190890396009739
526000	0.190890396009739
527000	0.190890396009739
528000	0.190890396009739
529000	0.190890396009739
530000	0.190890396009739
531000	0.190890396009739
532000	0.190890396009739
533000	0.190890396009739
534000	0.190890396009739
535000	0.190890396009739
536000	0.190890396009739
537000	0.190890396009739
538000	0.190890396009739
539000	0.190890396009739
540000	0.190890396009739
541000	0.190890396009739
542000	0.190890396009739
543000	0.190890396009739
544000	0.190890396009739
545000	0.190890396009739
546000	0.190890396009739
547000	0.190890396009739
548000	0.190890396009739
549000	0.190890396009739
550000	0.190890396009739
551000	0.190890396009739
552000	0.190890396009739
553000	0.190890396009739
554000	0.190890396009739
555000	0.190890396009739
556000	0.190890396009739
557000	0.190890396009739
558000	0.190890396009739
559000	0.190890396009739
560000	0.190890396009739
561000	0.190890396009739
562000	0.190890396009739
563000	0.190890396009739
564000	0.190890396009739
565000	0.190890396009739
566000	0.190890396009739
567000	0.190890396009739
568000	0.190890396009739
569000	0.190890396009739
570000	0.190890396009739
571000	0.190890396009739
572000	0.190890396009739
573000	0.190890396009739
574000	0.190890396009739
575000	0.190890396009739
576000	0.190890396009739
577000	0.190890396009739
578000	0.190890396009739
579000	0.190890396009739
580000	0.190890396009739
581000	0.190890396009739
582000	0.190890396009739
583000	0.190890396009739
584000	0.190890396009739
585000	0.190890396009739
586000	0.190890396009739
587000	0.190890396009739
588000	0.190890396009739
589000	0.190890396009739
590000	0.190890396009739
591000	0.190890396009739
592000	0.190890396009739
593000	0.190890396009739
594000	0.190890396009739
595000	0.190890396009739
596000	0.190890396009739
597000	0.190890396009739
598000	0.190890396009739
599000	0.190890396009739
600000	0.190890396009739
601000	0.190890396009739
602000	0.190890396009739
603000	0.190890396009739
604000	0.190890396009739
605000	0.190890396009739
606000	0.190890396009739
607000	0.190890396009739
608000	0.190890396009739
609000	0.190890396009739
610000	0.190890396009739
611000	0.190890396009739
612000	0.190890396009739
613000	0.190890396009739
614000	0.190890396009739
615000	0.190890396009739
616000	0.190890396009739
617000	0.190890396009739
618000	0.190890396009739
619000	0.190890396009739
620000	0.190890396009739
621000	0.190890396009739
622000	0.190890396009739
623000	0.190890396009739
624000	0.190890396009739
625000	0.190890396009739
626000	0.190890396009739
627000	0.190890396009739
628000	0.190890396009739
629000	0.190890396009739
630000	0.190890396009739
631000	0.190890396009739
632000	0.190890396009739
633000	0.190890396009739
634000	0.190890396009739
635000	0.190890396009739
636000	0.190890396009739
637000	0.190890396009739
638000	0.190890396009739
639000	0.190890396009739
640000	0.190890396009739
641000	0.190890396009739
642000	0.190890396009739
643000	0.190890396009739
644000	0.190890396009739
645000	0.190890396009739
646000	0.190890396009739
647000	0.190890396009739
648000	0.190890396009739
649000	0.190890396009739
650000	0.190890396009739
651000	0.190890396009739
652000	0.190890396009739
653000	0.190890396009739
654000	0.190890396009739
655000	0.190890396009739
656000	0.190890396009739
657000	0.190890396009739
658000	0.190890396009739
659000	0.190890396009739
660000	0.190890396009739
661000	0.190890396009739
662000	0.190890396009739
663000	0.190890396009739
664000	0.190890396009739
665000	0.190890396009739
666000	0.190890396009739
667000	0.190890396009739
668000	0.190890396009739
669000	0.190890396009739
670000	0.190890396009739
671000	0.190890396009739
672000	0.190890396009739
673000	0.190890396009739
674000	0.190890396009739
675000	0.190890396009739
676000	0.190890396009739
677000	0.190890396009739
678000	0.190890396009739
679000	0.190890396009739
680000	0.190890396009739
681000	0.190890396009739
682000	0.190890396009739
683000	0.190890396009739
684000	0.190890396009739
685000	0.190890396009739
686000	0.190890396009739
687000	0.190890396009739
688000	0.190890396009739
689000	0.190890396009739
690000	0.190890396009739
691000	0.190890396009739
692000	0.190890396009739
693000	0.190890396009739
694000	0.190890396009739
695000	0.190890396009739
696000	0.190890396009739
697000	0.190890396009739
698000	0.190890396009739
699000	0.190890396009739
700000	0.190890396009739
701000	0.190890396009739
702000	0.190890396009739
703000	0.190890396009739
704000	0.190890396009739
705000	0.190890396009739
706000	0.190890396009739
707000	0.190890396009739
708000	0.190890396009739
709000	0.190890396009739
710000	0.190890396009739
711000	0.190890396009739
712000	0.190890396009739
713000	0.190890396009739
714000	0.190890396009739
715000	0.190890396009739
716000	0.190890396009739
717000	0.190890396009739
718000	0.190890396009739
719000	0.190890396009739
720000	0.190890396009739
721000	0.190890396009739
722000	0.190890396009739
723000	0.190890396009739
724000	0.190890396009739
725000	0.190890396009739
726000	0.190890396009739
727000	0.190890396009739
728000	0.190890396009739
729000	0.190890396009739
730000	0.190890396009739
731000	0.190890396009739
732000	0.190890396009739
733000	0.190890396009739
734000	0.190890396009739
735000	0.190890396009739
736000	0.190890396009739
737000	0.190890396009739
738000	0.190890396009739
739000	0.190890396009739
740000	0.190890396009739
741000	0.190890396009739
742000	0.190890396009739
743000	0.190890396009739
744000	0.190890396009739
745000	0.190890396009739
746000	0.190890396009739
747000	0.190890396009739
748000	0.190890396009739
749000	0.190890396009739
750000	0.190890396009739
751000	0.190890396009739
752000	0.190890396009739
753000	0.190890396009739
754000	0.190890396009739
755000	0.190890396009739
756000	0.190890396009739
757000	0.190890396009739
758000	0.190890396009739
759000	0.190890396009739
760000	0.190890396009739
761000	0.190890396009739
762000	0.190890396009739
763000	0.190890396009739
764000	0.190890396009739
765000	0.190890396009739
766000	0.190890396009739
767000	0.190890396009739
768000	0.190890396009739
769000	0.190890396009739
770000	0.190890396009739
771000	0.190890396009739
772000	0.190890396009739
773000	0.190890396009739
774000	0.190890396009739
775000	0.190890396009739
776000	0.190890396009739
777000	0.190890396009739
778000	0.190890396009739
779000	0.190890396009739
780000	0.190890396009739
781000	0.190890396009739
782000	0.190890396009739
783000	0.190890396009739
784000	0.190890396009739
785000	0.190890396009739
786000	0.190890396009739
787000	0.190890396009739
788000	0.190890396009739
789000	0.190890396009739
790000	0.190890396009739
791000	0.190890396009739
792000	0.190890396009739
793000	0.190890396009739
794000	0.190890396009739
795000	0.190890396009739
796000	0.190890396009739
797000	0.190890396009739
798000	0.190890396009739
799000	0.190890396009739
800000	0.190890396009739
801000	0.190890396009739
802000	0.190890396009739
803000	0.190890396009739
804000	0.190890396009739
805000	0.190890396009739
806000	0.190890396009739
807000	0.190890396009739
808000	0.190890396009739
809000	0.190890396009739
810000	0.190890396009739
811000	0.190890396009739
812000	0.190890396009739
813000	0.190890396009739
814000	0.190890396009739
815000	0.190890396009739
816000	0.190890396009739
817000	0.190890396009739
818000	0.190890396009739
819000	0.190890396009739
820000	0.190890396009739
821000	0.190890396009739
822000	0.190890396009739
823000	0.190890396009739
824000	0.190890396009739
825000	0.190890396009739
826000	0.190890396009739
827000	0.190890396009739
828000	0.190890396009739
829000	0.190890396009739
830000	0.190890396009739
831000	0.190890396009739
832000	0.190890396009739
833000	0.190890396009739
834000	0.190890396009739
835000	0.190890396009739
836000	0.190890396009739
837000	0.190890396009739
838000	0.190890396009739
839000	0.190890396009739
840000	0.190890396009739
841000	0.190890396009739
842000	0.190890396009739
843000	0.190890396009739
844000	0.190890396009739
845000	0.190890396009739
846000	0.190890396009739
847000	0.190890396009739
848000	0.190890396009739
849000	0.190890396009739
850000	0.190890396009739
851000	0.190890396009739
852000	0.190890396009739
853000	0.190890396009739
854000	0.190890396009739
855000	0.190890396009739
856000	0.190890396009739
857000	0.190890396009739
858000	0.190890396009739
859000	0.190890396009739
860000	0.190890396009739
861000	0.190890396009739
862000	0.190890396009739
863000	0.190890396009739
864000	0.190890396009739
865000	0.190890396009739
866000	0.190890396009739
867000	0.190890396009739
868000	0.190890396009739
869000	0.190890396009739
870000	0.190890396009739
871000	0.190890396009739
872000	0.190890396009739
873000	0.190890396009739
874000	0.190890396009739
875000	0.190890396009739
876000	0.190890396009739
877000	0.190890396009739
878000	0.190890396009739
879000	0.190890396009739
880000	0.190890396009739
881000	0.190890396009739
882000	0.190890396009739
883000	0.190890396009739
884000	0.190890396009739
885000	0.190890396009739
886000	0.190890396009739
887000	0.190890396009739
888000	0.190890396009739
889000	0.190890396009739
890000	0.190890396009739
891000	0.190890396009739
892000	0.190890396009739
893000	0.190890396009739
894000	0.190890396009739
895000	0.190890396009739
896000	0.190890396009739
897000	0.190890396009739
898000	0.190890396009739
899000	0.190890396009739
900000	0.190890396009739
901000	0.190890396009739
902000	0.190890396009739
903000	0.190890396009739
904000	0.190890396009739
905000	0.190890396009739
906000	0.190890396009739
907000	0.190890396009739
908000	0.190890396009739
909000	0.190890396009739
910000	0.190890396009739
911000	0.190890396009739
912000	0.190890396009739
913000	0.190890396009739
914000	0.190890396009739
915000	0.190890396009739
916000	0.190890396009739
917000	0.190890396009739
918000	0.190890396009739
919000	0.190890396009739
920000	0.190890396009739
921000	0.190890396009739
922000	0.190890396009739
923000	0.190890396009739
924000	0.190890396009739
925000	0.190890396009739
926000	0.190890396009739
927000	0.190890396009739
928000	0.190890396009739
929000	0.190890396009739
930000	0.190890396009739
931000	0.190890396009739
932000	0.190890396009739
933000	0.190890396009739
934000	0.190890396009739
935000	0.190890396009739
936000	0.190890396009739
937000	0.190890396009739
938000	0.190890396009739
939000	0.190890396009739
940000	0.190890396009739
941000	0.190890396009739
942000	0.190890396009739
943000	0.190890396009739
944000	0.190890396009739
945000	0.190890396009739
946000	0.190890396009739
947000	0.190890396009739
948000	0.190890396009739
949000	0.190890396009739
950000	0.190890396009739
951000	0.190890396009739
952000	0.190890396009739
953000	0.190890396009739
954000	0.190890396009739
955000	0.190890396009739
956000	0.190890396009739
957000	0.190890396009739
958000	0.190890396009739
959000	0.190890396009739
960000	0.190890396009739
961000	0.190890396009739
962000	0.190890396009739
963000	0.190890396009739
964000	0.190890396009739
965000	0.190890396009739
966000	0.190890396009739
967000	0.190890396009739
968000	0.190890396009739
969000	0.190890396009739
970000	0.190890396009739
971000	0.190890396009739
972000	0.190890396009739
973000	0.190890396009739
974000	0.190890396009739
975000	0.190890396009739
976000	0.190890396009739
977000	0.190890396009739
978000	0.190890396009739
979000	0.190890396009739
980000	0.190890396009739
981000	0.190890396009739
982000	0.190890396009739
983000	0.190890396009739
984000	0.190890396009739
985000	0.190890396009739
986000	0.190890396009739
987000	0.190890396009739
988000	0.190890396009739
989000	0.190890396009739
990000	0.190890396009739
991000	0.190890396009739
992000	0.190890396009739
993000	0.190890396009739
994000	0.190890396009739
995000	0.190890396009739
996000	0.190890396009739
997000	0.190890396009739
998000	0.190890396009739
999000	0.190890396009739
