0	0.120000001010419
1000	0.12000092230722
2000	0.120001686154089
3000	0.120002319459276
4000	0.120002844532401
5000	0.12000327987036
6000	0.120003640808924
7000	0.120003940062974
8000	0.120004188174413
9000	0.120004393883531
10000	0.120004564436896
11000	0.120004705842639
12000	0.120004823082098
13000	0.120004920285297
14000	0.120005000876439
15000	0.120005067694531
16000	0.120005123093391
17000	0.120005169024569
18000	0.120005207106094
19000	0.120005238679476
20000	0.120005264856957
21000	0.120005286560699
22000	0.120005304555264
23000	0.120005319474553
24000	0.120005331844131
25000	0.120005342099745
26000	0.120005350602671
27000	0.120005357652444
28000	0.120005363497408
29000	0.120005368343467
30000	0.120005372361333
31000	0.120005375692544
32000	0.120005378454451
33000	0.120005380744346
34000	0.120005382642898
35000	0.120005384216987
36000	0.120005385522063
37000	0.120005386604102
38000	0.120005387501219
39000	0.12000538824502
40000	0.120005388861704
41000	0.120005389372997
42000	0.12000538979691
43000	0.120005390148376
44000	0.120005390439776
45000	0.120005390681376
46000	0.120005390881687
47000	0.120005391047764
48000	0.120005391185459
49000	0.120005391299621
50000	0.120005391394273
51000	0.120005391472749
52000	0.120005391537814
53000	0.120005391591759
54000	0.120005391636484
55000	0.120005391673566
56000	0.120005391704311
57000	0.120005391729802
58000	0.120005391750936
59000	0.120005391768458
60000	0.120005391782986
61000	0.120005391795031
62000	0.120005391805017
63000	0.120005391813297
64000	0.120005391820162
65000	0.120005391825853
66000	0.120005391830572
67000	0.120005391834485
68000	0.120005391837729
69000	0.120005391840418
70000	0.120005391842648
71000	0.120005391844496
72000	0.120005391846029
73000	0.1200053918473
74000	0.120005391848354
75000	0.120005391849227
76000	0.120005391849952
77000	0.120005391850552
78000	0.12000539185105
79000	0.120005391851463
80000	0.120005391851805
81000	0.120005391852089
82000	0.120005391852324
83000	0.120005391852519
84000	0.120005391852681
85000	0.120005391852814
86000	0.120005391852926
87000	0.120005391853017
88000	0.120005391853093
89000	0.120005391853157
90000	0.120005391853211
91000	0.120005391853252
92000	0.120005391853289
93000	0.120005391853317
94000	0.120005391853345
95000	0.120005391853363
96000	0.120005391853377
97000	0.120005391853391
98000	0.120005391853405
99000	0.120005391853419
100000	0.120005391853428
101000	0.120005391853428
102000	0.120005391853428
103000	0.120005391853428
104000	0.120005391853428
105000	0.120005391853428
106000	0.120005391853428
107000	0.120005391853428
108000	0.120005391853428
109000	0.120005391853428
110000	0.120005391853428
111000	0.120005391853428
112000	0.120005391853428
113000	0.120005391853428
114000	0.120005391853428
115000	0.120005391853428
116000	0.120005391853428
117000	0.120005391853428
118000	0.120005391853428
119000	0.120005391853428
120000	0.120005391853428
121000	0.120005391853428
122000	0.120005391853428
123000	0.120005391853428
124000	0.120005391853428
125000	0.120005391853428
126000	0.120005391853428
127000	0.120005391853428
128000	0.120005391853428
129000	0.120005391853428
130000	0.120005391853428
131000	0.120005391853428
132000	0.120005391853428
133000	0.120005391853428
134000	0.120005391853428
135000	0.120005391853428
136000	0.120005391853428
137000	0.120005391853428
138000	0.120005391853428
139000	0.120005391853428
140000	0.120005391853428
141000	0.120005391853428
142000	0.120005391853428
143000	0.120005391853428
144000	0.120005391853428
145000	0.120005391853428
146000	0.120005391853428
147000	0.120005391853428
148000	0.120005391853428
149000	0.120005391853428
150000	0.120005391853428
151000	0.120005391853428
152000	0.120005391853428
153000	0.120005391853428
154000	0.120005391853428
155000	0.120005391853428
156000	0.120005391853428
157000	0.120005391853428
158000	0.120005391853428
159000	0.120005391853428
160000	0.120005391853428
161000	0.120005391853428
162000	0.120005391853428
163000	0.120005391853428
164000	0.120005391853428
165000	0.120005391853428
166000	0.120005391853428
167000	0.120005391853428
168000	0.120005391853428
169000	0.120005391853428
170000	0.120005391853428
171000	0.120005391853428
172000	0.120005391853428
173000	0.120005391853428
174000	0.120005391853428
175000	0.120005391853428
176000	0.120005391853428
177000	0.120005391853428
178000	0.120005391853428
179000	0.120005391853428
180000	0.120005391853428
181000	0.120005391853428
182000	0.120005391853428
183000	0.120005391853428
184000	0.120005391853428
185000	0.120005391853428
186000	0.120005391853428
187000	0.120005391853428
188000	0.120005391853428
189000	0.120005391853428
190000	0.120005391853428
191000	0.120005391853428
192000	0.120005391853428
193000	0.120005391853428
194000	0.120005391853428
195000	0.120005391853428
196000	0.120005391853428
197000	0.120005391853428
198000	0.120005391853428
199000	0.120005391853428
200000	0.120005391853428
201000	0.120005391853428
202000	0.120005391853428
203000	0.120005391853428
204000	0.120005391853428
205000	0.120005391853428
206000	0.120005391853428
207000	0.120005391853428
208000	0.120005391853428
209000	0.120005391853428
210000	0.120005391853428
211000	0.120005391853428
212000	0.120005391853428
213000	0.120005391853428
214000	0.120005391853428
215000	0.120005391853428
216000	0.120005391853428
217000	0.120005391853428
218000	0.120005391853428
219000	0.120005391853428
220000	0.120005391853428
221000	0.120005391853428
222000	0.120005391853428
223000	0.120005391853428
224000	0.120005391853428
225000	0.120005391853428
226000	0.120005391853428
227000	0.120005391853428
228000	0.120005391853428
229000	0.120005391853428
230000	0.120005391853428
231000	0.120005391853428
232000	0.120005391853428
233000	0.120005391853428
234000	0.120005391853428
235000	0.120005391853428
236000	0.120005391853428
237000	0.120005391853428
238000	0.120005391853428
239000	0.120005391853428
240000	0.120005391853428
241000	0.120005391853428
242000	0.120005391853428
243000	0.120005391853428
244000	0.120005391853428
245000	0.120005391853428
246000	0.120005391853428
247000	0.120005391853428
248000	0.120005391853428
249000	0.120005391853428
250000	0.120005391853428
251000	0.120005391853428
252000	0.120005391853428
253000	0.120005391853428
254000	0.120005391853428
255000	0.120005391853428
256000	0.120005391853428
257000	0.120005391853428
258000	0.120005391853428
259000	0.120005391853428
260000	0.120005391853428
261000	0.120005391853428
262000	0.120005391853428
263000	0.120005391853428
264000	0.120005391853428
265000	0.120005391853428
266000	0.120005391853428
267000	0.120005391853428
268000	0.120005391853428
269000	0.120005391853428
270000	0.120005391853428
271000	0.120005391853428
272000	0.120005391853428
273000	0.120005391853428
274000	0.120005391853428
275000	0.120005391853428
276000	0.120005391853428
277000	0.120005391853428
278000	0.120005391853428
279000	0.120005391853428
280000	0.120005391853428
281000	0.120005391853428
282000	0.120005391853428
283000	0.120005391853428
284000	0.120005391853428
285000	0.120005391853428
286000	0.120005391853428
287000	0.120005391853428
288000	0.120005391853428
289000	0.120005391853428
290000	0.120005391853428
291000	0.120005391853428
292000	0.120005391853428
293000	0.120005391853428
294000	0.120005391853428
295000	0.120005391853428
296000	0.120005391853428
297000	0.120005391853428
298000	0.120005391853428
299000	0.120005391853428
300000	0.120005391853428
301000	0.120005391853428
302000	0.120005391853428
303000	0.120005391853428
304000	0.120005391853428
305000	0.120005391853428
306000	0.120005391853428
307000	0.120005391853428
308000	0.120005391853428
309000	0.120005391853428
310000	0.120005391853428
311000	0.120005391853428
312000	0.120005391853428
313000	0.120005391853428
314000	0.120005391853428
315000	0.120005391853428
316000	0.120005391853428
317000	0.120005391853428
318000	0.120005391853428
319000	0.120005391853428
320000	0.120005391853428
321000	0.120005391853428
322000	0.120005391853428
323000	0.120005391853428
324000	0.120005391853428
325000	0.120005391853428
326000	0.120005391853428
327000	0.120005391853428
328000	0.120005391853428
329000	0.120005391853428
330000	0.120005391853428
331000	0.120005391853428
332000	0.120005391853428
333000	0.120005391853428
334000	0.120005391853428
335000	0.120005391853428
336000	0.120005391853428
337000	0.120005391853428
338000	0.120005391853428
339000	0.120005391853428
340000	0.120005391853428
341000	0.120005391853428
342000	0.120005391853428
343000	0.120005391853428
344000	0.120005391853428
345000	0.120005391853428
346000	0.120005391853428
347000	0.120005391853428
348000	0.120005391853428
349000	0.120005391853428
350000	0.120005391853428
351000	0.120005391853428
352000	0.120005391853428
353000	0.120005391853428
354000	0.120005391853428
355000	0.120005391853428
356000	0.120005391853428
357000	0.120005391853428
358000	0.120005391853428
359000	0.120005391853428
360000	0.120005391853428
361000	0.120005391853428
362000	0.120005391853428
363000	0.120005391853428
364000	0.120005391853428
365000	0.120005391853428
366000	0.120005391853428
367000	0.120005391853428
368000	0.120005391853428
369000	0.120005391853428
370000	0.120005391853428
371000	0.120005391853428
372000	0.120005391853428
373000	0.120005391853428
374000	0.120005391853428
375000	0.120005391853428
376000	0.120005391853428
377000	0.120005391853428
378000	0.120005391853428
379000	0.120005391853428
380000	0.120005391853428
381000	0.120005391853428
382000	0.120005391853428
383000	0.120005391853428
384000	0.120005391853428
385000	0.120005391853428
386000	0.120005391853428
387000	0.120005391853428
388000	0.120005391853428
389000	0.120005391853428
390000	0.120005391853428
391000	0.120005391853428
392000	0.120005391853428
393000	0.120005391853428
394000	0.120005391853428
395000	0.120005391853428
396000	0.120005391853428
397000	0.120005391853428
398000	0.120005391853428
399000	0.120005391853428
400000	0.120005391853428
401000	0.120005391853428
402000	0.120005391853428
403000	0.120005391853428
404000	0.120005391853428
405000	0.120005391853428
406000	0.120005391853428
407000	0.120005391853428
408000	0.120005391853428
409000	0.120005391853428
410000	0.120005391853428
411000	0.120005391853428
412000	0.120005391853428
413000	0.120005391853428
414000	0.120005391853428
415000	0.120005391853428
416000	0.120005391853428
417000	0.120005391853428
418000	0.120005391853428
419000	0.120005391853428
420000	0.120005391853428
421000	0.120005391853428
422000	0.120005391853428
423000	0.120005391853428
424000	0.120005391853428
425000	0.120005391853428
426000	0.120005391853428
427000	0.120005391853428
428000	0.120005391853428
429000	0.120005391853428
430000	0.120005391853428
431000	0.120005391853428
432000	0.120005391853428
433000	0.120005391853428
434000	0.120005391853428
435000	0.120005391853428
436000	0.120005391853428
437000	0.120005391853428
438000	0.120005391853428
439000	0.120005391853428
440000	0.120005391853428
441000	0.120005391853428
442000	0.120005391853428
443000	0.120005391853428
444000	0.120005391853428
445000	0.120005391853428
446000	0.120005391853428
447000	0.120005391853428
448000	0.120005391853428
449000	0.120005391853428
450000	0.120005391853428
451000	0.120005391853428
452000	0.120005391853428
453000	0.120005391853428
454000	0.120005391853428
455000	0.120005391853428
456000	0.120005391853428
457000	0.120005391853428
458000	0.120005391853428
459000	0.120005391853428
460000	0.120005391853428
461000	0.120005391853428
462000	0.120005391853428
463000	0.120005391853428
464000	0.120005391853428
465000	0.120005391853428
466000	0.120005391853428
467000	0.120005391853428
468000	0.120005391853428
469000	0.120005391853428
470000	0.120005391853428
471000	0.120005391853428
472000	0.120005391853428
473000	0.120005391853428
474000	0.120005391853428
475000	0.120005391853428
476000	0.120005391853428
477000	0.120005391853428
478000	0.120005391853428
479000	0.120005391853428
480000	0.120005391853428
481000	0.120005391853428
482000	0.120005391853428
483000	0.120005391853428
484000	0.120005391853428
485000	0.120005391853428
486000	0.120005391853428
487000	0.120005391853428
488000	0.120005391853428
489000	0.120005391853428
490000	0.120005391853428
491000	0.120005391853428
492000	0.120005391853428
493000	0.120005391853428
494000	0.120005391853428
495000	0.120005391853428
496000	0.120005391853428
497000	0.120005391853428
498000	0.120005391853428
499000	0.120005391853428
500000	0.120005391853428
501000	0.120005391853428
502000	0.120005391853428
503000	0.120005391853428
504000	0.120005391853428
505000	0.120005391853428
506000	0.120005391853428
507000	0.120005391853428
508000	0.120005391853428
509000	0.120005391853428
510000	0.120005391853428
511000	0.120005391853428
512000	0.120005391853428
513000	0.120005391853428
514000	0.120005391853428
515000	0.120005391853428
516000	0.120005391853428
517000	0.120005391853428
518000	0.120005391853428
519000	0.120005391853428
520000	0.120005391853428
521000	0.120005391853428
522000	0.120005391853428
523000	0.120005391853428
524000	0.120005391853428
525000	0.120005391853428
526000	0.120005391853428
527000	0.120005391853428
528000	0.120005391853428
529000	0.120005391853428
530000	0.120005391853428
531000	0.120005391853428
532000	0.120005391853428
533000	0.120005391853428
534000	0.120005391853428
535000	0.120005391853428
536000	0.120005391853428
537000	0.120005391853428
538000	0.120005391853428
539000	0.120005391853428
540000	0.120005391853428
541000	0.120005391853428
542000	0.120005391853428
543000	0.120005391853428
544000	0.120005391853428
545000	0.120005391853428
546000	0.120005391853428
547000	0.120005391853428
548000	0.120005391853428
549000	0.120005391853428
550000	0.120005391853428
551000	0.120005391853428
552000	0.120005391853428
553000	0.120005391853428
554000	0.120005391853428
555000	0.120005391853428
556000	0.120005391853428
557000	0.120005391853428
558000	0.120005391853428
559000	0.120005391853428
560000	0.120005391853428
561000	0.120005391853428
562000	0.120005391853428
563000	0.120005391853428
564000	0.120005391853428
565000	0.120005391853428
566000	0.120005391853428
567000	0.120005391853428
568000	0.120005391853428
569000	0.120005391853428
570000	0.120005391853428
571000	0.120005391853428
572000	0.120005391853428
573000	0.120005391853428
574000	0.120005391853428
575000	0.120005391853428
576000	0.120005391853428
577000	0.120005391853428
578000	0.120005391853428
579000	0.120005391853428
580000	0.120005391853428
581000	0.120005391853428
582000	0.120005391853428
583000	0.120005391853428
584000	0.120005391853428
585000	0.120005391853428
586000	0.120005391853428
587000	0.120005391853428
588000	0.120005391853428
589000	0.120005391853428
590000	0.120005391853428
591000	0.120005391853428
592000	0.120005391853428
593000	0.120005391853428
594000	0.120005391853428
595000	0.120005391853428
596000	0.120005391853428
597000	0.120005391853428
598000	0.120005391853428
599000	0.120005391853428
600000	0.120005391853428
601000	0.120005391853428
602000	0.120005391853428
603000	0.120005391853428
604000	0.120005391853428
605000	0.120005391853428
606000	0.120005391853428
607000	0.120005391853428
608000	0.120005391853428
609000	0.120005391853428
610000	0.120005391853428
611000	0.120005391853428
612000	0.120005391853428
613000	0.120005391853428
614000	0.120005391853428
615000	0.120005391853428
616000	0.120005391853428
617000	0.120005391853428
618000	0.120005391853428
619000	0.120005391853428
620000	0.120005391853428
621000	0.120005391853428
622000	0.120005391853428
623000	0.120005391853428
624000	0.120005391853428
625000	0.120005391853428
626000	0.120005391853428
627000	0.120005391853428
628000	0.120005391853428
629000	0.120005391853428
630000	0.120005391853428
631000	0.120005391853428
632000	0.120005391853428
633000	0.120005391853428
634000	0.120005391853428
635000	0.120005391853428
636000	0.120005391853428
637000	0.120005391853428
638000	0.120005391853428
639000	0.120005391853428
640000	0.120005391853428
641000	0.120005391853428
642000	0.120005391853428
643000	0.120005391853428
644000	0.120005391853428
645000	0.120005391853428
646000	0.120005391853428
647000	0.120005391853428
648000	0.120005391853428
649000	0.120005391853428
650000	0.120005391853428
651000	0.120005391853428
652000	0.120005391853428
653000	0.120005391853428
654000	0.120005391853428
655000	0.120005391853428
656000	0.120005391853428
657000	0.120005391853428
658000	0.120005391853428
659000	0.120005391853428
660000	0.120005391853428
661000	0.120005391853428
662000	0.120005391853428
663000	0.120005391853428
664000	0.120005391853428
665000	0.120005391853428
666000	0.120005391853428
667000	0.120005391853428
668000	0.120005391853428
669000	0.120005391853428
670000	0.120005391853428
671000	0.120005391853428
672000	0.120005391853428
673000	0.120005391853428
674000	0.120005391853428
675000	0.120005391853428
676000	0.120005391853428
677000	0.120005391853428
678000	0.120005391853428
679000	0.120005391853428
680000	0.120005391853428
681000	0.120005391853428
682000	0.120005391853428
683000	0.120005391853428
684000	0.120005391853428
685000	0.120005391853428
686000	0.120005391853428
687000	0.120005391853428
688000	0.120005391853428
689000	0.120005391853428
690000	0.120005391853428
691000	0.120005391853428
692000	0.120005391853428
693000	0.120005391853428
694000	0.120005391853428
695000	0.120005391853428
696000	0.120005391853428
697000	0.120005391853428
698000	0.120005391853428
699000	0.120005391853428
700000	0.120005391853428
701000	0.120005391853428
702000	0.120005391853428
703000	0.120005391853428
704000	0.120005391853428
705000	0.120005391853428
706000	0.120005391853428
707000	0.120005391853428
708000	0.120005391853428
709000	0.120005391853428
710000	0.120005391853428
711000	0.120005391853428
712000	0.120005391853428
713000	0.120005391853428
714000	0.120005391853428
715000	0.120005391853428
716000	0.120005391853428
717000	0.120005391853428
718000	0.120005391853428
719000	0.120005391853428
720000	0.120005391853428
721000	0.120005391853428
722000	0.120005391853428
723000	0.120005391853428
724000	0.120005391853428
725000	0.120005391853428
726000	0.120005391853428
727000	0.120005391853428
728000	0.120005391853428
729000	0.120005391853428
730000	0.120005391853428
731000	0.120005391853428
732000	0.120005391853428
733000	0.120005391853428
734000	0.120005391853428
735000	0.120005391853428
736000	0.120005391853428
737000	0.120005391853428
738000	0.120005391853428
739000	0.120005391853428
740000	0.120005391853428
741000	0.120005391853428
742000	0.120005391853428
743000	0.120005391853428
744000	0.120005391853428
745000	0.120005391853428
746000	0.120005391853428
747000	0.120005391853428
748000	0.120005391853428
749000	0.120005391853428
750000	0.120005391853428
751000	0.120005391853428
752000	0.120005391853428
753000	0.120005391853428
754000	0.120005391853428
755000	0.120005391853428
756000	0.120005391853428
757000	0.120005391853428
758000	0.120005391853428
759000	0.120005391853428
760000	0.120005391853428
761000	0.120005391853428
762000	0.120005391853428
763000	0.120005391853428
764000	0.120005391853428
765000	0.120005391853428
766000	0.120005391853428
767000	0.120005391853428
768000	0.120005391853428
769000	0.120005391853428
770000	0.120005391853428
771000	0.120005391853428
772000	0.120005391853428
773000	0.120005391853428
774000	0.120005391853428
775000	0.120005391853428
776000	0.120005391853428
777000	0.120005391853428
778000	0.120005391853428
779000	0.120005391853428
780000	0.120005391853428
781000	0.120005391853428
782000	0.120005391853428
783000	0.120005391853428
784000	0.120005391853428
785000	0.120005391853428
786000	0.120005391853428
787000	0.120005391853428
788000	0.120005391853428
789000	0.120005391853428
790000	0.120005391853428
791000	0.120005391853428
792000	0.120005391853428
793000	0.120005391853428
794000	0.120005391853428
795000	0.120005391853428
796000	0.120005391853428
797000	0.120005391853428
798000	0.120005391853428
799000	0.120005391853428
800000	0.120005391853428
801000	0.120005391853428
802000	0.120005391853428
803000	0.120005391853428
804000	0.120005391853428
805000	0.120005391853428
806000	0.120005391853428
807000	0.120005391853428
808000	0.120005391853428
809000	0.120005391853428
810000	0.120005391853428
811000	0.120005391853428
812000	0.120005391853428
813000	0.120005391853428
814000	0.120005391853428
815000	0.120005391853428
816000	0.120005391853428
817000	0.120005391853428
818000	0.120005391853428
819000	0.120005391853428
820000	0.120005391853428
821000	0.120005391853428
822000	0.120005391853428
823000	0.120005391853428
824000	0.120005391853428
825000	0.120005391853428
826000	0.120005391853428
827000	0.120005391853428
828000	0.120005391853428
829000	0.120005391853428
830000	0.120005391853428
831000	0.120005391853428
832000	0.120005391853428
833000	0.120005391853428
834000	0.120005391853428
835000	0.120005391853428
836000	0.120005391853428
837000	0.120005391853428
838000	0.120005391853428
839000	0.120005391853428
840000	0.120005391853428
841000	0.120005391853428
842000	0.120005391853428
843000	0.120005391853428
844000	0.120005391853428
845000	0.120005391853428
846000	0.120005391853428
847000	0.120005391853428
848000	0.120005391853428
849000	0.120005391853428
850000	0.120005391853428
851000	0.120005391853428
852000	0.120005391853428
853000	0.120005391853428
854000	0.120005391853428
855000	0.120005391853428
856000	0.120005391853428
857000	0.120005391853428
858000	0.120005391853428
859000	0.120005391853428
860000	0.120005391853428
861000	0.120005391853428
862000	0.120005391853428
863000	0.120005391853428
864000	0.120005391853428
865000	0.120005391853428
866000	0.120005391853428
867000	0.120005391853428
868000	0.120005391853428
869000	0.120005391853428
870000	0.120005391853428
871000	0.120005391853428
872000	0.120005391853428
873000	0.120005391853428
874000	0.120005391853428
875000	0.120005391853428
876000	0.120005391853428
877000	0.120005391853428
878000	0.120005391853428
879000	0.120005391853428
880000	0.120005391853428
881000	0.120005391853428
882000	0.120005391853428
883000	0.120005391853428
884000	0.120005391853428
885000	0.120005391853428
886000	0.120005391853428
887000	0.120005391853428
888000	0.120005391853428
889000	0.120005391853428
890000	0.120005391853428
891000	0.120005391853428
892000	0.120005391853428
893000	0.120005391853428
894000	0.120005391853428
895000	0.120005391853428
896000	0.120005391853428
897000	0.120005391853428
898000	0.120005391853428
899000	0.120005391853428
900000	0.120005391853428
901000	0.120005391853428
902000	0.120005391853428
903000	0.120005391853428
904000	0.120005391853428
905000	0.120005391853428
906000	0.120005391853428
907000	0.120005391853428
908000	0.120005391853428
909000	0.120005391853428
910000	0.120005391853428
911000	0.120005391853428
912000	0.120005391853428
913000	0.120005391853428
914000	0.120005391853428
915000	0.120005391853428
916000	0.120005391853428
917000	0.120005391853428
918000	0.120005391853428
919000	0.120005391853428
920000	0.120005391853428
921000	0.120005391853428
922000	0.120005391853428
923000	0.120005391853428
924000	0.120005391853428
925000	0.120005391853428
926000	0.120005391853428
927000	0.120005391853428
928000	0.120005391853428
929000	0.120005391853428
930000	0.120005391853428
931000	0.120005391853428
932000	0.120005391853428
933000	0.120005391853428
934000	0.120005391853428
935000	0.120005391853428
936000	0.120005391853428
937000	0.120005391853428
938000	0.120005391853428
939000	0.120005391853428
940000	0.120005391853428
941000	0.120005391853428
942000	0.120005391853428
943000	0.120005391853428
944000	0.120005391853428
945000	0.120005391853428
946000	0.120005391853428
947000	0.120005391853428
948000	0.120005391853428
949000	0.120005391853428
950000	0.120005391853428
951000	0.120005391853428
952000	0.120005391853428
953000	0.120005391853428
954000	0.120005391853428
955000	0.120005391853428
956000	0.120005391853428
957000	0.120005391853428
958000	0.120005391853428
959000	0.120005391853428
960000	0.120005391853428
961000	0.120005391853428
962000	0.120005391853428
963000	0.120005391853428
964000	0.120005391853428
965000	0.120005391853428
966000	0.120005391853428
967000	0.120005391853428
968000	0.120005391853428
969000	0.120005391853428
970000	0.120005391853428
971000	0.120005391853428
972000	0.120005391853428
973000	0.120005391853428
974000	0.120005391853428
975000	0.120005391853428
976000	0.120005391853428
977000	0.120005391853428
978000	0.120005391853428
979000	0.120005391853428
980000	0.120005391853428
981000	0.120005391853428
982000	0.120005391853428
983000	0.120005391853428
984000	0.120005391853428
985000	0.120005391853428
986000	0.120005391853428
987000	0.120005391853428
988000	0.120005391853428
989000	0.120005391853428
990000	0.120005391853428
991000	0.120005391853428
992000	0.120005391853428
993000	0.120005391853428
994000	0.120005391853428
995000	0.120005391853428
996000	0.120005391853428
997000	0.120005391853428
998000	0.120005391853428
999000	0.120005391853428
