0	0.11000000034895
1000	0.11000031851042
2000	0.11000058228137
3000	0.110000800959999
4000	0.110000982254956
5000	0.110001132557075
6000	0.110001257164661
7000	0.110001360470261
8000	0.110001446115503
9000	0.110001517119473
10000	0.110001575985131
11000	0.110001624787554
12000	0.110001665247078
13000	0.110001698789943
14000	0.110001726598569
15000	0.110001749653239
16000	0.110001768766654
17000	0.110001784612582
18000	0.110001797749608
19000	0.110001808640826
20000	0.110001817670162
21000	0.110001825155911
22000	0.110001831361951
23000	0.110001836507052
24000	0.110001840772586
25000	0.110001844308916
26000	0.110001847240701
27000	0.110001849671289
28000	0.110001851686362
29000	0.110001853356954
30000	0.110001854741953
31000	0.110001855890184
32000	0.110001856842121
33000	0.110001857631322
34000	0.110001858285608
35000	0.110001858828041
36000	0.110001859277744
37000	0.11000185965057
38000	0.11000185995966
39000	0.11000186021591
40000	0.110001860428353
41000	0.110001860604479
42000	0.110001860750495
43000	0.11000186087155
44000	0.11000186097191
45000	0.110001861055113
46000	0.110001861124093
47000	0.11000186118128
48000	0.110001861228691
49000	0.110001861267997
50000	0.110001861300583
51000	0.110001861327599
52000	0.110001861349996
53000	0.110001861368565
54000	0.110001861383959
55000	0.110001861396721
56000	0.110001861407302
57000	0.110001861416074
58000	0.110001861423346
59000	0.110001861429375
60000	0.110001861434374
61000	0.110001861438518
62000	0.110001861441953
63000	0.110001861444801
64000	0.110001861447163
65000	0.11000186144912
66000	0.110001861450743
67000	0.110001861452089
68000	0.110001861453204
69000	0.110001861454129
70000	0.110001861454896
71000	0.110001861455531
72000	0.110001861456058
73000	0.110001861456495
74000	0.110001861456857
75000	0.110001861457158
76000	0.110001861457407
77000	0.110001861457613
78000	0.110001861457784
79000	0.110001861457926
80000	0.110001861458043
81000	0.110001861458141
82000	0.110001861458221
83000	0.110001861458289
84000	0.110001861458344
85000	0.110001861458389
86000	0.11000186145843
87000	0.110001861458458
88000	0.110001861458485
89000	0.110001861458508
90000	0.110001861458522
91000	0.110001861458536
92000	0.11000186145855
93000	0.110001861458563
94000	0.110001861458577
95000	0.110001861458577
96000	0.110001861458577
97000	0.110001861458577
98000	0.110001861458577
99000	0.110001861458577
100000	0.110001861458577
101000	0.110001861458577
102000	0.110001861458577
103000	0.110001861458577
104000	0.110001861458577
105000	0.110001861458577
106000	0.110001861458577
107000	0.110001861458577
108000	0.110001861458577
109000	0.110001861458577
110000	0.110001861458577
111000	0.110001861458577
112000	0.110001861458577
113000	0.110001861458577
114000	0.110001861458577
115000	0.110001861458577
116000	0.110001861458577
117000	0.110001861458577
118000	0.110001861458577
119000	0.110001861458577
120000	0.110001861458577
121000	0.110001861458577
122000	0.110001861458577
123000	0.110001861458577
124000	0.110001861458577
125000	0.110001861458577
126000	0.110001861458577
127000	0.110001861458577
128000	0.110001861458577
129000	0.110001861458577
130000	0.110001861458577
131000	0.110001861458577
132000	0.110001861458577
133000	0.110001861458577
134000	0.110001861458577
135000	0.110001861458577
136000	0.110001861458577
137000	0.110001861458577
138000	0.110001861458577
139000	0.110001861458577
140000	0.110001861458577
141000	0.110001861458577
142000	0.110001861458577
143000	0.110001861458577
144000	0.110001861458577
145000	0.110001861458577
146000	0.110001861458577
147000	0.110001861458577
148000	0.110001861458577
149000	0.110001861458577
150000	0.110001861458577
151000	0.110001861458577
152000	0.110001861458577
153000	0.110001861458577
154000	0.110001861458577
155000	0.110001861458577
156000	0.110001861458577
157000	0.110001861458577
158000	0.110001861458577
159000	0.110001861458577
160000	0.110001861458577
161000	0.110001861458577
162000	0.110001861458577
163000	0.110001861458577
164000	0.110001861458577
165000	0.110001861458577
166000	0.110001861458577
167000	0.110001861458577
168000	0.110001861458577
169000	0.110001861458577
170000	0.110001861458577
171000	0.110001861458577
172000	0.110001861458577
173000	0.110001861458577
174000	0.110001861458577
175000	0.110001861458577
176000	0.110001861458577
177000	0.110001861458577
178000	0.110001861458577
179000	0.110001861458577
180000	0.110001861458577
181000	0.110001861458577
182000	0.110001861458577
183000	0.110001861458577
184000	0.110001861458577
185000	0.110001861458577
186000	0.110001861458577
187000	0.110001861458577
188000	0.110001861458577
189000	0.110001861458577
190000	0.110001861458577
191000	0.110001861458577
192000	0.110001861458577
193000	0.110001861458577
194000	0.110001861458577
195000	0.110001861458577
196000	0.110001861458577
197000	0.110001861458577
198000	0.110001861458577
199000	0.110001861458577
200000	0.110001861458577
201000	0.110001861458577
202000	0.110001861458577
203000	0.110001861458577
204000	0.110001861458577
205000	0.110001861458577
206000	0.110001861458577
207000	0.110001861458577
208000	0.110001861458577
209000	0.110001861458577
210000	0.110001861458577
211000	0.110001861458577
212000	0.110001861458577
213000	0.110001861458577
214000	0.110001861458577
215000	0.110001861458577
216000	0.110001861458577
217000	0.110001861458577
218000	0.110001861458577
219000	0.110001861458577
220000	0.110001861458577
221000	0.110001861458577
222000	0.110001861458577
223000	0.110001861458577
224000	0.110001861458577
225000	0.110001861458577
226000	0.110001861458577
227000	0.110001861458577
228000	0.110001861458577
229000	0.110001861458577
230000	0.110001861458577
231000	0.110001861458577
232000	0.110001861458577
233000	0.110001861458577
234000	0.110001861458577
235000	0.110001861458577
236000	0.110001861458577
237000	0.110001861458577
238000	0.110001861458577
239000	0.110001861458577
240000	0.110001861458577
241000	0.110001861458577
242000	0.110001861458577
243000	0.110001861458577
244000	0.110001861458577
245000	0.110001861458577
246000	0.110001861458577
247000	0.110001861458577
248000	0.110001861458577
249000	0.110001861458577
250000	0.110001861458577
251000	0.110001861458577
252000	0.110001861458577
253000	0.110001861458577
254000	0.110001861458577
255000	0.110001861458577
256000	0.110001861458577
257000	0.110001861458577
258000	0.110001861458577
259000	0.110001861458577
260000	0.110001861458577
261000	0.110001861458577
262000	0.110001861458577
263000	0.110001861458577
264000	0.110001861458577
265000	0.110001861458577
266000	0.110001861458577
267000	0.110001861458577
268000	0.110001861458577
269000	0.110001861458577
270000	0.110001861458577
271000	0.110001861458577
272000	0.110001861458577
273000	0.110001861458577
274000	0.110001861458577
275000	0.110001861458577
276000	0.110001861458577
277000	0.110001861458577
278000	0.110001861458577
279000	0.110001861458577
280000	0.110001861458577
281000	0.110001861458577
282000	0.110001861458577
283000	0.110001861458577
284000	0.110001861458577
285000	0.110001861458577
286000	0.110001861458577
287000	0.110001861458577
288000	0.110001861458577
289000	0.110001861458577
290000	0.110001861458577
291000	0.110001861458577
292000	0.110001861458577
293000	0.110001861458577
294000	0.110001861458577
295000	0.110001861458577
296000	0.110001861458577
297000	0.110001861458577
298000	0.110001861458577
299000	0.110001861458577
300000	0.110001861458577
301000	0.110001861458577
302000	0.110001861458577
303000	0.110001861458577
304000	0.110001861458577
305000	0.110001861458577
306000	0.110001861458577
307000	0.110001861458577
308000	0.110001861458577
309000	0.110001861458577
310000	0.110001861458577
311000	0.110001861458577
312000	0.110001861458577
313000	0.110001861458577
314000	0.110001861458577
315000	0.110001861458577
316000	0.110001861458577
317000	0.110001861458577
318000	0.110001861458577
319000	0.110001861458577
320000	0.110001861458577
321000	0.110001861458577
322000	0.110001861458577
323000	0.110001861458577
324000	0.110001861458577
325000	0.110001861458577
326000	0.110001861458577
327000	0.110001861458577
328000	0.110001861458577
329000	0.110001861458577
330000	0.110001861458577
331000	0.110001861458577
332000	0.110001861458577
333000	0.110001861458577
334000	0.110001861458577
335000	0.110001861458577
336000	0.110001861458577
337000	0.110001861458577
338000	0.110001861458577
339000	0.110001861458577
340000	0.110001861458577
341000	0.110001861458577
342000	0.110001861458577
343000	0.110001861458577
344000	0.110001861458577
345000	0.110001861458577
346000	0.110001861458577
347000	0.110001861458577
348000	0.110001861458577
349000	0.110001861458577
350000	0.110001861458577
351000	0.110001861458577
352000	0.110001861458577
353000	0.110001861458577
354000	0.110001861458577
355000	0.110001861458577
356000	0.110001861458577
357000	0.110001861458577
358000	0.110001861458577
359000	0.110001861458577
360000	0.110001861458577
361000	0.110001861458577
362000	0.110001861458577
363000	0.110001861458577
364000	0.110001861458577
365000	0.110001861458577
366000	0.110001861458577
367000	0.110001861458577
368000	0.110001861458577
369000	0.110001861458577
370000	0.110001861458577
371000	0.110001861458577
372000	0.110001861458577
373000	0.110001861458577
374000	0.110001861458577
375000	0.110001861458577
376000	0.110001861458577
377000	0.110001861458577
378000	0.110001861458577
379000	0.110001861458577
380000	0.110001861458577
381000	0.110001861458577
382000	0.110001861458577
383000	0.110001861458577
384000	0.110001861458577
385000	0.110001861458577
386000	0.110001861458577
387000	0.110001861458577
388000	0.110001861458577
389000	0.110001861458577
390000	0.110001861458577
391000	0.110001861458577
392000	0.110001861458577
393000	0.110001861458577
394000	0.110001861458577
395000	0.110001861458577
396000	0.110001861458577
397000	0.110001861458577
398000	0.110001861458577
399000	0.110001861458577
400000	0.110001861458577
401000	0.110001861458577
402000	0.110001861458577
403000	0.110001861458577
404000	0.110001861458577
405000	0.110001861458577
406000	0.110001861458577
407000	0.110001861458577
408000	0.110001861458577
409000	0.110001861458577
410000	0.110001861458577
411000	0.110001861458577
412000	0.110001861458577
413000	0.110001861458577
414000	0.110001861458577
415000	0.110001861458577
416000	0.110001861458577
417000	0.110001861458577
418000	0.110001861458577
419000	0.110001861458577
420000	0.110001861458577
421000	0.110001861458577
422000	0.110001861458577
423000	0.110001861458577
424000	0.110001861458577
425000	0.110001861458577
426000	0.110001861458577
427000	0.110001861458577
428000	0.110001861458577
429000	0.110001861458577
430000	0.110001861458577
431000	0.110001861458577
432000	0.110001861458577
433000	0.110001861458577
434000	0.110001861458577
435000	0.110001861458577
436000	0.110001861458577
437000	0.110001861458577
438000	0.110001861458577
439000	0.110001861458577
440000	0.110001861458577
441000	0.110001861458577
442000	0.110001861458577
443000	0.110001861458577
444000	0.110001861458577
445000	0.110001861458577
446000	0.110001861458577
447000	0.110001861458577
448000	0.110001861458577
449000	0.110001861458577
450000	0.110001861458577
451000	0.110001861458577
452000	0.110001861458577
453000	0.110001861458577
454000	0.110001861458577
455000	0.110001861458577
456000	0.110001861458577
457000	0.110001861458577
458000	0.110001861458577
459000	0.110001861458577
460000	0.110001861458577
461000	0.110001861458577
462000	0.110001861458577
463000	0.110001861458577
464000	0.110001861458577
465000	0.110001861458577
466000	0.110001861458577
467000	0.110001861458577
468000	0.110001861458577
469000	0.110001861458577
470000	0.110001861458577
471000	0.110001861458577
472000	0.110001861458577
473000	0.110001861458577
474000	0.110001861458577
475000	0.110001861458577
476000	0.110001861458577
477000	0.110001861458577
478000	0.110001861458577
479000	0.110001861458577
480000	0.110001861458577
481000	0.110001861458577
482000	0.110001861458577
483000	0.110001861458577
484000	0.110001861458577
485000	0.110001861458577
486000	0.110001861458577
487000	0.110001861458577
488000	0.110001861458577
489000	0.110001861458577
490000	0.110001861458577
491000	0.110001861458577
492000	0.110001861458577
493000	0.110001861458577
494000	0.110001861458577
495000	0.110001861458577
496000	0.110001861458577
497000	0.110001861458577
498000	0.110001861458577
499000	0.110001861458577
500000	0.110001861458577
501000	0.110001861458577
502000	0.110001861458577
503000	0.110001861458577
504000	0.110001861458577
505000	0.110001861458577
506000	0.110001861458577
507000	0.110001861458577
508000	0.110001861458577
509000	0.110001861458577
510000	0.110001861458577
511000	0.110001861458577
512000	0.110001861458577
513000	0.110001861458577
514000	0.110001861458577
515000	0.110001861458577
516000	0.110001861458577
517000	0.110001861458577
518000	0.110001861458577
519000	0.110001861458577
520000	0.110001861458577
521000	0.110001861458577
522000	0.110001861458577
523000	0.110001861458577
524000	0.110001861458577
525000	0.110001861458577
526000	0.110001861458577
527000	0.110001861458577
528000	0.110001861458577
529000	0.110001861458577
530000	0.110001861458577
531000	0.110001861458577
532000	0.110001861458577
533000	0.110001861458577
534000	0.110001861458577
535000	0.110001861458577
536000	0.110001861458577
537000	0.110001861458577
538000	0.110001861458577
539000	0.110001861458577
540000	0.110001861458577
541000	0.110001861458577
542000	0.110001861458577
543000	0.110001861458577
544000	0.110001861458577
545000	0.110001861458577
546000	0.110001861458577
547000	0.110001861458577
548000	0.110001861458577
549000	0.110001861458577
550000	0.110001861458577
551000	0.110001861458577
552000	0.110001861458577
553000	0.110001861458577
554000	0.110001861458577
555000	0.110001861458577
556000	0.110001861458577
557000	0.110001861458577
558000	0.110001861458577
559000	0.110001861458577
560000	0.110001861458577
561000	0.110001861458577
562000	0.110001861458577
563000	0.110001861458577
564000	0.110001861458577
565000	0.110001861458577
566000	0.110001861458577
567000	0.110001861458577
568000	0.110001861458577
569000	0.110001861458577
570000	0.110001861458577
571000	0.110001861458577
572000	0.110001861458577
573000	0.110001861458577
574000	0.110001861458577
575000	0.110001861458577
576000	0.110001861458577
577000	0.110001861458577
578000	0.110001861458577
579000	0.110001861458577
580000	0.110001861458577
581000	0.110001861458577
582000	0.110001861458577
583000	0.110001861458577
584000	0.110001861458577
585000	0.110001861458577
586000	0.110001861458577
587000	0.110001861458577
588000	0.110001861458577
589000	0.110001861458577
590000	0.110001861458577
591000	0.110001861458577
592000	0.110001861458577
593000	0.110001861458577
594000	0.110001861458577
595000	0.110001861458577
596000	0.110001861458577
597000	0.110001861458577
598000	0.110001861458577
599000	0.110001861458577
600000	0.110001861458577
601000	0.110001861458577
602000	0.110001861458577
603000	0.110001861458577
604000	0.110001861458577
605000	0.110001861458577
606000	0.110001861458577
607000	0.110001861458577
608000	0.110001861458577
609000	0.110001861458577
610000	0.110001861458577
611000	0.110001861458577
612000	0.110001861458577
613000	0.110001861458577
614000	0.110001861458577
615000	0.110001861458577
616000	0.110001861458577
617000	0.110001861458577
618000	0.110001861458577
619000	0.110001861458577
620000	0.110001861458577
621000	0.110001861458577
622000	0.110001861458577
623000	0.110001861458577
624000	0.110001861458577
625000	0.110001861458577
626000	0.110001861458577
627000	0.110001861458577
628000	0.110001861458577
629000	0.110001861458577
630000	0.110001861458577
631000	0.110001861458577
632000	0.110001861458577
633000	0.110001861458577
634000	0.110001861458577
635000	0.110001861458577
636000	0.110001861458577
637000	0.110001861458577
638000	0.110001861458577
639000	0.110001861458577
640000	0.110001861458577
641000	0.110001861458577
642000	0.110001861458577
643000	0.110001861458577
644000	0.110001861458577
645000	0.110001861458577
646000	0.110001861458577
647000	0.110001861458577
648000	0.110001861458577
649000	0.110001861458577
650000	0.110001861458577
651000	0.110001861458577
652000	0.110001861458577
653000	0.110001861458577
654000	0.110001861458577
655000	0.110001861458577
656000	0.110001861458577
657000	0.110001861458577
658000	0.110001861458577
659000	0.110001861458577
660000	0.110001861458577
661000	0.110001861458577
662000	0.110001861458577
663000	0.110001861458577
664000	0.110001861458577
665000	0.110001861458577
666000	0.110001861458577
667000	0.110001861458577
668000	0.110001861458577
669000	0.110001861458577
670000	0.110001861458577
671000	0.110001861458577
672000	0.110001861458577
673000	0.110001861458577
674000	0.110001861458577
675000	0.110001861458577
676000	0.110001861458577
677000	0.110001861458577
678000	0.110001861458577
679000	0.110001861458577
680000	0.110001861458577
681000	0.110001861458577
682000	0.110001861458577
683000	0.110001861458577
684000	0.110001861458577
685000	0.110001861458577
686000	0.110001861458577
687000	0.110001861458577
688000	0.110001861458577
689000	0.110001861458577
690000	0.110001861458577
691000	0.110001861458577
692000	0.110001861458577
693000	0.110001861458577
694000	0.110001861458577
695000	0.110001861458577
696000	0.110001861458577
697000	0.110001861458577
698000	0.110001861458577
699000	0.110001861458577
700000	0.110001861458577
701000	0.110001861458577
702000	0.110001861458577
703000	0.110001861458577
704000	0.110001861458577
705000	0.110001861458577
706000	0.110001861458577
707000	0.110001861458577
708000	0.110001861458577
709000	0.110001861458577
710000	0.110001861458577
711000	0.110001861458577
712000	0.110001861458577
713000	0.110001861458577
714000	0.110001861458577
715000	0.110001861458577
716000	0.110001861458577
717000	0.110001861458577
718000	0.110001861458577
719000	0.110001861458577
720000	0.110001861458577
721000	0.110001861458577
722000	0.110001861458577
723000	0.110001861458577
724000	0.110001861458577
725000	0.110001861458577
726000	0.110001861458577
727000	0.110001861458577
728000	0.110001861458577
729000	0.110001861458577
730000	0.110001861458577
731000	0.110001861458577
732000	0.110001861458577
733000	0.110001861458577
734000	0.110001861458577
735000	0.110001861458577
736000	0.110001861458577
737000	0.110001861458577
738000	0.110001861458577
739000	0.110001861458577
740000	0.110001861458577
741000	0.110001861458577
742000	0.110001861458577
743000	0.110001861458577
744000	0.110001861458577
745000	0.110001861458577
746000	0.110001861458577
747000	0.110001861458577
748000	0.110001861458577
749000	0.110001861458577
750000	0.110001861458577
751000	0.110001861458577
752000	0.110001861458577
753000	0.110001861458577
754000	0.110001861458577
755000	0.110001861458577
756000	0.110001861458577
757000	0.110001861458577
758000	0.110001861458577
759000	0.110001861458577
760000	0.110001861458577
761000	0.110001861458577
762000	0.110001861458577
763000	0.110001861458577
764000	0.110001861458577
765000	0.110001861458577
766000	0.110001861458577
767000	0.110001861458577
768000	0.110001861458577
769000	0.110001861458577
770000	0.110001861458577
771000	0.110001861458577
772000	0.110001861458577
773000	0.110001861458577
774000	0.110001861458577
775000	0.110001861458577
776000	0.110001861458577
777000	0.110001861458577
778000	0.110001861458577
779000	0.110001861458577
780000	0.110001861458577
781000	0.110001861458577
782000	0.110001861458577
783000	0.110001861458577
784000	0.110001861458577
785000	0.110001861458577
786000	0.110001861458577
787000	0.110001861458577
788000	0.110001861458577
789000	0.110001861458577
790000	0.110001861458577
791000	0.110001861458577
792000	0.110001861458577
793000	0.110001861458577
794000	0.110001861458577
795000	0.110001861458577
796000	0.110001861458577
797000	0.110001861458577
798000	0.110001861458577
799000	0.110001861458577
800000	0.110001861458577
801000	0.110001861458577
802000	0.110001861458577
803000	0.110001861458577
804000	0.110001861458577
805000	0.110001861458577
806000	0.110001861458577
807000	0.110001861458577
808000	0.110001861458577
809000	0.110001861458577
810000	0.110001861458577
811000	0.110001861458577
812000	0.110001861458577
813000	0.110001861458577
814000	0.110001861458577
815000	0.110001861458577
816000	0.110001861458577
817000	0.110001861458577
818000	0.110001861458577
819000	0.110001861458577
820000	0.110001861458577
821000	0.110001861458577
822000	0.110001861458577
823000	0.110001861458577
824000	0.110001861458577
825000	0.110001861458577
826000	0.110001861458577
827000	0.110001861458577
828000	0.110001861458577
829000	0.110001861458577
830000	0.110001861458577
831000	0.110001861458577
832000	0.110001861458577
833000	0.110001861458577
834000	0.110001861458577
835000	0.110001861458577
836000	0.110001861458577
837000	0.110001861458577
838000	0.110001861458577
839000	0.110001861458577
840000	0.110001861458577
841000	0.110001861458577
842000	0.110001861458577
843000	0.110001861458577
844000	0.110001861458577
845000	0.110001861458577
846000	0.110001861458577
847000	0.110001861458577
848000	0.110001861458577
849000	0.110001861458577
850000	0.110001861458577
851000	0.110001861458577
852000	0.110001861458577
853000	0.110001861458577
854000	0.110001861458577
855000	0.110001861458577
856000	0.110001861458577
857000	0.110001861458577
858000	0.110001861458577
859000	0.110001861458577
860000	0.110001861458577
861000	0.110001861458577
862000	0.110001861458577
863000	0.110001861458577
864000	0.110001861458577
865000	0.110001861458577
866000	0.110001861458577
867000	0.110001861458577
868000	0.110001861458577
869000	0.110001861458577
870000	0.110001861458577
871000	0.110001861458577
872000	0.110001861458577
873000	0.110001861458577
874000	0.110001861458577
875000	0.110001861458577
876000	0.110001861458577
877000	0.110001861458577
878000	0.110001861458577
879000	0.110001861458577
880000	0.110001861458577
881000	0.110001861458577
882000	0.110001861458577
883000	0.110001861458577
884000	0.110001861458577
885000	0.110001861458577
886000	0.110001861458577
887000	0.110001861458577
888000	0.110001861458577
889000	0.110001861458577
890000	0.110001861458577
891000	0.110001861458577
892000	0.110001861458577
893000	0.110001861458577
894000	0.110001861458577
895000	0.110001861458577
896000	0.110001861458577
897000	0.110001861458577
898000	0.110001861458577
899000	0.110001861458577
900000	0.110001861458577
901000	0.110001861458577
902000	0.110001861458577
903000	0.110001861458577
904000	0.110001861458577
905000	0.110001861458577
906000	0.110001861458577
907000	0.110001861458577
908000	0.110001861458577
909000	0.110001861458577
910000	0.110001861458577
911000	0.110001861458577
912000	0.110001861458577
913000	0.110001861458577
914000	0.110001861458577
915000	0.110001861458577
916000	0.110001861458577
917000	0.110001861458577
918000	0.110001861458577
919000	0.110001861458577
920000	0.110001861458577
921000	0.110001861458577
922000	0.110001861458577
923000	0.110001861458577
924000	0.110001861458577
925000	0.110001861458577
926000	0.110001861458577
927000	0.110001861458577
928000	0.110001861458577
929000	0.110001861458577
930000	0.110001861458577
931000	0.110001861458577
932000	0.110001861458577
933000	0.110001861458577
934000	0.110001861458577
935000	0.110001861458577
936000	0.110001861458577
937000	0.110001861458577
938000	0.110001861458577
939000	0.110001861458577
940000	0.110001861458577
941000	0.110001861458577
942000	0.110001861458577
943000	0.110001861458577
944000	0.110001861458577
945000	0.110001861458577
946000	0.110001861458577
947000	0.110001861458577
948000	0.110001861458577
949000	0.110001861458577
950000	0.110001861458577
951000	0.110001861458577
952000	0.110001861458577
953000	0.110001861458577
954000	0.110001861458577
955000	0.110001861458577
956000	0.110001861458577
957000	0.110001861458577
958000	0.110001861458577
959000	0.110001861458577
960000	0.110001861458577
961000	0.110001861458577
962000	0.110001861458577
963000	0.110001861458577
964000	0.110001861458577
965000	0.110001861458577
966000	0.110001861458577
967000	0.110001861458577
968000	0.110001861458577
969000	0.110001861458577
970000	0.110001861458577
971000	0.110001861458577
972000	0.110001861458577
973000	0.110001861458577
974000	0.110001861458577
975000	0.110001861458577
976000	0.110001861458577
977000	0.110001861458577
978000	0.110001861458577
979000	0.110001861458577
980000	0.110001861458577
981000	0.110001861458577
982000	0.110001861458577
983000	0.110001861458577
984000	0.110001861458577
985000	0.110001861458577
986000	0.110001861458577
987000	0.110001861458577
988000	0.110001861458577
989000	0.110001861458577
990000	0.110001861458577
991000	0.110001861458577
992000	0.110001861458577
993000	0.110001861458577
994000	0.110001861458577
995000	0.110001861458577
996000	0.110001861458577
997000	0.110001861458577
998000	0.110001861458577
999000	0.110001861458577
