0	0.01
1000	0.01
2000	0.01
3000	0.01
4000	0.01
5000	0.01
6000	0.01
7000	0.01
8000	0.01
9000	0.01
10000	0.01
11000	0.01
12000	0.01
13000	0.01
14000	0.01
15000	0.01
16000	0.01
17000	0.01
18000	0.01
19000	0.01
20000	0.01
21000	0.01
22000	0.01
23000	0.01
24000	0.01
25000	0.01
26000	0.01
27000	0.01
28000	0.01
29000	0.01
30000	0.01
31000	0.01
32000	0.01
33000	0.01
34000	0.01
35000	0.01
36000	0.01
37000	0.01
38000	0.01
39000	0.01
40000	0.01
41000	0.01
42000	0.01
43000	0.01
44000	0.01
45000	0.01
46000	0.01
47000	0.01
48000	0.01
49000	0.01
50000	0.01
51000	0.01
52000	0.01
53000	0.01
54000	0.01
55000	0.01
56000	0.01
57000	0.01
58000	0.01
59000	0.01
60000	0.01
61000	0.01
62000	0.01
63000	0.01
64000	0.01
65000	0.01
66000	0.01
67000	0.01
68000	0.01
69000	0.01
70000	0.01
71000	0.01
72000	0.01
73000	0.01
74000	0.01
75000	0.01
76000	0.01
77000	0.01
78000	0.01
79000	0.01
80000	0.01
81000	0.01
82000	0.01
83000	0.01
84000	0.01
85000	0.01
86000	0.01
87000	0.01
88000	0.01
89000	0.01
90000	0.01
91000	0.01
92000	0.01
93000	0.01
94000	0.01
95000	0.01
96000	0.01
97000	0.01
98000	0.01
99000	0.01
100000	0.01
101000	0.01
102000	0.01
103000	0.01
104000	0.01
105000	0.01
106000	0.01
107000	0.01
108000	0.01
109000	0.01
110000	0.01
111000	0.01
112000	0.01
113000	0.01
114000	0.01
115000	0.01
116000	0.01
117000	0.01
118000	0.01
119000	0.01
120000	0.01
121000	0.01
122000	0.01
123000	0.01
124000	0.01
125000	0.01
126000	0.01
127000	0.01
128000	0.01
129000	0.01
130000	0.01
131000	0.01
132000	0.01
133000	0.01
134000	0.01
135000	0.01
136000	0.01
137000	0.01
138000	0.01
139000	0.01
140000	0.01
141000	0.01
142000	0.01
143000	0.01
144000	0.01
145000	0.01
146000	0.01
147000	0.01
148000	0.01
149000	0.01
150000	0.01
151000	0.01
152000	0.01
153000	0.01
154000	0.01
155000	0.01
156000	0.01
157000	0.01
158000	0.01
159000	0.01
160000	0.01
161000	0.01
162000	0.01
163000	0.01
164000	0.01
165000	0.01
166000	0.01
167000	0.01
168000	0.01
169000	0.01
170000	0.01
171000	0.01
172000	0.01
173000	0.01
174000	0.01
175000	0.01
176000	0.01
177000	0.01
178000	0.01
179000	0.01
180000	0.01
181000	0.01
182000	0.01
183000	0.01
184000	0.01
185000	0.01
186000	0.01
187000	0.01
188000	0.01
189000	0.01
190000	0.01
191000	0.01
192000	0.01
193000	0.01
194000	0.01
195000	0.01
196000	0.01
197000	0.01
198000	0.01
199000	0.01
200000	0.01
201000	0.01
202000	0.01
203000	0.01
204000	0.01
205000	0.01
206000	0.01
207000	0.01
208000	0.01
209000	0.01
210000	0.01
211000	0.01
212000	0.01
213000	0.01
214000	0.01
215000	0.01
216000	0.01
217000	0.01
218000	0.01
219000	0.01
220000	0.01
221000	0.01
222000	0.01
223000	0.01
224000	0.01
225000	0.01
226000	0.01
227000	0.01
228000	0.01
229000	0.01
230000	0.01
231000	0.01
232000	0.01
233000	0.01
234000	0.01
235000	0.01
236000	0.01
237000	0.01
238000	0.01
239000	0.01
240000	0.01
241000	0.01
242000	0.01
243000	0.01
244000	0.01
245000	0.01
246000	0.01
247000	0.01
248000	0.01
249000	0.01
250000	0.01
251000	0.01
252000	0.01
253000	0.01
254000	0.01
255000	0.01
256000	0.01
257000	0.01
258000	0.01
259000	0.01
260000	0.01
261000	0.01
262000	0.01
263000	0.01
264000	0.01
265000	0.01
266000	0.01
267000	0.01
268000	0.01
269000	0.01
270000	0.01
271000	0.01
272000	0.01
273000	0.01
274000	0.01
275000	0.01
276000	0.01
277000	0.01
278000	0.01
279000	0.01
280000	0.01
281000	0.01
282000	0.01
283000	0.01
284000	0.01
285000	0.01
286000	0.01
287000	0.01
288000	0.01
289000	0.01
290000	0.01
291000	0.01
292000	0.01
293000	0.01
294000	0.01
295000	0.01
296000	0.01
297000	0.01
298000	0.01
299000	0.01
300000	0.01
301000	0.01
302000	0.01
303000	0.01
304000	0.01
305000	0.01
306000	0.01
307000	0.01
308000	0.01
309000	0.01
310000	0.01
311000	0.01
312000	0.01
313000	0.01
314000	0.01
315000	0.01
316000	0.01
317000	0.01
318000	0.01
319000	0.01
320000	0.01
321000	0.01
322000	0.01
323000	0.01
324000	0.01
325000	0.01
326000	0.01
327000	0.01
328000	0.01
329000	0.01
330000	0.01
331000	0.01
332000	0.01
333000	0.01
334000	0.01
335000	0.01
336000	0.01
337000	0.01
338000	0.01
339000	0.01
340000	0.01
341000	0.01
342000	0.01
343000	0.01
344000	0.01
345000	0.01
346000	0.01
347000	0.01
348000	0.01
349000	0.01
350000	0.01
351000	0.01
352000	0.01
353000	0.01
354000	0.01
355000	0.01
356000	0.01
357000	0.01
358000	0.01
359000	0.01
360000	0.01
361000	0.01
362000	0.01
363000	0.01
364000	0.01
365000	0.01
366000	0.01
367000	0.01
368000	0.01
369000	0.01
370000	0.01
371000	0.01
372000	0.01
373000	0.01
374000	0.01
375000	0.01
376000	0.01
377000	0.01
378000	0.01
379000	0.01
380000	0.01
381000	0.01
382000	0.01
383000	0.01
384000	0.01
385000	0.01
386000	0.01
387000	0.01
388000	0.01
389000	0.01
390000	0.01
391000	0.01
392000	0.01
393000	0.01
394000	0.01
395000	0.01
396000	0.01
397000	0.01
398000	0.01
399000	0.01
400000	0.01
401000	0.01
402000	0.01
403000	0.01
404000	0.01
405000	0.01
406000	0.01
407000	0.01
408000	0.01
409000	0.01
410000	0.01
411000	0.01
412000	0.01
413000	0.01
414000	0.01
415000	0.01
416000	0.01
417000	0.01
418000	0.01
419000	0.01
420000	0.01
421000	0.01
422000	0.01
423000	0.01
424000	0.01
425000	0.01
426000	0.01
427000	0.01
428000	0.01
429000	0.01
430000	0.01
431000	0.01
432000	0.01
433000	0.01
434000	0.01
435000	0.01
436000	0.01
437000	0.01
438000	0.01
439000	0.01
440000	0.01
441000	0.01
442000	0.01
443000	0.01
444000	0.01
445000	0.01
446000	0.01
447000	0.01
448000	0.01
449000	0.01
450000	0.01
451000	0.01
452000	0.01
453000	0.01
454000	0.01
455000	0.01
456000	0.01
457000	0.01
458000	0.01
459000	0.01
460000	0.01
461000	0.01
462000	0.01
463000	0.01
464000	0.01
465000	0.01
466000	0.01
467000	0.01
468000	0.01
469000	0.01
470000	0.01
471000	0.01
472000	0.01
473000	0.01
474000	0.01
475000	0.01
476000	0.01
477000	0.01
478000	0.01
479000	0.01
480000	0.01
481000	0.01
482000	0.01
483000	0.01
484000	0.01
485000	0.01
486000	0.01
487000	0.01
488000	0.01
489000	0.01
490000	0.01
491000	0.01
492000	0.01
493000	0.01
494000	0.01
495000	0.01
496000	0.01
497000	0.01
498000	0.01
499000	0.01
500000	0.01
501000	0.01
502000	0.01
503000	0.01
504000	0.01
505000	0.01
506000	0.01
507000	0.01
508000	0.01
509000	0.01
510000	0.01
511000	0.01
512000	0.01
513000	0.01
514000	0.01
515000	0.01
516000	0.01
517000	0.01
518000	0.01
519000	0.01
520000	0.01
521000	0.01
522000	0.01
523000	0.01
524000	0.01
525000	0.01
526000	0.01
527000	0.01
528000	0.01
529000	0.01
530000	0.01
531000	0.01
532000	0.01
533000	0.01
534000	0.01
535000	0.01
536000	0.01
537000	0.01
538000	0.01
539000	0.01
540000	0.01
541000	0.01
542000	0.01
543000	0.01
544000	0.01
545000	0.01
546000	0.01
547000	0.01
548000	0.01
549000	0.01
550000	0.01
551000	0.01
552000	0.01
553000	0.01
554000	0.01
555000	0.01
556000	0.01
557000	0.01
558000	0.01
559000	0.01
560000	0.01
561000	0.01
562000	0.01
563000	0.01
564000	0.01
565000	0.01
566000	0.01
567000	0.01
568000	0.01
569000	0.01
570000	0.01
571000	0.01
572000	0.01
573000	0.01
574000	0.01
575000	0.01
576000	0.01
577000	0.01
578000	0.01
579000	0.01
580000	0.01
581000	0.01
582000	0.01
583000	0.01
584000	0.01
585000	0.01
586000	0.01
587000	0.01
588000	0.01
589000	0.01
590000	0.01
591000	0.01
592000	0.01
593000	0.01
594000	0.01
595000	0.01
596000	0.01
597000	0.01
598000	0.01
599000	0.01
600000	0.01
601000	0.01
602000	0.01
603000	0.01
604000	0.01
605000	0.01
606000	0.01
607000	0.01
608000	0.01
609000	0.01
610000	0.01
611000	0.01
612000	0.01
613000	0.01
614000	0.01
615000	0.01
616000	0.01
617000	0.01
618000	0.01
619000	0.01
620000	0.01
621000	0.01
622000	0.01
623000	0.01
624000	0.01
625000	0.01
626000	0.01
627000	0.01
628000	0.01
629000	0.01
630000	0.01
631000	0.01
632000	0.01
633000	0.01
634000	0.01
635000	0.01
636000	0.01
637000	0.01
638000	0.01
639000	0.01
640000	0.01
641000	0.01
642000	0.01
643000	0.01
644000	0.01
645000	0.01
646000	0.01
647000	0.01
648000	0.01
649000	0.01
650000	0.01
651000	0.01
652000	0.01
653000	0.01
654000	0.01
655000	0.01
656000	0.01
657000	0.01
658000	0.01
659000	0.01
660000	0.01
661000	0.01
662000	0.01
663000	0.01
664000	0.01
665000	0.01
666000	0.01
667000	0.01
668000	0.01
669000	0.01
670000	0.01
671000	0.01
672000	0.01
673000	0.01
674000	0.01
675000	0.01
676000	0.01
677000	0.01
678000	0.01
679000	0.01
680000	0.01
681000	0.01
682000	0.01
683000	0.01
684000	0.01
685000	0.01
686000	0.01
687000	0.01
688000	0.01
689000	0.01
690000	0.01
691000	0.01
692000	0.01
693000	0.01
694000	0.01
695000	0.01
696000	0.01
697000	0.01
698000	0.01
699000	0.01
700000	0.01
701000	0.01
702000	0.01
703000	0.01
704000	0.01
705000	0.01
706000	0.01
707000	0.01
708000	0.01
709000	0.01
710000	0.01
711000	0.01
712000	0.01
713000	0.01
714000	0.01
715000	0.01
716000	0.01
717000	0.01
718000	0.01
719000	0.01
720000	0.01
721000	0.01
722000	0.01
723000	0.01
724000	0.01
725000	0.01
726000	0.01
727000	0.01
728000	0.01
729000	0.01
730000	0.01
731000	0.01
732000	0.01
733000	0.01
734000	0.01
735000	0.01
736000	0.01
737000	0.01
738000	0.01
739000	0.01
740000	0.01
741000	0.01
742000	0.01
743000	0.01
744000	0.01
745000	0.01
746000	0.01
747000	0.01
748000	0.01
749000	0.01
750000	0.01
751000	0.01
752000	0.01
753000	0.01
754000	0.01
755000	0.01
756000	0.01
757000	0.01
758000	0.01
759000	0.01
760000	0.01
761000	0.01
762000	0.01
763000	0.01
764000	0.01
765000	0.01
766000	0.01
767000	0.01
768000	0.01
769000	0.01
770000	0.01
771000	0.01
772000	0.01
773000	0.01
774000	0.01
775000	0.01
776000	0.01
777000	0.01
778000	0.01
779000	0.01
780000	0.01
781000	0.01
782000	0.01
783000	0.01
784000	0.01
785000	0.01
786000	0.01
787000	0.01
788000	0.01
789000	0.01
790000	0.01
791000	0.01
792000	0.01
793000	0.01
794000	0.01
795000	0.01
796000	0.01
797000	0.01
798000	0.01
799000	0.01
800000	0.01
801000	0.01
802000	0.01
803000	0.01
804000	0.01
805000	0.01
806000	0.01
807000	0.01
808000	0.01
809000	0.01
810000	0.01
811000	0.01
812000	0.01
813000	0.01
814000	0.01
815000	0.01
816000	0.01
817000	0.01
818000	0.01
819000	0.01
820000	0.01
821000	0.01
822000	0.01
823000	0.01
824000	0.01
825000	0.01
826000	0.01
827000	0.01
828000	0.01
829000	0.01
830000	0.01
831000	0.01
832000	0.01
833000	0.01
834000	0.01
835000	0.01
836000	0.01
837000	0.01
838000	0.01
839000	0.01
840000	0.01
841000	0.01
842000	0.01
843000	0.01
844000	0.01
845000	0.01
846000	0.01
847000	0.01
848000	0.01
849000	0.01
850000	0.01
851000	0.01
852000	0.01
853000	0.01
854000	0.01
855000	0.01
856000	0.01
857000	0.01
858000	0.01
859000	0.01
860000	0.01
861000	0.01
862000	0.01
863000	0.01
864000	0.01
865000	0.01
866000	0.01
867000	0.01
868000	0.01
869000	0.01
870000	0.01
871000	0.01
872000	0.01
873000	0.01
874000	0.01
875000	0.01
876000	0.01
877000	0.01
878000	0.01
879000	0.01
880000	0.01
881000	0.01
882000	0.01
883000	0.01
884000	0.01
885000	0.01
886000	0.01
887000	0.01
888000	0.01
889000	0.01
890000	0.01
891000	0.01
892000	0.01
893000	0.01
894000	0.01
895000	0.01
896000	0.01
897000	0.01
898000	0.01
899000	0.01
900000	0.01
901000	0.01
902000	0.01
903000	0.01
904000	0.01
905000	0.01
906000	0.01
907000	0.01
908000	0.01
909000	0.01
910000	0.01
911000	0.01
912000	0.01
913000	0.01
914000	0.01
915000	0.01
916000	0.01
917000	0.01
918000	0.01
919000	0.01
920000	0.01
921000	0.01
922000	0.01
923000	0.01
924000	0.01
925000	0.01
926000	0.01
927000	0.01
928000	0.01
929000	0.01
930000	0.01
931000	0.01
932000	0.01
933000	0.01
934000	0.01
935000	0.01
936000	0.01
937000	0.01
938000	0.01
939000	0.01
940000	0.01
941000	0.01
942000	0.01
943000	0.01
944000	0.01
945000	0.01
946000	0.01
947000	0.01
948000	0.01
949000	0.01
950000	0.01
951000	0.01
952000	0.01
953000	0.01
954000	0.01
955000	0.01
956000	0.01
957000	0.01
958000	0.01
959000	0.01
960000	0.01
961000	0.01
962000	0.01
963000	0.01
964000	0.01
965000	0.01
966000	0.01
967000	0.01
968000	0.01
969000	0.01
970000	0.01
971000	0.01
972000	0.01
973000	0.01
974000	0.01
975000	0.01
976000	0.01
977000	0.01
978000	0.01
979000	0.01
980000	0.01
981000	0.01
982000	0.01
983000	0.01
984000	0.01
985000	0.01
986000	0.01
987000	0.01
988000	0.01
989000	0.01
990000	0.01
991000	0.01
992000	0.01
993000	0.01
994000	0.01
995000	0.01
996000	0.01
997000	0.01
998000	0.01
999000	0.01
