0	0.100000000105554
1000	0.10000009634548
2000	0.100000176130857
3000	0.10000024227499
4000	0.10000029711018
5000	0.100000342569965
6000	0.100000380257299
7000	0.100000411501069
8000	0.100000437402959
9000	0.100000458876294
10000	0.100000476678241
11000	0.100000491436514
12000	0.100000503671503
13000	0.100000513814624
14000	0.100000522223532
15000	0.100000529194734
16000	0.10000053497404
17000	0.100000539765233
18000	0.100000543737256
19000	0.100000547030165
20000	0.100000549760071
21000	0.100000552023234
22000	0.100000553899454
23000	0.100000555454889
24000	0.100000556744385
25000	0.10000055781341
26000	0.100000558699659
27000	0.100000559434383
28000	0.100000560043488
29000	0.100000560548451
30000	0.100000560967079
31000	0.100000561314133
32000	0.100000561601849
33000	0.100000561840373
34000	0.100000562038116
35000	0.100000562202049
36000	0.100000562337955
37000	0.100000562450624
38000	0.100000562544029
39000	0.100000562621464
40000	0.10000056268566
41000	0.10000056273888
42000	0.100000562783001
43000	0.100000562819579
44000	0.100000562849902
45000	0.100000562875041
46000	0.100000562895882
47000	0.10000056291316
48000	0.100000562927483
49000	0.100000562939358
50000	0.100000562949203
51000	0.100000562957364
52000	0.10000056296413
53000	0.100000562969739
54000	0.100000562974389
55000	0.100000562978244
56000	0.10000056298144
57000	0.100000562984089
58000	0.100000562986286
59000	0.100000562988107
60000	0.100000562989616
61000	0.100000562990868
62000	0.100000562991905
63000	0.100000562992766
64000	0.100000562993479
65000	0.10000056299407
66000	0.10000056299456
67000	0.100000562994966
68000	0.100000562995303
69000	0.100000562995582
70000	0.100000562995814
71000	0.100000562996006
72000	0.100000562996165
73000	0.100000562996297
74000	0.100000562996405
75000	0.100000562996496
76000	0.100000562996571
77000	0.100000562996633
78000	0.100000562996686
79000	0.100000562996727
80000	0.100000562996763
81000	0.100000562996791
82000	0.100000562996818
83000	0.100000562996836
84000	0.10000056299685
85000	0.100000562996864
86000	0.100000562996877
87000	0.100000562996891
88000	0.100000562996899
89000	0.100000562996899
90000	0.100000562996899
91000	0.100000562996899
92000	0.100000562996899
93000	0.100000562996899
94000	0.100000562996899
95000	0.100000562996899
96000	0.100000562996899
97000	0.100000562996899
98000	0.100000562996899
99000	0.100000562996899
100000	0.100000562996899
101000	0.100000562996899
102000	0.100000562996899
103000	0.100000562996899
104000	0.100000562996899
105000	0.100000562996899
106000	0.100000562996899
107000	0.100000562996899
108000	0.100000562996899
109000	0.100000562996899
110000	0.100000562996899
111000	0.100000562996899
112000	0.100000562996899
113000	0.100000562996899
114000	0.100000562996899
115000	0.100000562996899
116000	0.100000562996899
117000	0.100000562996899
118000	0.100000562996899
119000	0.100000562996899
120000	0.100000562996899
121000	0.100000562996899
122000	0.100000562996899
123000	0.100000562996899
124000	0.100000562996899
125000	0.100000562996899
126000	0.100000562996899
127000	0.100000562996899
128000	0.100000562996899
129000	0.100000562996899
130000	0.100000562996899
131000	0.100000562996899
132000	0.100000562996899
133000	0.100000562996899
134000	0.100000562996899
135000	0.100000562996899
136000	0.100000562996899
137000	0.100000562996899
138000	0.100000562996899
139000	0.100000562996899
140000	0.100000562996899
141000	0.100000562996899
142000	0.100000562996899
143000	0.100000562996899
144000	0.100000562996899
145000	0.100000562996899
146000	0.100000562996899
147000	0.100000562996899
148000	0.100000562996899
149000	0.100000562996899
150000	0.100000562996899
151000	0.100000562996899
152000	0.100000562996899
153000	0.100000562996899
154000	0.100000562996899
155000	0.100000562996899
156000	0.100000562996899
157000	0.100000562996899
158000	0.100000562996899
159000	0.100000562996899
160000	0.100000562996899
161000	0.100000562996899
162000	0.100000562996899
163000	0.100000562996899
164000	0.100000562996899
165000	0.100000562996899
166000	0.100000562996899
167000	0.100000562996899
168000	0.100000562996899
169000	0.100000562996899
170000	0.100000562996899
171000	0.100000562996899
172000	0.100000562996899
173000	0.100000562996899
174000	0.100000562996899
175000	0.100000562996899
176000	0.100000562996899
177000	0.100000562996899
178000	0.100000562996899
179000	0.100000562996899
180000	0.100000562996899
181000	0.100000562996899
182000	0.100000562996899
183000	0.100000562996899
184000	0.100000562996899
185000	0.100000562996899
186000	0.100000562996899
187000	0.100000562996899
188000	0.100000562996899
189000	0.100000562996899
190000	0.100000562996899
191000	0.100000562996899
192000	0.100000562996899
193000	0.100000562996899
194000	0.100000562996899
195000	0.100000562996899
196000	0.100000562996899
197000	0.100000562996899
198000	0.100000562996899
199000	0.100000562996899
200000	0.100000562996899
201000	0.100000562996899
202000	0.100000562996899
203000	0.100000562996899
204000	0.100000562996899
205000	0.100000562996899
206000	0.100000562996899
207000	0.100000562996899
208000	0.100000562996899
209000	0.100000562996899
210000	0.100000562996899
211000	0.100000562996899
212000	0.100000562996899
213000	0.100000562996899
214000	0.100000562996899
215000	0.100000562996899
216000	0.100000562996899
217000	0.100000562996899
218000	0.100000562996899
219000	0.100000562996899
220000	0.100000562996899
221000	0.100000562996899
222000	0.100000562996899
223000	0.100000562996899
224000	0.100000562996899
225000	0.100000562996899
226000	0.100000562996899
227000	0.100000562996899
228000	0.100000562996899
229000	0.100000562996899
230000	0.100000562996899
231000	0.100000562996899
232000	0.100000562996899
233000	0.100000562996899
234000	0.100000562996899
235000	0.100000562996899
236000	0.100000562996899
237000	0.100000562996899
238000	0.100000562996899
239000	0.100000562996899
240000	0.100000562996899
241000	0.100000562996899
242000	0.100000562996899
243000	0.100000562996899
244000	0.100000562996899
245000	0.100000562996899
246000	0.100000562996899
247000	0.100000562996899
248000	0.100000562996899
249000	0.100000562996899
250000	0.100000562996899
251000	0.100000562996899
252000	0.100000562996899
253000	0.100000562996899
254000	0.100000562996899
255000	0.100000562996899
256000	0.100000562996899
257000	0.100000562996899
258000	0.100000562996899
259000	0.100000562996899
260000	0.100000562996899
261000	0.100000562996899
262000	0.100000562996899
263000	0.100000562996899
264000	0.100000562996899
265000	0.100000562996899
266000	0.100000562996899
267000	0.100000562996899
268000	0.100000562996899
269000	0.100000562996899
270000	0.100000562996899
271000	0.100000562996899
272000	0.100000562996899
273000	0.100000562996899
274000	0.100000562996899
275000	0.100000562996899
276000	0.100000562996899
277000	0.100000562996899
278000	0.100000562996899
279000	0.100000562996899
280000	0.100000562996899
281000	0.100000562996899
282000	0.100000562996899
283000	0.100000562996899
284000	0.100000562996899
285000	0.100000562996899
286000	0.100000562996899
287000	0.100000562996899
288000	0.100000562996899
289000	0.100000562996899
290000	0.100000562996899
291000	0.100000562996899
292000	0.100000562996899
293000	0.100000562996899
294000	0.100000562996899
295000	0.100000562996899
296000	0.100000562996899
297000	0.100000562996899
298000	0.100000562996899
299000	0.100000562996899
300000	0.100000562996899
301000	0.100000562996899
302000	0.100000562996899
303000	0.100000562996899
304000	0.100000562996899
305000	0.100000562996899
306000	0.100000562996899
307000	0.100000562996899
308000	0.100000562996899
309000	0.100000562996899
310000	0.100000562996899
311000	0.100000562996899
312000	0.100000562996899
313000	0.100000562996899
314000	0.100000562996899
315000	0.100000562996899
316000	0.100000562996899
317000	0.100000562996899
318000	0.100000562996899
319000	0.100000562996899
320000	0.100000562996899
321000	0.100000562996899
322000	0.100000562996899
323000	0.100000562996899
324000	0.100000562996899
325000	0.100000562996899
326000	0.100000562996899
327000	0.100000562996899
328000	0.100000562996899
329000	0.100000562996899
330000	0.100000562996899
331000	0.100000562996899
332000	0.100000562996899
333000	0.100000562996899
334000	0.100000562996899
335000	0.100000562996899
336000	0.100000562996899
337000	0.100000562996899
338000	0.100000562996899
339000	0.100000562996899
340000	0.100000562996899
341000	0.100000562996899
342000	0.100000562996899
343000	0.100000562996899
344000	0.100000562996899
345000	0.100000562996899
346000	0.100000562996899
347000	0.100000562996899
348000	0.100000562996899
349000	0.100000562996899
350000	0.100000562996899
351000	0.100000562996899
352000	0.100000562996899
353000	0.100000562996899
354000	0.100000562996899
355000	0.100000562996899
356000	0.100000562996899
357000	0.100000562996899
358000	0.100000562996899
359000	0.100000562996899
360000	0.100000562996899
361000	0.100000562996899
362000	0.100000562996899
363000	0.100000562996899
364000	0.100000562996899
365000	0.100000562996899
366000	0.100000562996899
367000	0.100000562996899
368000	0.100000562996899
369000	0.100000562996899
370000	0.100000562996899
371000	0.100000562996899
372000	0.100000562996899
373000	0.100000562996899
374000	0.100000562996899
375000	0.100000562996899
376000	0.100000562996899
377000	0.100000562996899
378000	0.100000562996899
379000	0.100000562996899
380000	0.100000562996899
381000	0.100000562996899
382000	0.100000562996899
383000	0.100000562996899
384000	0.100000562996899
385000	0.100000562996899
386000	0.100000562996899
387000	0.100000562996899
388000	0.100000562996899
389000	0.100000562996899
390000	0.100000562996899
391000	0.100000562996899
392000	0.100000562996899
393000	0.100000562996899
394000	0.100000562996899
395000	0.100000562996899
396000	0.100000562996899
397000	0.100000562996899
398000	0.100000562996899
399000	0.100000562996899
400000	0.100000562996899
401000	0.100000562996899
402000	0.100000562996899
403000	0.100000562996899
404000	0.100000562996899
405000	0.100000562996899
406000	0.100000562996899
407000	0.100000562996899
408000	0.100000562996899
409000	0.100000562996899
410000	0.100000562996899
411000	0.100000562996899
412000	0.100000562996899
413000	0.100000562996899
414000	0.100000562996899
415000	0.100000562996899
416000	0.100000562996899
417000	0.100000562996899
418000	0.100000562996899
419000	0.100000562996899
420000	0.100000562996899
421000	0.100000562996899
422000	0.100000562996899
423000	0.100000562996899
424000	0.100000562996899
425000	0.100000562996899
426000	0.100000562996899
427000	0.100000562996899
428000	0.100000562996899
429000	0.100000562996899
430000	0.100000562996899
431000	0.100000562996899
432000	0.100000562996899
433000	0.100000562996899
434000	0.100000562996899
435000	0.100000562996899
436000	0.100000562996899
437000	0.100000562996899
438000	0.100000562996899
439000	0.100000562996899
440000	0.100000562996899
441000	0.100000562996899
442000	0.100000562996899
443000	0.100000562996899
444000	0.100000562996899
445000	0.100000562996899
446000	0.100000562996899
447000	0.100000562996899
448000	0.100000562996899
449000	0.100000562996899
450000	0.100000562996899
451000	0.100000562996899
452000	0.100000562996899
453000	0.100000562996899
454000	0.100000562996899
455000	0.100000562996899
456000	0.100000562996899
457000	0.100000562996899
458000	0.100000562996899
459000	0.100000562996899
460000	0.100000562996899
461000	0.100000562996899
462000	0.100000562996899
463000	0.100000562996899
464000	0.100000562996899
465000	0.100000562996899
466000	0.100000562996899
467000	0.100000562996899
468000	0.100000562996899
469000	0.100000562996899
470000	0.100000562996899
471000	0.100000562996899
472000	0.100000562996899
473000	0.100000562996899
474000	0.100000562996899
475000	0.100000562996899
476000	0.100000562996899
477000	0.100000562996899
478000	0.100000562996899
479000	0.100000562996899
480000	0.100000562996899
481000	0.100000562996899
482000	0.100000562996899
483000	0.100000562996899
484000	0.100000562996899
485000	0.100000562996899
486000	0.100000562996899
487000	0.100000562996899
488000	0.100000562996899
489000	0.100000562996899
490000	0.100000562996899
491000	0.100000562996899
492000	0.100000562996899
493000	0.100000562996899
494000	0.100000562996899
495000	0.100000562996899
496000	0.100000562996899
497000	0.100000562996899
498000	0.100000562996899
499000	0.100000562996899
500000	0.100000562996899
501000	0.100000562996899
502000	0.100000562996899
503000	0.100000562996899
504000	0.100000562996899
505000	0.100000562996899
506000	0.100000562996899
507000	0.100000562996899
508000	0.100000562996899
509000	0.100000562996899
510000	0.100000562996899
511000	0.100000562996899
512000	0.100000562996899
513000	0.100000562996899
514000	0.100000562996899
515000	0.100000562996899
516000	0.100000562996899
517000	0.100000562996899
518000	0.100000562996899
519000	0.100000562996899
520000	0.100000562996899
521000	0.100000562996899
522000	0.100000562996899
523000	0.100000562996899
524000	0.100000562996899
525000	0.100000562996899
526000	0.100000562996899
527000	0.100000562996899
528000	0.100000562996899
529000	0.100000562996899
530000	0.100000562996899
531000	0.100000562996899
532000	0.100000562996899
533000	0.100000562996899
534000	0.100000562996899
535000	0.100000562996899
536000	0.100000562996899
537000	0.100000562996899
538000	0.100000562996899
539000	0.100000562996899
540000	0.100000562996899
541000	0.100000562996899
542000	0.100000562996899
543000	0.100000562996899
544000	0.100000562996899
545000	0.100000562996899
546000	0.100000562996899
547000	0.100000562996899
548000	0.100000562996899
549000	0.100000562996899
550000	0.100000562996899
551000	0.100000562996899
552000	0.100000562996899
553000	0.100000562996899
554000	0.100000562996899
555000	0.100000562996899
556000	0.100000562996899
557000	0.100000562996899
558000	0.100000562996899
559000	0.100000562996899
560000	0.100000562996899
561000	0.100000562996899
562000	0.100000562996899
563000	0.100000562996899
564000	0.100000562996899
565000	0.100000562996899
566000	0.100000562996899
567000	0.100000562996899
568000	0.100000562996899
569000	0.100000562996899
570000	0.100000562996899
571000	0.100000562996899
572000	0.100000562996899
573000	0.100000562996899
574000	0.100000562996899
575000	0.100000562996899
576000	0.100000562996899
577000	0.100000562996899
578000	0.100000562996899
579000	0.100000562996899
580000	0.100000562996899
581000	0.100000562996899
582000	0.100000562996899
583000	0.100000562996899
584000	0.100000562996899
585000	0.100000562996899
586000	0.100000562996899
587000	0.100000562996899
588000	0.100000562996899
589000	0.100000562996899
590000	0.100000562996899
591000	0.100000562996899
592000	0.100000562996899
593000	0.100000562996899
594000	0.100000562996899
595000	0.100000562996899
596000	0.100000562996899
597000	0.100000562996899
598000	0.100000562996899
599000	0.100000562996899
600000	0.100000562996899
601000	0.100000562996899
602000	0.100000562996899
603000	0.100000562996899
604000	0.100000562996899
605000	0.100000562996899
606000	0.100000562996899
607000	0.100000562996899
608000	0.100000562996899
609000	0.100000562996899
610000	0.100000562996899
611000	0.100000562996899
612000	0.100000562996899
613000	0.100000562996899
614000	0.100000562996899
615000	0.100000562996899
616000	0.100000562996899
617000	0.100000562996899
618000	0.100000562996899
619000	0.100000562996899
620000	0.100000562996899
621000	0.100000562996899
622000	0.100000562996899
623000	0.100000562996899
624000	0.100000562996899
625000	0.100000562996899
626000	0.100000562996899
627000	0.100000562996899
628000	0.100000562996899
629000	0.100000562996899
630000	0.100000562996899
631000	0.100000562996899
632000	0.100000562996899
633000	0.100000562996899
634000	0.100000562996899
635000	0.100000562996899
636000	0.100000562996899
637000	0.100000562996899
638000	0.100000562996899
639000	0.100000562996899
640000	0.100000562996899
641000	0.100000562996899
642000	0.100000562996899
643000	0.100000562996899
644000	0.100000562996899
645000	0.100000562996899
646000	0.100000562996899
647000	0.100000562996899
648000	0.100000562996899
649000	0.100000562996899
650000	0.100000562996899
651000	0.100000562996899
652000	0.100000562996899
653000	0.100000562996899
654000	0.100000562996899
655000	0.100000562996899
656000	0.100000562996899
657000	0.100000562996899
658000	0.100000562996899
659000	0.100000562996899
660000	0.100000562996899
661000	0.100000562996899
662000	0.100000562996899
663000	0.100000562996899
664000	0.100000562996899
665000	0.100000562996899
666000	0.100000562996899
667000	0.100000562996899
668000	0.100000562996899
669000	0.100000562996899
670000	0.100000562996899
671000	0.100000562996899
672000	0.100000562996899
673000	0.100000562996899
674000	0.100000562996899
675000	0.100000562996899
676000	0.100000562996899
677000	0.100000562996899
678000	0.100000562996899
679000	0.100000562996899
680000	0.100000562996899
681000	0.100000562996899
682000	0.100000562996899
683000	0.100000562996899
684000	0.100000562996899
685000	0.100000562996899
686000	0.100000562996899
687000	0.100000562996899
688000	0.100000562996899
689000	0.100000562996899
690000	0.100000562996899
691000	0.100000562996899
692000	0.100000562996899
693000	0.100000562996899
694000	0.100000562996899
695000	0.100000562996899
696000	0.100000562996899
697000	0.100000562996899
698000	0.100000562996899
699000	0.100000562996899
700000	0.100000562996899
701000	0.100000562996899
702000	0.100000562996899
703000	0.100000562996899
704000	0.100000562996899
705000	0.100000562996899
706000	0.100000562996899
707000	0.100000562996899
708000	0.100000562996899
709000	0.100000562996899
710000	0.100000562996899
711000	0.100000562996899
712000	0.100000562996899
713000	0.100000562996899
714000	0.100000562996899
715000	0.100000562996899
716000	0.100000562996899
717000	0.100000562996899
718000	0.100000562996899
719000	0.100000562996899
720000	0.100000562996899
721000	0.100000562996899
722000	0.100000562996899
723000	0.100000562996899
724000	0.100000562996899
725000	0.100000562996899
726000	0.100000562996899
727000	0.100000562996899
728000	0.100000562996899
729000	0.100000562996899
730000	0.100000562996899
731000	0.100000562996899
732000	0.100000562996899
733000	0.100000562996899
734000	0.100000562996899
735000	0.100000562996899
736000	0.100000562996899
737000	0.100000562996899
738000	0.100000562996899
739000	0.100000562996899
740000	0.100000562996899
741000	0.100000562996899
742000	0.100000562996899
743000	0.100000562996899
744000	0.100000562996899
745000	0.100000562996899
746000	0.100000562996899
747000	0.100000562996899
748000	0.100000562996899
749000	0.100000562996899
750000	0.100000562996899
751000	0.100000562996899
752000	0.100000562996899
753000	0.100000562996899
754000	0.100000562996899
755000	0.100000562996899
756000	0.100000562996899
757000	0.100000562996899
758000	0.100000562996899
759000	0.100000562996899
760000	0.100000562996899
761000	0.100000562996899
762000	0.100000562996899
763000	0.100000562996899
764000	0.100000562996899
765000	0.100000562996899
766000	0.100000562996899
767000	0.100000562996899
768000	0.100000562996899
769000	0.100000562996899
770000	0.100000562996899
771000	0.100000562996899
772000	0.100000562996899
773000	0.100000562996899
774000	0.100000562996899
775000	0.100000562996899
776000	0.100000562996899
777000	0.100000562996899
778000	0.100000562996899
779000	0.100000562996899
780000	0.100000562996899
781000	0.100000562996899
782000	0.100000562996899
783000	0.100000562996899
784000	0.100000562996899
785000	0.100000562996899
786000	0.100000562996899
787000	0.100000562996899
788000	0.100000562996899
789000	0.100000562996899
790000	0.100000562996899
791000	0.100000562996899
792000	0.100000562996899
793000	0.100000562996899
794000	0.100000562996899
795000	0.100000562996899
796000	0.100000562996899
797000	0.100000562996899
798000	0.100000562996899
799000	0.100000562996899
800000	0.100000562996899
801000	0.100000562996899
802000	0.100000562996899
803000	0.100000562996899
804000	0.100000562996899
805000	0.100000562996899
806000	0.100000562996899
807000	0.100000562996899
808000	0.100000562996899
809000	0.100000562996899
810000	0.100000562996899
811000	0.100000562996899
812000	0.100000562996899
813000	0.100000562996899
814000	0.100000562996899
815000	0.100000562996899
816000	0.100000562996899
817000	0.100000562996899
818000	0.100000562996899
819000	0.100000562996899
820000	0.100000562996899
821000	0.100000562996899
822000	0.100000562996899
823000	0.100000562996899
824000	0.100000562996899
825000	0.100000562996899
826000	0.100000562996899
827000	0.100000562996899
828000	0.100000562996899
829000	0.100000562996899
830000	0.100000562996899
831000	0.100000562996899
832000	0.100000562996899
833000	0.100000562996899
834000	0.100000562996899
835000	0.100000562996899
836000	0.100000562996899
837000	0.100000562996899
838000	0.100000562996899
839000	0.100000562996899
840000	0.100000562996899
841000	0.100000562996899
842000	0.100000562996899
843000	0.100000562996899
844000	0.100000562996899
845000	0.100000562996899
846000	0.100000562996899
847000	0.100000562996899
848000	0.100000562996899
849000	0.100000562996899
850000	0.100000562996899
851000	0.100000562996899
852000	0.100000562996899
853000	0.100000562996899
854000	0.100000562996899
855000	0.100000562996899
856000	0.100000562996899
857000	0.100000562996899
858000	0.100000562996899
859000	0.100000562996899
860000	0.100000562996899
861000	0.100000562996899
862000	0.100000562996899
863000	0.100000562996899
864000	0.100000562996899
865000	0.100000562996899
866000	0.100000562996899
867000	0.100000562996899
868000	0.100000562996899
869000	0.100000562996899
870000	0.100000562996899
871000	0.100000562996899
872000	0.100000562996899
873000	0.100000562996899
874000	0.100000562996899
875000	0.100000562996899
876000	0.100000562996899
877000	0.100000562996899
878000	0.100000562996899
879000	0.100000562996899
880000	0.100000562996899
881000	0.100000562996899
882000	0.100000562996899
883000	0.100000562996899
884000	0.100000562996899
885000	0.100000562996899
886000	0.100000562996899
887000	0.100000562996899
888000	0.100000562996899
889000	0.100000562996899
890000	0.100000562996899
891000	0.100000562996899
892000	0.100000562996899
893000	0.100000562996899
894000	0.100000562996899
895000	0.100000562996899
896000	0.100000562996899
897000	0.100000562996899
898000	0.100000562996899
899000	0.100000562996899
900000	0.100000562996899
901000	0.100000562996899
902000	0.100000562996899
903000	0.100000562996899
904000	0.100000562996899
905000	0.100000562996899
906000	0.100000562996899
907000	0.100000562996899
908000	0.100000562996899
909000	0.100000562996899
910000	0.100000562996899
911000	0.100000562996899
912000	0.100000562996899
913000	0.100000562996899
914000	0.100000562996899
915000	0.100000562996899
916000	0.100000562996899
917000	0.100000562996899
918000	0.100000562996899
919000	0.100000562996899
920000	0.100000562996899
921000	0.100000562996899
922000	0.100000562996899
923000	0.100000562996899
924000	0.100000562996899
925000	0.100000562996899
926000	0.100000562996899
927000	0.100000562996899
928000	0.100000562996899
929000	0.100000562996899
930000	0.100000562996899
931000	0.100000562996899
932000	0.100000562996899
933000	0.100000562996899
934000	0.100000562996899
935000	0.100000562996899
936000	0.100000562996899
937000	0.100000562996899
938000	0.100000562996899
939000	0.100000562996899
940000	0.100000562996899
941000	0.100000562996899
942000	0.100000562996899
943000	0.100000562996899
944000	0.100000562996899
945000	0.100000562996899
946000	0.100000562996899
947000	0.100000562996899
948000	0.100000562996899
949000	0.100000562996899
950000	0.100000562996899
951000	0.100000562996899
952000	0.100000562996899
953000	0.100000562996899
954000	0.100000562996899
955000	0.100000562996899
956000	0.100000562996899
957000	0.100000562996899
958000	0.100000562996899
959000	0.100000562996899
960000	0.100000562996899
961000	0.100000562996899
962000	0.100000562996899
963000	0.100000562996899
964000	0.100000562996899
965000	0.100000562996899
966000	0.100000562996899
967000	0.100000562996899
968000	0.100000562996899
969000	0.100000562996899
970000	0.100000562996899
971000	0.100000562996899
972000	0.100000562996899
973000	0.100000562996899
974000	0.100000562996899
975000	0.100000562996899
976000	0.100000562996899
977000	0.100000562996899
978000	0.100000562996899
979000	0.100000562996899
980000	0.100000562996899
981000	0.100000562996899
982000	0.100000562996899
983000	0.100000562996899
984000	0.100000562996899
985000	0.100000562996899
986000	0.100000562996899
987000	0.100000562996899
988000	0.100000562996899
989000	0.100000562996899
990000	0.100000562996899
991000	0.100000562996899
992000	0.100000562996899
993000	0.100000562996899
994000	0.100000562996899
995000	0.100000562996899
996000	0.100000562996899
997000	0.100000562996899
998000	0.100000562996899
999000	0.100000562996899
