0	0.140000006170393
1000	0.140005633427026
2000	0.140010300885262
3000	0.140014172251295
4000	0.140017383308872
5000	0.14002004668193
6000	0.140022255784878
7000	0.140024088099064
8000	0.140025607890394
9000	0.140026868463408
10000	0.140027914030893
11000	0.140028781264602
12000	0.14002950058147
13000	0.14003009721046
14000	0.14003059207743
15000	0.140031002539085
16000	0.140031342991737
17000	0.14003162537624
18000	0.140031859596792
19000	0.140032053868315
20000	0.14003221500458
21000	0.14003234865719
22000	0.140032459513801
23000	0.140032551462534
24000	0.140032627728347
25000	0.140032690986144
26000	0.140032743454593
27000	0.140032786973941
28000	0.140032823070562
29000	0.140032853010486
30000	0.14003287784381
31000	0.140032898441525
32000	0.140032915526061
33000	0.140032929696632
34000	0.140032941450248
35000	0.14003295119915
36000	0.140032959285263
37000	0.140032965992196
38000	0.140032971555185
39000	0.140032976169341
40000	0.1400329799965
41000	0.140032983170893
42000	0.140032985803856
43000	0.140032987987737
44000	0.140032989799132
45000	0.140032991301573
46000	0.140032992547754
47000	0.140032993581386
48000	0.140032994438719
49000	0.140032995149824
50000	0.140032995739643
51000	0.140032996228861
52000	0.140032996634637
53000	0.140032996971203
54000	0.140032997250364
55000	0.140032997481911
56000	0.140032997673965
57000	0.140032997833262
58000	0.140032997965389
59000	0.14003299807498
60000	0.140032998165879
61000	0.140032998241274
62000	0.14003299830381
63000	0.140032998355679
64000	0.140032998398702
65000	0.140032998434386
66000	0.140032998463985
67000	0.140032998488534
68000	0.140032998508897
69000	0.140032998525787
70000	0.140032998539795
71000	0.140032998551415
72000	0.140032998561053
73000	0.140032998569046
74000	0.140032998575677
75000	0.140032998581176
76000	0.140032998585738
77000	0.140032998589521
78000	0.140032998592659
79000	0.140032998595262
80000	0.140032998597421
81000	0.140032998599212
82000	0.140032998600697
83000	0.140032998601929
84000	0.140032998602951
85000	0.140032998603798
86000	0.140032998604501
87000	0.140032998605084
88000	0.140032998605568
89000	0.140032998605969
90000	0.140032998606301
91000	0.140032998606577
92000	0.140032998606808
93000	0.140032998606995
94000	0.140032998607152
95000	0.140032998607283
96000	0.140032998607394
97000	0.140032998607479
98000	0.140032998607558
99000	0.140032998607614
100000	0.140032998607669
101000	0.140032998607711
102000	0.140032998607739
103000	0.140032998607767
104000	0.140032998607794
105000	0.140032998607822
106000	0.140032998607846
107000	0.140032998607846
108000	0.140032998607846
109000	0.140032998607846
110000	0.140032998607846
111000	0.140032998607846
112000	0.140032998607846
113000	0.140032998607846
114000	0.140032998607846
115000	0.140032998607846
116000	0.140032998607846
117000	0.140032998607846
118000	0.140032998607846
119000	0.140032998607846
120000	0.140032998607846
121000	0.140032998607846
122000	0.140032998607846
123000	0.140032998607846
124000	0.140032998607846
125000	0.140032998607846
126000	0.140032998607846
127000	0.140032998607846
128000	0.140032998607846
129000	0.140032998607846
130000	0.140032998607846
131000	0.140032998607846
132000	0.140032998607846
133000	0.140032998607846
134000	0.140032998607846
135000	0.140032998607846
136000	0.140032998607846
137000	0.140032998607846
138000	0.140032998607846
139000	0.140032998607846
140000	0.140032998607846
141000	0.140032998607846
142000	0.140032998607846
143000	0.140032998607846
144000	0.140032998607846
145000	0.140032998607846
146000	0.140032998607846
147000	0.140032998607846
148000	0.140032998607846
149000	0.140032998607846
150000	0.140032998607846
151000	0.140032998607846
152000	0.140032998607846
153000	0.140032998607846
154000	0.140032998607846
155000	0.140032998607846
156000	0.140032998607846
157000	0.140032998607846
158000	0.140032998607846
159000	0.140032998607846
160000	0.140032998607846
161000	0.140032998607846
162000	0.140032998607846
163000	0.140032998607846
164000	0.140032998607846
165000	0.140032998607846
166000	0.140032998607846
167000	0.140032998607846
168000	0.140032998607846
169000	0.140032998607846
170000	0.140032998607846
171000	0.140032998607846
172000	0.140032998607846
173000	0.140032998607846
174000	0.140032998607846
175000	0.140032998607846
176000	0.140032998607846
177000	0.140032998607846
178000	0.140032998607846
179000	0.140032998607846
180000	0.140032998607846
181000	0.140032998607846
182000	0.140032998607846
183000	0.140032998607846
184000	0.140032998607846
185000	0.140032998607846
186000	0.140032998607846
187000	0.140032998607846
188000	0.140032998607846
189000	0.140032998607846
190000	0.140032998607846
191000	0.140032998607846
192000	0.140032998607846
193000	0.140032998607846
194000	0.140032998607846
195000	0.140032998607846
196000	0.140032998607846
197000	0.140032998607846
198000	0.140032998607846
199000	0.140032998607846
200000	0.140032998607846
201000	0.140032998607846
202000	0.140032998607846
203000	0.140032998607846
204000	0.140032998607846
205000	0.140032998607846
206000	0.140032998607846
207000	0.140032998607846
208000	0.140032998607846
209000	0.140032998607846
210000	0.140032998607846
211000	0.140032998607846
212000	0.140032998607846
213000	0.140032998607846
214000	0.140032998607846
215000	0.140032998607846
216000	0.140032998607846
217000	0.140032998607846
218000	0.140032998607846
219000	0.140032998607846
220000	0.140032998607846
221000	0.140032998607846
222000	0.140032998607846
223000	0.140032998607846
224000	0.140032998607846
225000	0.140032998607846
226000	0.140032998607846
227000	0.140032998607846
228000	0.140032998607846
229000	0.140032998607846
230000	0.140032998607846
231000	0.140032998607846
232000	0.140032998607846
233000	0.140032998607846
234000	0.140032998607846
235000	0.140032998607846
236000	0.140032998607846
237000	0.140032998607846
238000	0.140032998607846
239000	0.140032998607846
240000	0.140032998607846
241000	0.140032998607846
242000	0.140032998607846
243000	0.140032998607846
244000	0.140032998607846
245000	0.140032998607846
246000	0.140032998607846
247000	0.140032998607846
248000	0.140032998607846
249000	0.140032998607846
250000	0.140032998607846
251000	0.140032998607846
252000	0.140032998607846
253000	0.140032998607846
254000	0.140032998607846
255000	0.140032998607846
256000	0.140032998607846
257000	0.140032998607846
258000	0.140032998607846
259000	0.140032998607846
260000	0.140032998607846
261000	0.140032998607846
262000	0.140032998607846
263000	0.140032998607846
264000	0.140032998607846
265000	0.140032998607846
266000	0.140032998607846
267000	0.140032998607846
268000	0.140032998607846
269000	0.140032998607846
270000	0.140032998607846
271000	0.140032998607846
272000	0.140032998607846
273000	0.140032998607846
274000	0.140032998607846
275000	0.140032998607846
276000	0.140032998607846
277000	0.140032998607846
278000	0.140032998607846
279000	0.140032998607846
280000	0.140032998607846
281000	0.140032998607846
282000	0.140032998607846
283000	0.140032998607846
284000	0.140032998607846
285000	0.140032998607846
286000	0.140032998607846
287000	0.140032998607846
288000	0.140032998607846
289000	0.140032998607846
290000	0.140032998607846
291000	0.140032998607846
292000	0.140032998607846
293000	0.140032998607846
294000	0.140032998607846
295000	0.140032998607846
296000	0.140032998607846
297000	0.140032998607846
298000	0.140032998607846
299000	0.140032998607846
300000	0.140032998607846
301000	0.140032998607846
302000	0.140032998607846
303000	0.140032998607846
304000	0.140032998607846
305000	0.140032998607846
306000	0.140032998607846
307000	0.140032998607846
308000	0.140032998607846
309000	0.140032998607846
310000	0.140032998607846
311000	0.140032998607846
312000	0.140032998607846
313000	0.140032998607846
314000	0.140032998607846
315000	0.140032998607846
316000	0.140032998607846
317000	0.140032998607846
318000	0.140032998607846
319000	0.140032998607846
320000	0.140032998607846
321000	0.140032998607846
322000	0.140032998607846
323000	0.140032998607846
324000	0.140032998607846
325000	0.140032998607846
326000	0.140032998607846
327000	0.140032998607846
328000	0.140032998607846
329000	0.140032998607846
330000	0.140032998607846
331000	0.140032998607846
332000	0.140032998607846
333000	0.140032998607846
334000	0.140032998607846
335000	0.140032998607846
336000	0.140032998607846
337000	0.140032998607846
338000	0.140032998607846
339000	0.140032998607846
340000	0.140032998607846
341000	0.140032998607846
342000	0.140032998607846
343000	0.140032998607846
344000	0.140032998607846
345000	0.140032998607846
346000	0.140032998607846
347000	0.140032998607846
348000	0.140032998607846
349000	0.140032998607846
350000	0.140032998607846
351000	0.140032998607846
352000	0.140032998607846
353000	0.140032998607846
354000	0.140032998607846
355000	0.140032998607846
356000	0.140032998607846
357000	0.140032998607846
358000	0.140032998607846
359000	0.140032998607846
360000	0.140032998607846
361000	0.140032998607846
362000	0.140032998607846
363000	0.140032998607846
364000	0.140032998607846
365000	0.140032998607846
366000	0.140032998607846
367000	0.140032998607846
368000	0.140032998607846
369000	0.140032998607846
370000	0.140032998607846
371000	0.140032998607846
372000	0.140032998607846
373000	0.140032998607846
374000	0.140032998607846
375000	0.140032998607846
376000	0.140032998607846
377000	0.140032998607846
378000	0.140032998607846
379000	0.140032998607846
380000	0.140032998607846
381000	0.140032998607846
382000	0.140032998607846
383000	0.140032998607846
384000	0.140032998607846
385000	0.140032998607846
386000	0.140032998607846
387000	0.140032998607846
388000	0.140032998607846
389000	0.140032998607846
390000	0.140032998607846
391000	0.140032998607846
392000	0.140032998607846
393000	0.140032998607846
394000	0.140032998607846
395000	0.140032998607846
396000	0.140032998607846
397000	0.140032998607846
398000	0.140032998607846
399000	0.140032998607846
400000	0.140032998607846
401000	0.140032998607846
402000	0.140032998607846
403000	0.140032998607846
404000	0.140032998607846
405000	0.140032998607846
406000	0.140032998607846
407000	0.140032998607846
408000	0.140032998607846
409000	0.140032998607846
410000	0.140032998607846
411000	0.140032998607846
412000	0.140032998607846
413000	0.140032998607846
414000	0.140032998607846
415000	0.140032998607846
416000	0.140032998607846
417000	0.140032998607846
418000	0.140032998607846
419000	0.140032998607846
420000	0.140032998607846
421000	0.140032998607846
422000	0.140032998607846
423000	0.140032998607846
424000	0.140032998607846
425000	0.140032998607846
426000	0.140032998607846
427000	0.140032998607846
428000	0.140032998607846
429000	0.140032998607846
430000	0.140032998607846
431000	0.140032998607846
432000	0.140032998607846
433000	0.140032998607846
434000	0.140032998607846
435000	0.140032998607846
436000	0.140032998607846
437000	0.140032998607846
438000	0.140032998607846
439000	0.140032998607846
440000	0.140032998607846
441000	0.140032998607846
442000	0.140032998607846
443000	0.140032998607846
444000	0.140032998607846
445000	0.140032998607846
446000	0.140032998607846
447000	0.140032998607846
448000	0.140032998607846
449000	0.140032998607846
450000	0.140032998607846
451000	0.140032998607846
452000	0.140032998607846
453000	0.140032998607846
454000	0.140032998607846
455000	0.140032998607846
456000	0.140032998607846
457000	0.140032998607846
458000	0.140032998607846
459000	0.140032998607846
460000	0.140032998607846
461000	0.140032998607846
462000	0.140032998607846
463000	0.140032998607846
464000	0.140032998607846
465000	0.140032998607846
466000	0.140032998607846
467000	0.140032998607846
468000	0.140032998607846
469000	0.140032998607846
470000	0.140032998607846
471000	0.140032998607846
472000	0.140032998607846
473000	0.140032998607846
474000	0.140032998607846
475000	0.140032998607846
476000	0.140032998607846
477000	0.140032998607846
478000	0.140032998607846
479000	0.140032998607846
480000	0.140032998607846
481000	0.140032998607846
482000	0.140032998607846
483000	0.140032998607846
484000	0.140032998607846
485000	0.140032998607846
486000	0.140032998607846
487000	0.140032998607846
488000	0.140032998607846
489000	0.140032998607846
490000	0.140032998607846
491000	0.140032998607846
492000	0.140032998607846
493000	0.140032998607846
494000	0.140032998607846
495000	0.140032998607846
496000	0.140032998607846
497000	0.140032998607846
498000	0.140032998607846
499000	0.140032998607846
500000	0.140032998607846
501000	0.140032998607846
502000	0.140032998607846
503000	0.140032998607846
504000	0.140032998607846
505000	0.140032998607846
506000	0.140032998607846
507000	0.140032998607846
508000	0.140032998607846
509000	0.140032998607846
510000	0.140032998607846
511000	0.140032998607846
512000	0.140032998607846
513000	0.140032998607846
514000	0.140032998607846
515000	0.140032998607846
516000	0.140032998607846
517000	0.140032998607846
518000	0.140032998607846
519000	0.140032998607846
520000	0.140032998607846
521000	0.140032998607846
522000	0.140032998607846
523000	0.140032998607846
524000	0.140032998607846
525000	0.140032998607846
526000	0.140032998607846
527000	0.140032998607846
528000	0.140032998607846
529000	0.140032998607846
530000	0.140032998607846
531000	0.140032998607846
532000	0.140032998607846
533000	0.140032998607846
534000	0.140032998607846
535000	0.140032998607846
536000	0.140032998607846
537000	0.140032998607846
538000	0.140032998607846
539000	0.140032998607846
540000	0.140032998607846
541000	0.140032998607846
542000	0.140032998607846
543000	0.140032998607846
544000	0.140032998607846
545000	0.140032998607846
546000	0.140032998607846
547000	0.140032998607846
548000	0.140032998607846
549000	0.140032998607846
550000	0.140032998607846
551000	0.140032998607846
552000	0.140032998607846
553000	0.140032998607846
554000	0.140032998607846
555000	0.140032998607846
556000	0.140032998607846
557000	0.140032998607846
558000	0.140032998607846
559000	0.140032998607846
560000	0.140032998607846
561000	0.140032998607846
562000	0.140032998607846
563000	0.140032998607846
564000	0.140032998607846
565000	0.140032998607846
566000	0.140032998607846
567000	0.140032998607846
568000	0.140032998607846
569000	0.140032998607846
570000	0.140032998607846
571000	0.140032998607846
572000	0.140032998607846
573000	0.140032998607846
574000	0.140032998607846
575000	0.140032998607846
576000	0.140032998607846
577000	0.140032998607846
578000	0.140032998607846
579000	0.140032998607846
580000	0.140032998607846
581000	0.140032998607846
582000	0.140032998607846
583000	0.140032998607846
584000	0.140032998607846
585000	0.140032998607846
586000	0.140032998607846
587000	0.140032998607846
588000	0.140032998607846
589000	0.140032998607846
590000	0.140032998607846
591000	0.140032998607846
592000	0.140032998607846
593000	0.140032998607846
594000	0.140032998607846
595000	0.140032998607846
596000	0.140032998607846
597000	0.140032998607846
598000	0.140032998607846
599000	0.140032998607846
600000	0.140032998607846
601000	0.140032998607846
602000	0.140032998607846
603000	0.140032998607846
604000	0.140032998607846
605000	0.140032998607846
606000	0.140032998607846
607000	0.140032998607846
608000	0.140032998607846
609000	0.140032998607846
610000	0.140032998607846
611000	0.140032998607846
612000	0.140032998607846
613000	0.140032998607846
614000	0.140032998607846
615000	0.140032998607846
616000	0.140032998607846
617000	0.140032998607846
618000	0.140032998607846
619000	0.140032998607846
620000	0.140032998607846
621000	0.140032998607846
622000	0.140032998607846
623000	0.140032998607846
624000	0.140032998607846
625000	0.140032998607846
626000	0.140032998607846
627000	0.140032998607846
628000	0.140032998607846
629000	0.140032998607846
630000	0.140032998607846
631000	0.140032998607846
632000	0.140032998607846
633000	0.140032998607846
634000	0.140032998607846
635000	0.140032998607846
636000	0.140032998607846
637000	0.140032998607846
638000	0.140032998607846
639000	0.140032998607846
640000	0.140032998607846
641000	0.140032998607846
642000	0.140032998607846
643000	0.140032998607846
644000	0.140032998607846
645000	0.140032998607846
646000	0.140032998607846
647000	0.140032998607846
648000	0.140032998607846
649000	0.140032998607846
650000	0.140032998607846
651000	0.140032998607846
652000	0.140032998607846
653000	0.140032998607846
654000	0.140032998607846
655000	0.140032998607846
656000	0.140032998607846
657000	0.140032998607846
658000	0.140032998607846
659000	0.140032998607846
660000	0.140032998607846
661000	0.140032998607846
662000	0.140032998607846
663000	0.140032998607846
664000	0.140032998607846
665000	0.140032998607846
666000	0.140032998607846
667000	0.140032998607846
668000	0.140032998607846
669000	0.140032998607846
670000	0.140032998607846
671000	0.140032998607846
672000	0.140032998607846
673000	0.140032998607846
674000	0.140032998607846
675000	0.140032998607846
676000	0.140032998607846
677000	0.140032998607846
678000	0.140032998607846
679000	0.140032998607846
680000	0.140032998607846
681000	0.140032998607846
682000	0.140032998607846
683000	0.140032998607846
684000	0.140032998607846
685000	0.140032998607846
686000	0.140032998607846
687000	0.140032998607846
688000	0.140032998607846
689000	0.140032998607846
690000	0.140032998607846
691000	0.140032998607846
692000	0.140032998607846
693000	0.140032998607846
694000	0.140032998607846
695000	0.140032998607846
696000	0.140032998607846
697000	0.140032998607846
698000	0.140032998607846
699000	0.140032998607846
700000	0.140032998607846
701000	0.140032998607846
702000	0.140032998607846
703000	0.140032998607846
704000	0.140032998607846
705000	0.140032998607846
706000	0.140032998607846
707000	0.140032998607846
708000	0.140032998607846
709000	0.140032998607846
710000	0.140032998607846
711000	0.140032998607846
712000	0.140032998607846
713000	0.140032998607846
714000	0.140032998607846
715000	0.140032998607846
716000	0.140032998607846
717000	0.140032998607846
718000	0.140032998607846
719000	0.140032998607846
720000	0.140032998607846
721000	0.140032998607846
722000	0.140032998607846
723000	0.140032998607846
724000	0.140032998607846
725000	0.140032998607846
726000	0.140032998607846
727000	0.140032998607846
728000	0.140032998607846
729000	0.140032998607846
730000	0.140032998607846
731000	0.140032998607846
732000	0.140032998607846
733000	0.140032998607846
734000	0.140032998607846
735000	0.140032998607846
736000	0.140032998607846
737000	0.140032998607846
738000	0.140032998607846
739000	0.140032998607846
740000	0.140032998607846
741000	0.140032998607846
742000	0.140032998607846
743000	0.140032998607846
744000	0.140032998607846
745000	0.140032998607846
746000	0.140032998607846
747000	0.140032998607846
748000	0.140032998607846
749000	0.140032998607846
750000	0.140032998607846
751000	0.140032998607846
752000	0.140032998607846
753000	0.140032998607846
754000	0.140032998607846
755000	0.140032998607846
756000	0.140032998607846
757000	0.140032998607846
758000	0.140032998607846
759000	0.140032998607846
760000	0.140032998607846
761000	0.140032998607846
762000	0.140032998607846
763000	0.140032998607846
764000	0.140032998607846
765000	0.140032998607846
766000	0.140032998607846
767000	0.140032998607846
768000	0.140032998607846
769000	0.140032998607846
770000	0.140032998607846
771000	0.140032998607846
772000	0.140032998607846
773000	0.140032998607846
774000	0.140032998607846
775000	0.140032998607846
776000	0.140032998607846
777000	0.140032998607846
778000	0.140032998607846
779000	0.140032998607846
780000	0.140032998607846
781000	0.140032998607846
782000	0.140032998607846
783000	0.140032998607846
784000	0.140032998607846
785000	0.140032998607846
786000	0.140032998607846
787000	0.140032998607846
788000	0.140032998607846
789000	0.140032998607846
790000	0.140032998607846
791000	0.140032998607846
792000	0.140032998607846
793000	0.140032998607846
794000	0.140032998607846
795000	0.140032998607846
796000	0.140032998607846
797000	0.140032998607846
798000	0.140032998607846
799000	0.140032998607846
800000	0.140032998607846
801000	0.140032998607846
802000	0.140032998607846
803000	0.140032998607846
804000	0.140032998607846
805000	0.140032998607846
806000	0.140032998607846
807000	0.140032998607846
808000	0.140032998607846
809000	0.140032998607846
810000	0.140032998607846
811000	0.140032998607846
812000	0.140032998607846
813000	0.140032998607846
814000	0.140032998607846
815000	0.140032998607846
816000	0.140032998607846
817000	0.140032998607846
818000	0.140032998607846
819000	0.140032998607846
820000	0.140032998607846
821000	0.140032998607846
822000	0.140032998607846
823000	0.140032998607846
824000	0.140032998607846
825000	0.140032998607846
826000	0.140032998607846
827000	0.140032998607846
828000	0.140032998607846
829000	0.140032998607846
830000	0.140032998607846
831000	0.140032998607846
832000	0.140032998607846
833000	0.140032998607846
834000	0.140032998607846
835000	0.140032998607846
836000	0.140032998607846
837000	0.140032998607846
838000	0.140032998607846
839000	0.140032998607846
840000	0.140032998607846
841000	0.140032998607846
842000	0.140032998607846
843000	0.140032998607846
844000	0.140032998607846
845000	0.140032998607846
846000	0.140032998607846
847000	0.140032998607846
848000	0.140032998607846
849000	0.140032998607846
850000	0.140032998607846
851000	0.140032998607846
852000	0.140032998607846
853000	0.140032998607846
854000	0.140032998607846
855000	0.140032998607846
856000	0.140032998607846
857000	0.140032998607846
858000	0.140032998607846
859000	0.140032998607846
860000	0.140032998607846
861000	0.140032998607846
862000	0.140032998607846
863000	0.140032998607846
864000	0.140032998607846
865000	0.140032998607846
866000	0.140032998607846
867000	0.140032998607846
868000	0.140032998607846
869000	0.140032998607846
870000	0.140032998607846
871000	0.140032998607846
872000	0.140032998607846
873000	0.140032998607846
874000	0.140032998607846
875000	0.140032998607846
876000	0.140032998607846
877000	0.140032998607846
878000	0.140032998607846
879000	0.140032998607846
880000	0.140032998607846
881000	0.140032998607846
882000	0.140032998607846
883000	0.140032998607846
884000	0.140032998607846
885000	0.140032998607846
886000	0.140032998607846
887000	0.140032998607846
888000	0.140032998607846
889000	0.140032998607846
890000	0.140032998607846
891000	0.140032998607846
892000	0.140032998607846
893000	0.140032998607846
894000	0.140032998607846
895000	0.140032998607846
896000	0.140032998607846
897000	0.140032998607846
898000	0.140032998607846
899000	0.140032998607846
900000	0.140032998607846
901000	0.140032998607846
902000	0.140032998607846
903000	0.140032998607846
904000	0.140032998607846
905000	0.140032998607846
906000	0.140032998607846
907000	0.140032998607846
908000	0.140032998607846
909000	0.140032998607846
910000	0.140032998607846
911000	0.140032998607846
912000	0.140032998607846
913000	0.140032998607846
914000	0.140032998607846
915000	0.140032998607846
916000	0.140032998607846
917000	0.140032998607846
918000	0.140032998607846
919000	0.140032998607846
920000	0.140032998607846
921000	0.140032998607846
922000	0.140032998607846
923000	0.140032998607846
924000	0.140032998607846
925000	0.140032998607846
926000	0.140032998607846
927000	0.140032998607846
928000	0.140032998607846
929000	0.140032998607846
930000	0.140032998607846
931000	0.140032998607846
932000	0.140032998607846
933000	0.140032998607846
934000	0.140032998607846
935000	0.140032998607846
936000	0.140032998607846
937000	0.140032998607846
938000	0.140032998607846
939000	0.140032998607846
940000	0.140032998607846
941000	0.140032998607846
942000	0.140032998607846
943000	0.140032998607846
944000	0.140032998607846
945000	0.140032998607846
946000	0.140032998607846
947000	0.140032998607846
948000	0.140032998607846
949000	0.140032998607846
950000	0.140032998607846
951000	0.140032998607846
952000	0.140032998607846
953000	0.140032998607846
954000	0.140032998607846
955000	0.140032998607846
956000	0.140032998607846
957000	0.140032998607846
958000	0.140032998607846
959000	0.140032998607846
960000	0.140032998607846
961000	0.140032998607846
962000	0.140032998607846
963000	0.140032998607846
964000	0.140032998607846
965000	0.140032998607846
966000	0.140032998607846
967000	0.140032998607846
968000	0.140032998607846
969000	0.140032998607846
970000	0.140032998607846
971000	0.140032998607846
972000	0.140032998607846
973000	0.140032998607846
974000	0.140032998607846
975000	0.140032998607846
976000	0.140032998607846
977000	0.140032998607846
978000	0.140032998607846
979000	0.140032998607846
980000	0.140032998607846
981000	0.140032998607846
982000	0.140032998607846
983000	0.140032998607846
984000	0.140032998607846
985000	0.140032998607846
986000	0.140032998607846
987000	0.140032998607846
988000	0.140032998607846
989000	0.140032998607846
990000	0.140032998607846
991000	0.140032998607846
992000	0.140032998607846
993000	0.140032998607846
994000	0.140032998607846
995000	0.140032998607846
996000	0.140032998607846
997000	0.140032998607846
998000	0.140032998607846
999000	0.140032998607846
