0	0.150000013405987
1000	0.150012242303374
2000	0.150022390454744
3000	0.150030811904569
4000	0.150037800453947
5000	0.150043599912016
6000	0.150048412602758
7000	0.150052406424135
8000	0.150055720705957
9000	0.150058471070929
10000	0.150060753468526
11000	0.150062647522458
12000	0.150064219308526
13000	0.150065523659825
14000	0.150066606079686
15000	0.150067504329138
16000	0.150068249744257
17000	0.150068868329354
18000	0.150069381664178
19000	0.150069807656741
20000	0.150070161168056
21000	0.150070454530578
22000	0.150070697978432
23000	0.150070900004438
24000	0.15007106765639
25000	0.150071206782919
26000	0.150071322237533
27000	0.150071418047929
28000	0.150071497556507
29000	0.150071563536967
30000	0.150071618291073
31000	0.150071663728951
32000	0.150071701435727
33000	0.150071732726822
34000	0.150071758693841
35000	0.15007178024266
36000	0.150071798125021
37000	0.150071812964758
38000	0.150071825279563
39000	0.150071835499046
40000	0.150071843979718
41000	0.150071851017433
42000	0.150071856857703
43000	0.150071861704272
44000	0.150071865726212
45000	0.150071869063834
46000	0.15007187183357
47000	0.150071874132046
48000	0.150071876039443
49000	0.150071877622303
50000	0.150071878935845
51000	0.150071880025891
52000	0.150071880930471
53000	0.150071881681139
54000	0.150071882304083
55000	0.150071882821036
56000	0.150071883250031
57000	0.150071883606034
58000	0.150071883901463
59000	0.150071884146627
60000	0.150071884350077
61000	0.150071884518911
62000	0.150071884659017
63000	0.150071884775286
64000	0.150071884871771
65000	0.15007188495184
66000	0.150071885018286
67000	0.150071885073426
68000	0.150071885119184
69000	0.150071885157157
70000	0.150071885188669
71000	0.150071885214819
72000	0.15007188523652
73000	0.150071885254528
74000	0.150071885269472
75000	0.150071885281874
76000	0.150071885292166
77000	0.150071885300706
78000	0.150071885307793
79000	0.150071885313675
80000	0.150071885318555
81000	0.150071885322606
82000	0.150071885325967
83000	0.150071885328756
84000	0.150071885331071
85000	0.150071885332991
86000	0.150071885334585
87000	0.150071885335908
88000	0.150071885337006
89000	0.150071885337917
90000	0.150071885338673
91000	0.150071885339301
92000	0.15007188533982
93000	0.150071885340252
94000	0.150071885340611
95000	0.150071885340908
96000	0.150071885341154
97000	0.15007188534136
98000	0.150071885341531
99000	0.150071885341672
100000	0.150071885341786
101000	0.150071885341883
102000	0.150071885341966
103000	0.150071885342029
104000	0.150071885342084
105000	0.150071885342138
106000	0.150071885342166
107000	0.150071885342194
108000	0.150071885342222
109000	0.150071885342249
110000	0.150071885342277
111000	0.150071885342286
112000	0.150071885342286
113000	0.150071885342286
114000	0.150071885342286
115000	0.150071885342286
116000	0.150071885342286
117000	0.150071885342286
118000	0.150071885342286
119000	0.150071885342286
120000	0.150071885342286
121000	0.150071885342286
122000	0.150071885342286
123000	0.150071885342286
124000	0.150071885342286
125000	0.150071885342286
126000	0.150071885342286
127000	0.150071885342286
128000	0.150071885342286
129000	0.150071885342286
130000	0.150071885342286
131000	0.150071885342286
132000	0.150071885342286
133000	0.150071885342286
134000	0.150071885342286
135000	0.150071885342286
136000	0.150071885342286
137000	0.150071885342286
138000	0.150071885342286
139000	0.150071885342286
140000	0.150071885342286
141000	0.150071885342286
142000	0.150071885342286
143000	0.150071885342286
144000	0.150071885342286
145000	0.150071885342286
146000	0.150071885342286
147000	0.150071885342286
148000	0.150071885342286
149000	0.150071885342286
150000	0.150071885342286
151000	0.150071885342286
152000	0.150071885342286
153000	0.150071885342286
154000	0.150071885342286
155000	0.150071885342286
156000	0.150071885342286
157000	0.150071885342286
158000	0.150071885342286
159000	0.150071885342286
160000	0.150071885342286
161000	0.150071885342286
162000	0.150071885342286
163000	0.150071885342286
164000	0.150071885342286
165000	0.150071885342286
166000	0.150071885342286
167000	0.150071885342286
168000	0.150071885342286
169000	0.150071885342286
170000	0.150071885342286
171000	0.150071885342286
172000	0.150071885342286
173000	0.150071885342286
174000	0.150071885342286
175000	0.150071885342286
176000	0.150071885342286
177000	0.150071885342286
178000	0.150071885342286
179000	0.150071885342286
180000	0.150071885342286
181000	0.150071885342286
182000	0.150071885342286
183000	0.150071885342286
184000	0.150071885342286
185000	0.150071885342286
186000	0.150071885342286
187000	0.150071885342286
188000	0.150071885342286
189000	0.150071885342286
190000	0.150071885342286
191000	0.150071885342286
192000	0.150071885342286
193000	0.150071885342286
194000	0.150071885342286
195000	0.150071885342286
196000	0.150071885342286
197000	0.150071885342286
198000	0.150071885342286
199000	0.150071885342286
200000	0.150071885342286
201000	0.150071885342286
202000	0.150071885342286
203000	0.150071885342286
204000	0.150071885342286
205000	0.150071885342286
206000	0.150071885342286
207000	0.150071885342286
208000	0.150071885342286
209000	0.150071885342286
210000	0.150071885342286
211000	0.150071885342286
212000	0.150071885342286
213000	0.150071885342286
214000	0.150071885342286
215000	0.150071885342286
216000	0.150071885342286
217000	0.150071885342286
218000	0.150071885342286
219000	0.150071885342286
220000	0.150071885342286
221000	0.150071885342286
222000	0.150071885342286
223000	0.150071885342286
224000	0.150071885342286
225000	0.150071885342286
226000	0.150071885342286
227000	0.150071885342286
228000	0.150071885342286
229000	0.150071885342286
230000	0.150071885342286
231000	0.150071885342286
232000	0.150071885342286
233000	0.150071885342286
234000	0.150071885342286
235000	0.150071885342286
236000	0.150071885342286
237000	0.150071885342286
238000	0.150071885342286
239000	0.150071885342286
240000	0.150071885342286
241000	0.150071885342286
242000	0.150071885342286
243000	0.150071885342286
244000	0.150071885342286
245000	0.150071885342286
246000	0.150071885342286
247000	0.150071885342286
248000	0.150071885342286
249000	0.150071885342286
250000	0.150071885342286
251000	0.150071885342286
252000	0.150071885342286
253000	0.150071885342286
254000	0.150071885342286
255000	0.150071885342286
256000	0.150071885342286
257000	0.150071885342286
258000	0.150071885342286
259000	0.150071885342286
260000	0.150071885342286
261000	0.150071885342286
262000	0.150071885342286
263000	0.150071885342286
264000	0.150071885342286
265000	0.150071885342286
266000	0.150071885342286
267000	0.150071885342286
268000	0.150071885342286
269000	0.150071885342286
270000	0.150071885342286
271000	0.150071885342286
272000	0.150071885342286
273000	0.150071885342286
274000	0.150071885342286
275000	0.150071885342286
276000	0.150071885342286
277000	0.150071885342286
278000	0.150071885342286
279000	0.150071885342286
280000	0.150071885342286
281000	0.150071885342286
282000	0.150071885342286
283000	0.150071885342286
284000	0.150071885342286
285000	0.150071885342286
286000	0.150071885342286
287000	0.150071885342286
288000	0.150071885342286
289000	0.150071885342286
290000	0.150071885342286
291000	0.150071885342286
292000	0.150071885342286
293000	0.150071885342286
294000	0.150071885342286
295000	0.150071885342286
296000	0.150071885342286
297000	0.150071885342286
298000	0.150071885342286
299000	0.150071885342286
300000	0.150071885342286
301000	0.150071885342286
302000	0.150071885342286
303000	0.150071885342286
304000	0.150071885342286
305000	0.150071885342286
306000	0.150071885342286
307000	0.150071885342286
308000	0.150071885342286
309000	0.150071885342286
310000	0.150071885342286
311000	0.150071885342286
312000	0.150071885342286
313000	0.150071885342286
314000	0.150071885342286
315000	0.150071885342286
316000	0.150071885342286
317000	0.150071885342286
318000	0.150071885342286
319000	0.150071885342286
320000	0.150071885342286
321000	0.150071885342286
322000	0.150071885342286
323000	0.150071885342286
324000	0.150071885342286
325000	0.150071885342286
326000	0.150071885342286
327000	0.150071885342286
328000	0.150071885342286
329000	0.150071885342286
330000	0.150071885342286
331000	0.150071885342286
332000	0.150071885342286
333000	0.150071885342286
334000	0.150071885342286
335000	0.150071885342286
336000	0.150071885342286
337000	0.150071885342286
338000	0.150071885342286
339000	0.150071885342286
340000	0.150071885342286
341000	0.150071885342286
342000	0.150071885342286
343000	0.150071885342286
344000	0.150071885342286
345000	0.150071885342286
346000	0.150071885342286
347000	0.150071885342286
348000	0.150071885342286
349000	0.150071885342286
350000	0.150071885342286
351000	0.150071885342286
352000	0.150071885342286
353000	0.150071885342286
354000	0.150071885342286
355000	0.150071885342286
356000	0.150071885342286
357000	0.150071885342286
358000	0.150071885342286
359000	0.150071885342286
360000	0.150071885342286
361000	0.150071885342286
362000	0.150071885342286
363000	0.150071885342286
364000	0.150071885342286
365000	0.150071885342286
366000	0.150071885342286
367000	0.150071885342286
368000	0.150071885342286
369000	0.150071885342286
370000	0.150071885342286
371000	0.150071885342286
372000	0.150071885342286
373000	0.150071885342286
374000	0.150071885342286
375000	0.150071885342286
376000	0.150071885342286
377000	0.150071885342286
378000	0.150071885342286
379000	0.150071885342286
380000	0.150071885342286
381000	0.150071885342286
382000	0.150071885342286
383000	0.150071885342286
384000	0.150071885342286
385000	0.150071885342286
386000	0.150071885342286
387000	0.150071885342286
388000	0.150071885342286
389000	0.150071885342286
390000	0.150071885342286
391000	0.150071885342286
392000	0.150071885342286
393000	0.150071885342286
394000	0.150071885342286
395000	0.150071885342286
396000	0.150071885342286
397000	0.150071885342286
398000	0.150071885342286
399000	0.150071885342286
400000	0.150071885342286
401000	0.150071885342286
402000	0.150071885342286
403000	0.150071885342286
404000	0.150071885342286
405000	0.150071885342286
406000	0.150071885342286
407000	0.150071885342286
408000	0.150071885342286
409000	0.150071885342286
410000	0.150071885342286
411000	0.150071885342286
412000	0.150071885342286
413000	0.150071885342286
414000	0.150071885342286
415000	0.150071885342286
416000	0.150071885342286
417000	0.150071885342286
418000	0.150071885342286
419000	0.150071885342286
420000	0.150071885342286
421000	0.150071885342286
422000	0.150071885342286
423000	0.150071885342286
424000	0.150071885342286
425000	0.150071885342286
426000	0.150071885342286
427000	0.150071885342286
428000	0.150071885342286
429000	0.150071885342286
430000	0.150071885342286
431000	0.150071885342286
432000	0.150071885342286
433000	0.150071885342286
434000	0.150071885342286
435000	0.150071885342286
436000	0.150071885342286
437000	0.150071885342286
438000	0.150071885342286
439000	0.150071885342286
440000	0.150071885342286
441000	0.150071885342286
442000	0.150071885342286
443000	0.150071885342286
444000	0.150071885342286
445000	0.150071885342286
446000	0.150071885342286
447000	0.150071885342286
448000	0.150071885342286
449000	0.150071885342286
450000	0.150071885342286
451000	0.150071885342286
452000	0.150071885342286
453000	0.150071885342286
454000	0.150071885342286
455000	0.150071885342286
456000	0.150071885342286
457000	0.150071885342286
458000	0.150071885342286
459000	0.150071885342286
460000	0.150071885342286
461000	0.150071885342286
462000	0.150071885342286
463000	0.150071885342286
464000	0.150071885342286
465000	0.150071885342286
466000	0.150071885342286
467000	0.150071885342286
468000	0.150071885342286
469000	0.150071885342286
470000	0.150071885342286
471000	0.150071885342286
472000	0.150071885342286
473000	0.150071885342286
474000	0.150071885342286
475000	0.150071885342286
476000	0.150071885342286
477000	0.150071885342286
478000	0.150071885342286
479000	0.150071885342286
480000	0.150071885342286
481000	0.150071885342286
482000	0.150071885342286
483000	0.150071885342286
484000	0.150071885342286
485000	0.150071885342286
486000	0.150071885342286
487000	0.150071885342286
488000	0.150071885342286
489000	0.150071885342286
490000	0.150071885342286
491000	0.150071885342286
492000	0.150071885342286
493000	0.150071885342286
494000	0.150071885342286
495000	0.150071885342286
496000	0.150071885342286
497000	0.150071885342286
498000	0.150071885342286
499000	0.150071885342286
500000	0.150071885342286
501000	0.150071885342286
502000	0.150071885342286
503000	0.150071885342286
504000	0.150071885342286
505000	0.150071885342286
506000	0.150071885342286
507000	0.150071885342286
508000	0.150071885342286
509000	0.150071885342286
510000	0.150071885342286
511000	0.150071885342286
512000	0.150071885342286
513000	0.150071885342286
514000	0.150071885342286
515000	0.150071885342286
516000	0.150071885342286
517000	0.150071885342286
518000	0.150071885342286
519000	0.150071885342286
520000	0.150071885342286
521000	0.150071885342286
522000	0.150071885342286
523000	0.150071885342286
524000	0.150071885342286
525000	0.150071885342286
526000	0.150071885342286
527000	0.150071885342286
528000	0.150071885342286
529000	0.150071885342286
530000	0.150071885342286
531000	0.150071885342286
532000	0.150071885342286
533000	0.150071885342286
534000	0.150071885342286
535000	0.150071885342286
536000	0.150071885342286
537000	0.150071885342286
538000	0.150071885342286
539000	0.150071885342286
540000	0.150071885342286
541000	0.150071885342286
542000	0.150071885342286
543000	0.150071885342286
544000	0.150071885342286
545000	0.150071885342286
546000	0.150071885342286
547000	0.150071885342286
548000	0.150071885342286
549000	0.150071885342286
550000	0.150071885342286
551000	0.150071885342286
552000	0.150071885342286
553000	0.150071885342286
554000	0.150071885342286
555000	0.150071885342286
556000	0.150071885342286
557000	0.150071885342286
558000	0.150071885342286
559000	0.150071885342286
560000	0.150071885342286
561000	0.150071885342286
562000	0.150071885342286
563000	0.150071885342286
564000	0.150071885342286
565000	0.150071885342286
566000	0.150071885342286
567000	0.150071885342286
568000	0.150071885342286
569000	0.150071885342286
570000	0.150071885342286
571000	0.150071885342286
572000	0.150071885342286
573000	0.150071885342286
574000	0.150071885342286
575000	0.150071885342286
576000	0.150071885342286
577000	0.150071885342286
578000	0.150071885342286
579000	0.150071885342286
580000	0.150071885342286
581000	0.150071885342286
582000	0.150071885342286
583000	0.150071885342286
584000	0.150071885342286
585000	0.150071885342286
586000	0.150071885342286
587000	0.150071885342286
588000	0.150071885342286
589000	0.150071885342286
590000	0.150071885342286
591000	0.150071885342286
592000	0.150071885342286
593000	0.150071885342286
594000	0.150071885342286
595000	0.150071885342286
596000	0.150071885342286
597000	0.150071885342286
598000	0.150071885342286
599000	0.150071885342286
600000	0.150071885342286
601000	0.150071885342286
602000	0.150071885342286
603000	0.150071885342286
604000	0.150071885342286
605000	0.150071885342286
606000	0.150071885342286
607000	0.150071885342286
608000	0.150071885342286
609000	0.150071885342286
610000	0.150071885342286
611000	0.150071885342286
612000	0.150071885342286
613000	0.150071885342286
614000	0.150071885342286
615000	0.150071885342286
616000	0.150071885342286
617000	0.150071885342286
618000	0.150071885342286
619000	0.150071885342286
620000	0.150071885342286
621000	0.150071885342286
622000	0.150071885342286
623000	0.150071885342286
624000	0.150071885342286
625000	0.150071885342286
626000	0.150071885342286
627000	0.150071885342286
628000	0.150071885342286
629000	0.150071885342286
630000	0.150071885342286
631000	0.150071885342286
632000	0.150071885342286
633000	0.150071885342286
634000	0.150071885342286
635000	0.150071885342286
636000	0.150071885342286
637000	0.150071885342286
638000	0.150071885342286
639000	0.150071885342286
640000	0.150071885342286
641000	0.150071885342286
642000	0.150071885342286
643000	0.150071885342286
644000	0.150071885342286
645000	0.150071885342286
646000	0.150071885342286
647000	0.150071885342286
648000	0.150071885342286
649000	0.150071885342286
650000	0.150071885342286
651000	0.150071885342286
652000	0.150071885342286
653000	0.150071885342286
654000	0.150071885342286
655000	0.150071885342286
656000	0.150071885342286
657000	0.150071885342286
658000	0.150071885342286
659000	0.150071885342286
660000	0.150071885342286
661000	0.150071885342286
662000	0.150071885342286
663000	0.150071885342286
664000	0.150071885342286
665000	0.150071885342286
666000	0.150071885342286
667000	0.150071885342286
668000	0.150071885342286
669000	0.150071885342286
670000	0.150071885342286
671000	0.150071885342286
672000	0.150071885342286
673000	0.150071885342286
674000	0.150071885342286
675000	0.150071885342286
676000	0.150071885342286
677000	0.150071885342286
678000	0.150071885342286
679000	0.150071885342286
680000	0.150071885342286
681000	0.150071885342286
682000	0.150071885342286
683000	0.150071885342286
684000	0.150071885342286
685000	0.150071885342286
686000	0.150071885342286
687000	0.150071885342286
688000	0.150071885342286
689000	0.150071885342286
690000	0.150071885342286
691000	0.150071885342286
692000	0.150071885342286
693000	0.150071885342286
694000	0.150071885342286
695000	0.150071885342286
696000	0.150071885342286
697000	0.150071885342286
698000	0.150071885342286
699000	0.150071885342286
700000	0.150071885342286
701000	0.150071885342286
702000	0.150071885342286
703000	0.150071885342286
704000	0.150071885342286
705000	0.150071885342286
706000	0.150071885342286
707000	0.150071885342286
708000	0.150071885342286
709000	0.150071885342286
710000	0.150071885342286
711000	0.150071885342286
712000	0.150071885342286
713000	0.150071885342286
714000	0.150071885342286
715000	0.150071885342286
716000	0.150071885342286
717000	0.150071885342286
718000	0.150071885342286
719000	0.150071885342286
720000	0.150071885342286
721000	0.150071885342286
722000	0.150071885342286
723000	0.150071885342286
724000	0.150071885342286
725000	0.150071885342286
726000	0.150071885342286
727000	0.150071885342286
728000	0.150071885342286
729000	0.150071885342286
730000	0.150071885342286
731000	0.150071885342286
732000	0.150071885342286
733000	0.150071885342286
734000	0.150071885342286
735000	0.150071885342286
736000	0.150071885342286
737000	0.150071885342286
738000	0.150071885342286
739000	0.150071885342286
740000	0.150071885342286
741000	0.150071885342286
742000	0.150071885342286
743000	0.150071885342286
744000	0.150071885342286
745000	0.150071885342286
746000	0.150071885342286
747000	0.150071885342286
748000	0.150071885342286
749000	0.150071885342286
750000	0.150071885342286
751000	0.150071885342286
752000	0.150071885342286
753000	0.150071885342286
754000	0.150071885342286
755000	0.150071885342286
756000	0.150071885342286
757000	0.150071885342286
758000	0.150071885342286
759000	0.150071885342286
760000	0.150071885342286
761000	0.150071885342286
762000	0.150071885342286
763000	0.150071885342286
764000	0.150071885342286
765000	0.150071885342286
766000	0.150071885342286
767000	0.150071885342286
768000	0.150071885342286
769000	0.150071885342286
770000	0.150071885342286
771000	0.150071885342286
772000	0.150071885342286
773000	0.150071885342286
774000	0.150071885342286
775000	0.150071885342286
776000	0.150071885342286
777000	0.150071885342286
778000	0.150071885342286
779000	0.150071885342286
780000	0.150071885342286
781000	0.150071885342286
782000	0.150071885342286
783000	0.150071885342286
784000	0.150071885342286
785000	0.150071885342286
786000	0.150071885342286
787000	0.150071885342286
788000	0.150071885342286
789000	0.150071885342286
790000	0.150071885342286
791000	0.150071885342286
792000	0.150071885342286
793000	0.150071885342286
794000	0.150071885342286
795000	0.150071885342286
796000	0.150071885342286
797000	0.150071885342286
798000	0.150071885342286
799000	0.150071885342286
800000	0.150071885342286
801000	0.150071885342286
802000	0.150071885342286
803000	0.150071885342286
804000	0.150071885342286
805000	0.150071885342286
806000	0.150071885342286
807000	0.150071885342286
808000	0.150071885342286
809000	0.150071885342286
810000	0.150071885342286
811000	0.150071885342286
812000	0.150071885342286
813000	0.150071885342286
814000	0.150071885342286
815000	0.150071885342286
816000	0.150071885342286
817000	0.150071885342286
818000	0.150071885342286
819000	0.150071885342286
820000	0.150071885342286
821000	0.150071885342286
822000	0.150071885342286
823000	0.150071885342286
824000	0.150071885342286
825000	0.150071885342286
826000	0.150071885342286
827000	0.150071885342286
828000	0.150071885342286
829000	0.150071885342286
830000	0.150071885342286
831000	0.150071885342286
832000	0.150071885342286
833000	0.150071885342286
834000	0.150071885342286
835000	0.150071885342286
836000	0.150071885342286
837000	0.150071885342286
838000	0.150071885342286
839000	0.150071885342286
840000	0.150071885342286
841000	0.150071885342286
842000	0.150071885342286
843000	0.150071885342286
844000	0.150071885342286
845000	0.150071885342286
846000	0.150071885342286
847000	0.150071885342286
848000	0.150071885342286
849000	0.150071885342286
850000	0.150071885342286
851000	0.150071885342286
852000	0.150071885342286
853000	0.150071885342286
854000	0.150071885342286
855000	0.150071885342286
856000	0.150071885342286
857000	0.150071885342286
858000	0.150071885342286
859000	0.150071885342286
860000	0.150071885342286
861000	0.150071885342286
862000	0.150071885342286
863000	0.150071885342286
864000	0.150071885342286
865000	0.150071885342286
866000	0.150071885342286
867000	0.150071885342286
868000	0.150071885342286
869000	0.150071885342286
870000	0.150071885342286
871000	0.150071885342286
872000	0.150071885342286
873000	0.150071885342286
874000	0.150071885342286
875000	0.150071885342286
876000	0.150071885342286
877000	0.150071885342286
878000	0.150071885342286
879000	0.150071885342286
880000	0.150071885342286
881000	0.150071885342286
882000	0.150071885342286
883000	0.150071885342286
884000	0.150071885342286
885000	0.150071885342286
886000	0.150071885342286
887000	0.150071885342286
888000	0.150071885342286
889000	0.150071885342286
890000	0.150071885342286
891000	0.150071885342286
892000	0.150071885342286
893000	0.150071885342286
894000	0.150071885342286
895000	0.150071885342286
896000	0.150071885342286
897000	0.150071885342286
898000	0.150071885342286
899000	0.150071885342286
900000	0.150071885342286
901000	0.150071885342286
902000	0.150071885342286
903000	0.150071885342286
904000	0.150071885342286
905000	0.150071885342286
906000	0.150071885342286
907000	0.150071885342286
908000	0.150071885342286
909000	0.150071885342286
910000	0.150071885342286
911000	0.150071885342286
912000	0.150071885342286
913000	0.150071885342286
914000	0.150071885342286
915000	0.150071885342286
916000	0.150071885342286
917000	0.150071885342286
918000	0.150071885342286
919000	0.150071885342286
920000	0.150071885342286
921000	0.150071885342286
922000	0.150071885342286
923000	0.150071885342286
924000	0.150071885342286
925000	0.150071885342286
926000	0.150071885342286
927000	0.150071885342286
928000	0.150071885342286
929000	0.150071885342286
930000	0.150071885342286
931000	0.150071885342286
932000	0.150071885342286
933000	0.150071885342286
934000	0.150071885342286
935000	0.150071885342286
936000	0.150071885342286
937000	0.150071885342286
938000	0.150071885342286
939000	0.150071885342286
940000	0.150071885342286
941000	0.150071885342286
942000	0.150071885342286
943000	0.150071885342286
944000	0.150071885342286
945000	0.150071885342286
946000	0.150071885342286
947000	0.150071885342286
948000	0.150071885342286
949000	0.150071885342286
950000	0.150071885342286
951000	0.150071885342286
952000	0.150071885342286
953000	0.150071885342286
954000	0.150071885342286
955000	0.150071885342286
956000	0.150071885342286
957000	0.150071885342286
958000	0.150071885342286
959000	0.150071885342286
960000	0.150071885342286
961000	0.150071885342286
962000	0.150071885342286
963000	0.150071885342286
964000	0.150071885342286
965000	0.150071885342286
966000	0.150071885342286
967000	0.150071885342286
968000	0.150071885342286
969000	0.150071885342286
970000	0.150071885342286
971000	0.150071885342286
972000	0.150071885342286
973000	0.150071885342286
974000	0.150071885342286
975000	0.150071885342286
976000	0.150071885342286
977000	0.150071885342286
978000	0.150071885342286
979000	0.150071885342286
980000	0.150071885342286
981000	0.150071885342286
982000	0.150071885342286
983000	0.150071885342286
984000	0.150071885342286
985000	0.150071885342286
986000	0.150071885342286
987000	0.150071885342286
988000	0.150071885342286
989000	0.150071885342286
990000	0.150071885342286
991000	0.150071885342286
992000	0.150071885342286
993000	0.150071885342286
994000	0.150071885342286
995000	0.150071885342286
996000	0.150071885342286
997000	0.150071885342286
998000	0.150071885342286
999000	0.150071885342286
