0	0.160000027134223
1000	0.160024789114444
2000	0.16004535538701
3000	0.160062436918094
4000	0.160076624187963
5000	0.160088407613203
6000	0.160098194506249
7000	0.160106323159685
8000	0.160113074543022
9000	0.16011868201684
10000	0.160123339400482
11000	0.16012720767243
12000	0.160130420535163
13000	0.16013308903696
14000	0.160135305410505
15000	0.160137146261021
16000	0.160138675214172
17000	0.160139945115297
18000	0.160140999855983
19000	0.160141875891151
20000	0.160142603499084
21000	0.16014320782796
22000	0.160143709765059
23000	0.160144126658698
24000	0.160144472917852
25000	0.160144760510165
26000	0.160144999375595
27000	0.160145197769961
28000	0.160145362550296
29000	0.16014549941184
30000	0.160145613084886
31000	0.160145707498269
32000	0.160145785915163
33000	0.160145851045857
34000	0.160145905141438
35000	0.160145950071588
36000	0.160145987389209
37000	0.160146018384094
38000	0.160146044127507
39000	0.160146065509206
40000	0.160146083268197
41000	0.160146098018277
42000	0.160146110269247
43000	0.160146120444532
44000	0.160146128895815
45000	0.160146135915195
46000	0.160146141745279
47000	0.160146146587571
48000	0.160146150609432
49000	0.160146153949868
50000	0.160146156724332
51000	0.160146159028719
52000	0.160146160942672
53000	0.160146162532344
54000	0.160146163852677
55000	0.160146164949307
56000	0.160146165860133
57000	0.160146166616638
58000	0.160146167244968
59000	0.16014616776684
60000	0.160146168200292
61000	0.160146168560303
62000	0.160146168859318
63000	0.16014616910767
64000	0.160146169313944
65000	0.160146169485269
66000	0.160146169627566
67000	0.160146169745754
68000	0.160146169843917
69000	0.160146169925448
70000	0.160146169993166
71000	0.16014617004941
72000	0.160146170096125
73000	0.160146170134924
74000	0.16014617016715
75000	0.160146170193916
76000	0.160146170216147
77000	0.160146170234612
78000	0.160146170249947
79000	0.160146170262685
80000	0.160146170273264
81000	0.160146170282051
82000	0.16014617028935
83000	0.160146170295411
84000	0.160146170300446
85000	0.160146170304627
86000	0.160146170308101
87000	0.160146170310985
88000	0.160146170313381
89000	0.160146170315371
90000	0.160146170317024
91000	0.160146170318397
92000	0.160146170319537
93000	0.160146170320484
94000	0.16014617032127
95000	0.160146170321924
96000	0.160146170322466
97000	0.160146170322917
98000	0.160146170323291
99000	0.160146170323601
100000	0.160146170323861
101000	0.160146170324073
102000	0.160146170324251
103000	0.160146170324399
104000	0.160146170324521
105000	0.160146170324625
106000	0.160146170324708
107000	0.160146170324778
108000	0.160146170324834
109000	0.160146170324889
110000	0.160146170324923
111000	0.160146170324951
112000	0.160146170324979
113000	0.160146170325007
114000	0.160146170325035
115000	0.160146170325052
116000	0.160146170325052
117000	0.160146170325052
118000	0.160146170325052
119000	0.160146170325052
120000	0.160146170325052
121000	0.160146170325052
122000	0.160146170325052
123000	0.160146170325052
124000	0.160146170325052
125000	0.160146170325052
126000	0.160146170325052
127000	0.160146170325052
128000	0.160146170325052
129000	0.160146170325052
130000	0.160146170325052
131000	0.160146170325052
132000	0.160146170325052
133000	0.160146170325052
134000	0.160146170325052
135000	0.160146170325052
136000	0.160146170325052
137000	0.160146170325052
138000	0.160146170325052
139000	0.160146170325052
140000	0.160146170325052
141000	0.160146170325052
142000	0.160146170325052
143000	0.160146170325052
144000	0.160146170325052
145000	0.160146170325052
146000	0.160146170325052
147000	0.160146170325052
148000	0.160146170325052
149000	0.160146170325052
150000	0.160146170325052
151000	0.160146170325052
152000	0.160146170325052
153000	0.160146170325052
154000	0.160146170325052
155000	0.160146170325052
156000	0.160146170325052
157000	0.160146170325052
158000	0.160146170325052
159000	0.160146170325052
160000	0.160146170325052
161000	0.160146170325052
162000	0.160146170325052
163000	0.160146170325052
164000	0.160146170325052
165000	0.160146170325052
166000	0.160146170325052
167000	0.160146170325052
168000	0.160146170325052
169000	0.160146170325052
170000	0.160146170325052
171000	0.160146170325052
172000	0.160146170325052
173000	0.160146170325052
174000	0.160146170325052
175000	0.160146170325052
176000	0.160146170325052
177000	0.160146170325052
178000	0.160146170325052
179000	0.160146170325052
180000	0.160146170325052
181000	0.160146170325052
182000	0.160146170325052
183000	0.160146170325052
184000	0.160146170325052
185000	0.160146170325052
186000	0.160146170325052
187000	0.160146170325052
188000	0.160146170325052
189000	0.160146170325052
190000	0.160146170325052
191000	0.160146170325052
192000	0.160146170325052
193000	0.160146170325052
194000	0.160146170325052
195000	0.160146170325052
196000	0.160146170325052
197000	0.160146170325052
198000	0.160146170325052
199000	0.160146170325052
200000	0.160146170325052
201000	0.160146170325052
202000	0.160146170325052
203000	0.160146170325052
204000	0.160146170325052
205000	0.160146170325052
206000	0.160146170325052
207000	0.160146170325052
208000	0.160146170325052
209000	0.160146170325052
210000	0.160146170325052
211000	0.160146170325052
212000	0.160146170325052
213000	0.160146170325052
214000	0.160146170325052
215000	0.160146170325052
216000	0.160146170325052
217000	0.160146170325052
218000	0.160146170325052
219000	0.160146170325052
220000	0.160146170325052
221000	0.160146170325052
222000	0.160146170325052
223000	0.160146170325052
224000	0.160146170325052
225000	0.160146170325052
226000	0.160146170325052
227000	0.160146170325052
228000	0.160146170325052
229000	0.160146170325052
230000	0.160146170325052
231000	0.160146170325052
232000	0.160146170325052
233000	0.160146170325052
234000	0.160146170325052
235000	0.160146170325052
236000	0.160146170325052
237000	0.160146170325052
238000	0.160146170325052
239000	0.160146170325052
240000	0.160146170325052
241000	0.160146170325052
242000	0.160146170325052
243000	0.160146170325052
244000	0.160146170325052
245000	0.160146170325052
246000	0.160146170325052
247000	0.160146170325052
248000	0.160146170325052
249000	0.160146170325052
250000	0.160146170325052
251000	0.160146170325052
252000	0.160146170325052
253000	0.160146170325052
254000	0.160146170325052
255000	0.160146170325052
256000	0.160146170325052
257000	0.160146170325052
258000	0.160146170325052
259000	0.160146170325052
260000	0.160146170325052
261000	0.160146170325052
262000	0.160146170325052
263000	0.160146170325052
264000	0.160146170325052
265000	0.160146170325052
266000	0.160146170325052
267000	0.160146170325052
268000	0.160146170325052
269000	0.160146170325052
270000	0.160146170325052
271000	0.160146170325052
272000	0.160146170325052
273000	0.160146170325052
274000	0.160146170325052
275000	0.160146170325052
276000	0.160146170325052
277000	0.160146170325052
278000	0.160146170325052
279000	0.160146170325052
280000	0.160146170325052
281000	0.160146170325052
282000	0.160146170325052
283000	0.160146170325052
284000	0.160146170325052
285000	0.160146170325052
286000	0.160146170325052
287000	0.160146170325052
288000	0.160146170325052
289000	0.160146170325052
290000	0.160146170325052
291000	0.160146170325052
292000	0.160146170325052
293000	0.160146170325052
294000	0.160146170325052
295000	0.160146170325052
296000	0.160146170325052
297000	0.160146170325052
298000	0.160146170325052
299000	0.160146170325052
300000	0.160146170325052
301000	0.160146170325052
302000	0.160146170325052
303000	0.160146170325052
304000	0.160146170325052
305000	0.160146170325052
306000	0.160146170325052
307000	0.160146170325052
308000	0.160146170325052
309000	0.160146170325052
310000	0.160146170325052
311000	0.160146170325052
312000	0.160146170325052
313000	0.160146170325052
314000	0.160146170325052
315000	0.160146170325052
316000	0.160146170325052
317000	0.160146170325052
318000	0.160146170325052
319000	0.160146170325052
320000	0.160146170325052
321000	0.160146170325052
322000	0.160146170325052
323000	0.160146170325052
324000	0.160146170325052
325000	0.160146170325052
326000	0.160146170325052
327000	0.160146170325052
328000	0.160146170325052
329000	0.160146170325052
330000	0.160146170325052
331000	0.160146170325052
332000	0.160146170325052
333000	0.160146170325052
334000	0.160146170325052
335000	0.160146170325052
336000	0.160146170325052
337000	0.160146170325052
338000	0.160146170325052
339000	0.160146170325052
340000	0.160146170325052
341000	0.160146170325052
342000	0.160146170325052
343000	0.160146170325052
344000	0.160146170325052
345000	0.160146170325052
346000	0.160146170325052
347000	0.160146170325052
348000	0.160146170325052
349000	0.160146170325052
350000	0.160146170325052
351000	0.160146170325052
352000	0.160146170325052
353000	0.160146170325052
354000	0.160146170325052
355000	0.160146170325052
356000	0.160146170325052
357000	0.160146170325052
358000	0.160146170325052
359000	0.160146170325052
360000	0.160146170325052
361000	0.160146170325052
362000	0.160146170325052
363000	0.160146170325052
364000	0.160146170325052
365000	0.160146170325052
366000	0.160146170325052
367000	0.160146170325052
368000	0.160146170325052
369000	0.160146170325052
370000	0.160146170325052
371000	0.160146170325052
372000	0.160146170325052
373000	0.160146170325052
374000	0.160146170325052
375000	0.160146170325052
376000	0.160146170325052
377000	0.160146170325052
378000	0.160146170325052
379000	0.160146170325052
380000	0.160146170325052
381000	0.160146170325052
382000	0.160146170325052
383000	0.160146170325052
384000	0.160146170325052
385000	0.160146170325052
386000	0.160146170325052
387000	0.160146170325052
388000	0.160146170325052
389000	0.160146170325052
390000	0.160146170325052
391000	0.160146170325052
392000	0.160146170325052
393000	0.160146170325052
394000	0.160146170325052
395000	0.160146170325052
396000	0.160146170325052
397000	0.160146170325052
398000	0.160146170325052
399000	0.160146170325052
400000	0.160146170325052
401000	0.160146170325052
402000	0.160146170325052
403000	0.160146170325052
404000	0.160146170325052
405000	0.160146170325052
406000	0.160146170325052
407000	0.160146170325052
408000	0.160146170325052
409000	0.160146170325052
410000	0.160146170325052
411000	0.160146170325052
412000	0.160146170325052
413000	0.160146170325052
414000	0.160146170325052
415000	0.160146170325052
416000	0.160146170325052
417000	0.160146170325052
418000	0.160146170325052
419000	0.160146170325052
420000	0.160146170325052
421000	0.160146170325052
422000	0.160146170325052
423000	0.160146170325052
424000	0.160146170325052
425000	0.160146170325052
426000	0.160146170325052
427000	0.160146170325052
428000	0.160146170325052
429000	0.160146170325052
430000	0.160146170325052
431000	0.160146170325052
432000	0.160146170325052
433000	0.160146170325052
434000	0.160146170325052
435000	0.160146170325052
436000	0.160146170325052
437000	0.160146170325052
438000	0.160146170325052
439000	0.160146170325052
440000	0.160146170325052
441000	0.160146170325052
442000	0.160146170325052
443000	0.160146170325052
444000	0.160146170325052
445000	0.160146170325052
446000	0.160146170325052
447000	0.160146170325052
448000	0.160146170325052
449000	0.160146170325052
450000	0.160146170325052
451000	0.160146170325052
452000	0.160146170325052
453000	0.160146170325052
454000	0.160146170325052
455000	0.160146170325052
456000	0.160146170325052
457000	0.160146170325052
458000	0.160146170325052
459000	0.160146170325052
460000	0.160146170325052
461000	0.160146170325052
462000	0.160146170325052
463000	0.160146170325052
464000	0.160146170325052
465000	0.160146170325052
466000	0.160146170325052
467000	0.160146170325052
468000	0.160146170325052
469000	0.160146170325052
470000	0.160146170325052
471000	0.160146170325052
472000	0.160146170325052
473000	0.160146170325052
474000	0.160146170325052
475000	0.160146170325052
476000	0.160146170325052
477000	0.160146170325052
478000	0.160146170325052
479000	0.160146170325052
480000	0.160146170325052
481000	0.160146170325052
482000	0.160146170325052
483000	0.160146170325052
484000	0.160146170325052
485000	0.160146170325052
486000	0.160146170325052
487000	0.160146170325052
488000	0.160146170325052
489000	0.160146170325052
490000	0.160146170325052
491000	0.160146170325052
492000	0.160146170325052
493000	0.160146170325052
494000	0.160146170325052
495000	0.160146170325052
496000	0.160146170325052
497000	0.160146170325052
498000	0.160146170325052
499000	0.160146170325052
500000	0.160146170325052
501000	0.160146170325052
502000	0.160146170325052
503000	0.160146170325052
504000	0.160146170325052
505000	0.160146170325052
506000	0.160146170325052
507000	0.160146170325052
508000	0.160146170325052
509000	0.160146170325052
510000	0.160146170325052
511000	0.160146170325052
512000	0.160146170325052
513000	0.160146170325052
514000	0.160146170325052
515000	0.160146170325052
516000	0.160146170325052
517000	0.160146170325052
518000	0.160146170325052
519000	0.160146170325052
520000	0.160146170325052
521000	0.160146170325052
522000	0.160146170325052
523000	0.160146170325052
524000	0.160146170325052
525000	0.160146170325052
526000	0.160146170325052
527000	0.160146170325052
528000	0.160146170325052
529000	0.160146170325052
530000	0.160146170325052
531000	0.160146170325052
532000	0.160146170325052
533000	0.160146170325052
534000	0.160146170325052
535000	0.160146170325052
536000	0.160146170325052
537000	0.160146170325052
538000	0.160146170325052
539000	0.160146170325052
540000	0.160146170325052
541000	0.160146170325052
542000	0.160146170325052
543000	0.160146170325052
544000	0.160146170325052
545000	0.160146170325052
546000	0.160146170325052
547000	0.160146170325052
548000	0.160146170325052
549000	0.160146170325052
550000	0.160146170325052
551000	0.160146170325052
552000	0.160146170325052
553000	0.160146170325052
554000	0.160146170325052
555000	0.160146170325052
556000	0.160146170325052
557000	0.160146170325052
558000	0.160146170325052
559000	0.160146170325052
560000	0.160146170325052
561000	0.160146170325052
562000	0.160146170325052
563000	0.160146170325052
564000	0.160146170325052
565000	0.160146170325052
566000	0.160146170325052
567000	0.160146170325052
568000	0.160146170325052
569000	0.160146170325052
570000	0.160146170325052
571000	0.160146170325052
572000	0.160146170325052
573000	0.160146170325052
574000	0.160146170325052
575000	0.160146170325052
576000	0.160146170325052
577000	0.160146170325052
578000	0.160146170325052
579000	0.160146170325052
580000	0.160146170325052
581000	0.160146170325052
582000	0.160146170325052
583000	0.160146170325052
584000	0.160146170325052
585000	0.160146170325052
586000	0.160146170325052
587000	0.160146170325052
588000	0.160146170325052
589000	0.160146170325052
590000	0.160146170325052
591000	0.160146170325052
592000	0.160146170325052
593000	0.160146170325052
594000	0.160146170325052
595000	0.160146170325052
596000	0.160146170325052
597000	0.160146170325052
598000	0.160146170325052
599000	0.160146170325052
600000	0.160146170325052
601000	0.160146170325052
602000	0.160146170325052
603000	0.160146170325052
604000	0.160146170325052
605000	0.160146170325052
606000	0.160146170325052
607000	0.160146170325052
608000	0.160146170325052
609000	0.160146170325052
610000	0.160146170325052
611000	0.160146170325052
612000	0.160146170325052
613000	0.160146170325052
614000	0.160146170325052
615000	0.160146170325052
616000	0.160146170325052
617000	0.160146170325052
618000	0.160146170325052
619000	0.160146170325052
620000	0.160146170325052
621000	0.160146170325052
622000	0.160146170325052
623000	0.160146170325052
624000	0.160146170325052
625000	0.160146170325052
626000	0.160146170325052
627000	0.160146170325052
628000	0.160146170325052
629000	0.160146170325052
630000	0.160146170325052
631000	0.160146170325052
632000	0.160146170325052
633000	0.160146170325052
634000	0.160146170325052
635000	0.160146170325052
636000	0.160146170325052
637000	0.160146170325052
638000	0.160146170325052
639000	0.160146170325052
640000	0.160146170325052
641000	0.160146170325052
642000	0.160146170325052
643000	0.160146170325052
644000	0.160146170325052
645000	0.160146170325052
646000	0.160146170325052
647000	0.160146170325052
648000	0.160146170325052
649000	0.160146170325052
650000	0.160146170325052
651000	0.160146170325052
652000	0.160146170325052
653000	0.160146170325052
654000	0.160146170325052
655000	0.160146170325052
656000	0.160146170325052
657000	0.160146170325052
658000	0.160146170325052
659000	0.160146170325052
660000	0.160146170325052
661000	0.160146170325052
662000	0.160146170325052
663000	0.160146170325052
664000	0.160146170325052
665000	0.160146170325052
666000	0.160146170325052
667000	0.160146170325052
668000	0.160146170325052
669000	0.160146170325052
670000	0.160146170325052
671000	0.160146170325052
672000	0.160146170325052
673000	0.160146170325052
674000	0.160146170325052
675000	0.160146170325052
676000	0.160146170325052
677000	0.160146170325052
678000	0.160146170325052
679000	0.160146170325052
680000	0.160146170325052
681000	0.160146170325052
682000	0.160146170325052
683000	0.160146170325052
684000	0.160146170325052
685000	0.160146170325052
686000	0.160146170325052
687000	0.160146170325052
688000	0.160146170325052
689000	0.160146170325052
690000	0.160146170325052
691000	0.160146170325052
692000	0.160146170325052
693000	0.160146170325052
694000	0.160146170325052
695000	0.160146170325052
696000	0.160146170325052
697000	0.160146170325052
698000	0.160146170325052
699000	0.160146170325052
700000	0.160146170325052
701000	0.160146170325052
702000	0.160146170325052
703000	0.160146170325052
704000	0.160146170325052
705000	0.160146170325052
706000	0.160146170325052
707000	0.160146170325052
708000	0.160146170325052
709000	0.160146170325052
710000	0.160146170325052
711000	0.160146170325052
712000	0.160146170325052
713000	0.160146170325052
714000	0.160146170325052
715000	0.160146170325052
716000	0.160146170325052
717000	0.160146170325052
718000	0.160146170325052
719000	0.160146170325052
720000	0.160146170325052
721000	0.160146170325052
722000	0.160146170325052
723000	0.160146170325052
724000	0.160146170325052
725000	0.160146170325052
726000	0.160146170325052
727000	0.160146170325052
728000	0.160146170325052
729000	0.160146170325052
730000	0.160146170325052
731000	0.160146170325052
732000	0.160146170325052
733000	0.160146170325052
734000	0.160146170325052
735000	0.160146170325052
736000	0.160146170325052
737000	0.160146170325052
738000	0.160146170325052
739000	0.160146170325052
740000	0.160146170325052
741000	0.160146170325052
742000	0.160146170325052
743000	0.160146170325052
744000	0.160146170325052
745000	0.160146170325052
746000	0.160146170325052
747000	0.160146170325052
748000	0.160146170325052
749000	0.160146170325052
750000	0.160146170325052
751000	0.160146170325052
752000	0.160146170325052
753000	0.160146170325052
754000	0.160146170325052
755000	0.160146170325052
756000	0.160146170325052
757000	0.160146170325052
758000	0.160146170325052
759000	0.160146170325052
760000	0.160146170325052
761000	0.160146170325052
762000	0.160146170325052
763000	0.160146170325052
764000	0.160146170325052
765000	0.160146170325052
766000	0.160146170325052
767000	0.160146170325052
768000	0.160146170325052
769000	0.160146170325052
770000	0.160146170325052
771000	0.160146170325052
772000	0.160146170325052
773000	0.160146170325052
774000	0.160146170325052
775000	0.160146170325052
776000	0.160146170325052
777000	0.160146170325052
778000	0.160146170325052
779000	0.160146170325052
780000	0.160146170325052
781000	0.160146170325052
782000	0.160146170325052
783000	0.160146170325052
784000	0.160146170325052
785000	0.160146170325052
786000	0.160146170325052
787000	0.160146170325052
788000	0.160146170325052
789000	0.160146170325052
790000	0.160146170325052
791000	0.160146170325052
792000	0.160146170325052
793000	0.160146170325052
794000	0.160146170325052
795000	0.160146170325052
796000	0.160146170325052
797000	0.160146170325052
798000	0.160146170325052
799000	0.160146170325052
800000	0.160146170325052
801000	0.160146170325052
802000	0.160146170325052
803000	0.160146170325052
804000	0.160146170325052
805000	0.160146170325052
806000	0.160146170325052
807000	0.160146170325052
808000	0.160146170325052
809000	0.160146170325052
810000	0.160146170325052
811000	0.160146170325052
812000	0.160146170325052
813000	0.160146170325052
814000	0.160146170325052
815000	0.160146170325052
816000	0.160146170325052
817000	0.160146170325052
818000	0.160146170325052
819000	0.160146170325052
820000	0.160146170325052
821000	0.160146170325052
822000	0.160146170325052
823000	0.160146170325052
824000	0.160146170325052
825000	0.160146170325052
826000	0.160146170325052
827000	0.160146170325052
828000	0.160146170325052
829000	0.160146170325052
830000	0.160146170325052
831000	0.160146170325052
832000	0.160146170325052
833000	0.160146170325052
834000	0.160146170325052
835000	0.160146170325052
836000	0.160146170325052
837000	0.160146170325052
838000	0.160146170325052
839000	0.160146170325052
840000	0.160146170325052
841000	0.160146170325052
842000	0.160146170325052
843000	0.160146170325052
844000	0.160146170325052
845000	0.160146170325052
846000	0.160146170325052
847000	0.160146170325052
848000	0.160146170325052
849000	0.160146170325052
850000	0.160146170325052
851000	0.160146170325052
852000	0.160146170325052
853000	0.160146170325052
854000	0.160146170325052
855000	0.160146170325052
856000	0.160146170325052
857000	0.160146170325052
858000	0.160146170325052
859000	0.160146170325052
860000	0.160146170325052
861000	0.160146170325052
862000	0.160146170325052
863000	0.160146170325052
864000	0.160146170325052
865000	0.160146170325052
866000	0.160146170325052
867000	0.160146170325052
868000	0.160146170325052
869000	0.160146170325052
870000	0.160146170325052
871000	0.160146170325052
872000	0.160146170325052
873000	0.160146170325052
874000	0.160146170325052
875000	0.160146170325052
876000	0.160146170325052
877000	0.160146170325052
878000	0.160146170325052
879000	0.160146170325052
880000	0.160146170325052
881000	0.160146170325052
882000	0.160146170325052
883000	0.160146170325052
884000	0.160146170325052
885000	0.160146170325052
886000	0.160146170325052
887000	0.160146170325052
888000	0.160146170325052
889000	0.160146170325052
890000	0.160146170325052
891000	0.160146170325052
892000	0.160146170325052
893000	0.160146170325052
894000	0.160146170325052
895000	0.160146170325052
896000	0.160146170325052
897000	0.160146170325052
898000	0.160146170325052
899000	0.160146170325052
900000	0.160146170325052
901000	0.160146170325052
902000	0.160146170325052
903000	0.160146170325052
904000	0.160146170325052
905000	0.160146170325052
906000	0.160146170325052
907000	0.160146170325052
908000	0.160146170325052
909000	0.160146170325052
910000	0.160146170325052
911000	0.160146170325052
912000	0.160146170325052
913000	0.160146170325052
914000	0.160146170325052
915000	0.160146170325052
916000	0.160146170325052
917000	0.160146170325052
918000	0.160146170325052
919000	0.160146170325052
920000	0.160146170325052
921000	0.160146170325052
922000	0.160146170325052
923000	0.160146170325052
924000	0.160146170325052
925000	0.160146170325052
926000	0.160146170325052
927000	0.160146170325052
928000	0.160146170325052
929000	0.160146170325052
930000	0.160146170325052
931000	0.160146170325052
932000	0.160146170325052
933000	0.160146170325052
934000	0.160146170325052
935000	0.160146170325052
936000	0.160146170325052
937000	0.160146170325052
938000	0.160146170325052
939000	0.160146170325052
940000	0.160146170325052
941000	0.160146170325052
942000	0.160146170325052
943000	0.160146170325052
944000	0.160146170325052
945000	0.160146170325052
946000	0.160146170325052
947000	0.160146170325052
948000	0.160146170325052
949000	0.160146170325052
950000	0.160146170325052
951000	0.160146170325052
952000	0.160146170325052
953000	0.160146170325052
954000	0.160146170325052
955000	0.160146170325052
956000	0.160146170325052
957000	0.160146170325052
958000	0.160146170325052
959000	0.160146170325052
960000	0.160146170325052
961000	0.160146170325052
962000	0.160146170325052
963000	0.160146170325052
964000	0.160146170325052
965000	0.160146170325052
966000	0.160146170325052
967000	0.160146170325052
968000	0.160146170325052
969000	0.160146170325052
970000	0.160146170325052
971000	0.160146170325052
972000	0.160146170325052
973000	0.160146170325052
974000	0.160146170325052
975000	0.160146170325052
976000	0.160146170325052
977000	0.160146170325052
978000	0.160146170325052
979000	0.160146170325052
980000	0.160146170325052
981000	0.160146170325052
982000	0.160146170325052
983000	0.160146170325052
984000	0.160146170325052
985000	0.160146170325052
986000	0.160146170325052
987000	0.160146170325052
988000	0.160146170325052
989000	0.160146170325052
990000	0.160146170325052
991000	0.160146170325052
992000	0.160146170325052
993000	0.160146170325052
994000	0.160146170325052
995000	0.160146170325052
996000	0.160146170325052
997000	0.160146170325052
998000	0.160146170325052
999000	0.160146170325052
