0	0.130000002617889
1000	0.130002389758472
2000	0.130004369206357
3000	0.130006010590241
4000	0.130007371647111
5000	0.130008500253203
6000	0.130009436108102
7000	0.13001021213121
8000	0.13001085561972
9000	0.130011389208813
10000	0.130011831667877
11000	0.130012198560731
12000	0.130012502793095
13000	0.13001275506656
14000	0.130012964255027
15000	0.130013137716849
16000	0.130013281553668
17000	0.130013400825047
18000	0.13001349972644
19000	0.130013581736773
20000	0.130013649740819
21000	0.130013706130666
22000	0.130013752889869
23000	0.130013791663213
24000	0.13001382381458
25000	0.130013850474916
26000	0.130013872582016
27000	0.130013890913514
28000	0.130013906114233
29000	0.130013918718869
30000	0.130013929170799
31000	0.130013937837676
32000	0.130013945024364
33000	0.130013950983661
34000	0.130013955925188
35000	0.130013960022767
36000	0.130013963420534
37000	0.130013966238007
38000	0.130013968574292
39000	0.130013970511571
40000	0.130013972117987
41000	0.130013973450049
42000	0.130013974554612
43000	0.130013975470531
44000	0.130013976230022
45000	0.130013976859802
46000	0.130013977382024
47000	0.130013977815058
48000	0.130013978174134
49000	0.130013978471886
50000	0.130013978718785
51000	0.130013978923517
52000	0.130013979093284
53000	0.130013979234057
54000	0.130013979350788
55000	0.130013979447582
56000	0.130013979527845
57000	0.130013979594401
58000	0.130013979649589
59000	0.130013979695352
60000	0.1300139797333
61000	0.130013979764766
62000	0.130013979790859
63000	0.130013979812495
64000	0.130013979830436
65000	0.130013979845313
66000	0.130013979857649
67000	0.130013979867878
68000	0.130013979876361
69000	0.130013979883394
70000	0.130013979889226
71000	0.130013979894063
72000	0.130013979898073
73000	0.130013979901398
74000	0.130013979904156
75000	0.130013979906442
76000	0.130013979908338
77000	0.130013979909911
78000	0.130013979911214
79000	0.130013979912295
80000	0.130013979913192
81000	0.130013979913935
82000	0.130013979914551
83000	0.130013979915062
84000	0.130013979915485
85000	0.130013979915838
86000	0.130013979916129
87000	0.130013979916369
88000	0.130013979916571
89000	0.130013979916737
90000	0.130013979916876
91000	0.130013979916987
92000	0.13001397991708
93000	0.130013979917163
94000	0.130013979917222
95000	0.130013979917278
96000	0.130013979917327
97000	0.130013979917355
98000	0.130013979917383
99000	0.130013979917411
100000	0.130013979917438
101000	0.130013979917466
102000	0.13001397991747
103000	0.13001397991747
104000	0.13001397991747
105000	0.13001397991747
106000	0.13001397991747
107000	0.13001397991747
108000	0.13001397991747
109000	0.13001397991747
110000	0.13001397991747
111000	0.13001397991747
112000	0.13001397991747
113000	0.13001397991747
114000	0.13001397991747
115000	0.13001397991747
116000	0.13001397991747
117000	0.13001397991747
118000	0.13001397991747
119000	0.13001397991747
120000	0.13001397991747
121000	0.13001397991747
122000	0.13001397991747
123000	0.13001397991747
124000	0.13001397991747
125000	0.13001397991747
126000	0.13001397991747
127000	0.13001397991747
128000	0.13001397991747
129000	0.13001397991747
130000	0.13001397991747
131000	0.13001397991747
132000	0.13001397991747
133000	0.13001397991747
134000	0.13001397991747
135000	0.13001397991747
136000	0.13001397991747
137000	0.13001397991747
138000	0.13001397991747
139000	0.13001397991747
140000	0.13001397991747
141000	0.13001397991747
142000	0.13001397991747
143000	0.13001397991747
144000	0.13001397991747
145000	0.13001397991747
146000	0.13001397991747
147000	0.13001397991747
148000	0.13001397991747
149000	0.13001397991747
150000	0.13001397991747
151000	0.13001397991747
152000	0.13001397991747
153000	0.13001397991747
154000	0.13001397991747
155000	0.13001397991747
156000	0.13001397991747
157000	0.13001397991747
158000	0.13001397991747
159000	0.13001397991747
160000	0.13001397991747
161000	0.13001397991747
162000	0.13001397991747
163000	0.13001397991747
164000	0.13001397991747
165000	0.13001397991747
166000	0.13001397991747
167000	0.13001397991747
168000	0.13001397991747
169000	0.13001397991747
170000	0.13001397991747
171000	0.13001397991747
172000	0.13001397991747
173000	0.13001397991747
174000	0.13001397991747
175000	0.13001397991747
176000	0.13001397991747
177000	0.13001397991747
178000	0.13001397991747
179000	0.13001397991747
180000	0.13001397991747
181000	0.13001397991747
182000	0.13001397991747
183000	0.13001397991747
184000	0.13001397991747
185000	0.13001397991747
186000	0.13001397991747
187000	0.13001397991747
188000	0.13001397991747
189000	0.13001397991747
190000	0.13001397991747
191000	0.13001397991747
192000	0.13001397991747
193000	0.13001397991747
194000	0.13001397991747
195000	0.13001397991747
196000	0.13001397991747
197000	0.13001397991747
198000	0.13001397991747
199000	0.13001397991747
200000	0.13001397991747
201000	0.13001397991747
202000	0.13001397991747
203000	0.13001397991747
204000	0.13001397991747
205000	0.13001397991747
206000	0.13001397991747
207000	0.13001397991747
208000	0.13001397991747
209000	0.13001397991747
210000	0.13001397991747
211000	0.13001397991747
212000	0.13001397991747
213000	0.13001397991747
214000	0.13001397991747
215000	0.13001397991747
216000	0.13001397991747
217000	0.13001397991747
218000	0.13001397991747
219000	0.13001397991747
220000	0.13001397991747
221000	0.13001397991747
222000	0.13001397991747
223000	0.13001397991747
224000	0.13001397991747
225000	0.13001397991747
226000	0.13001397991747
227000	0.13001397991747
228000	0.13001397991747
229000	0.13001397991747
230000	0.13001397991747
231000	0.13001397991747
232000	0.13001397991747
233000	0.13001397991747
234000	0.13001397991747
235000	0.13001397991747
236000	0.13001397991747
237000	0.13001397991747
238000	0.13001397991747
239000	0.13001397991747
240000	0.13001397991747
241000	0.13001397991747
242000	0.13001397991747
243000	0.13001397991747
244000	0.13001397991747
245000	0.13001397991747
246000	0.13001397991747
247000	0.13001397991747
248000	0.13001397991747
249000	0.13001397991747
250000	0.13001397991747
251000	0.13001397991747
252000	0.13001397991747
253000	0.13001397991747
254000	0.13001397991747
255000	0.13001397991747
256000	0.13001397991747
257000	0.13001397991747
258000	0.13001397991747
259000	0.13001397991747
260000	0.13001397991747
261000	0.13001397991747
262000	0.13001397991747
263000	0.13001397991747
264000	0.13001397991747
265000	0.13001397991747
266000	0.13001397991747
267000	0.13001397991747
268000	0.13001397991747
269000	0.13001397991747
270000	0.13001397991747
271000	0.13001397991747
272000	0.13001397991747
273000	0.13001397991747
274000	0.13001397991747
275000	0.13001397991747
276000	0.13001397991747
277000	0.13001397991747
278000	0.13001397991747
279000	0.13001397991747
280000	0.13001397991747
281000	0.13001397991747
282000	0.13001397991747
283000	0.13001397991747
284000	0.13001397991747
285000	0.13001397991747
286000	0.13001397991747
287000	0.13001397991747
288000	0.13001397991747
289000	0.13001397991747
290000	0.13001397991747
291000	0.13001397991747
292000	0.13001397991747
293000	0.13001397991747
294000	0.13001397991747
295000	0.13001397991747
296000	0.13001397991747
297000	0.13001397991747
298000	0.13001397991747
299000	0.13001397991747
300000	0.13001397991747
301000	0.13001397991747
302000	0.13001397991747
303000	0.13001397991747
304000	0.13001397991747
305000	0.13001397991747
306000	0.13001397991747
307000	0.13001397991747
308000	0.13001397991747
309000	0.13001397991747
310000	0.13001397991747
311000	0.13001397991747
312000	0.13001397991747
313000	0.13001397991747
314000	0.13001397991747
315000	0.13001397991747
316000	0.13001397991747
317000	0.13001397991747
318000	0.13001397991747
319000	0.13001397991747
320000	0.13001397991747
321000	0.13001397991747
322000	0.13001397991747
323000	0.13001397991747
324000	0.13001397991747
325000	0.13001397991747
326000	0.13001397991747
327000	0.13001397991747
328000	0.13001397991747
329000	0.13001397991747
330000	0.13001397991747
331000	0.13001397991747
332000	0.13001397991747
333000	0.13001397991747
334000	0.13001397991747
335000	0.13001397991747
336000	0.13001397991747
337000	0.13001397991747
338000	0.13001397991747
339000	0.13001397991747
340000	0.13001397991747
341000	0.13001397991747
342000	0.13001397991747
343000	0.13001397991747
344000	0.13001397991747
345000	0.13001397991747
346000	0.13001397991747
347000	0.13001397991747
348000	0.13001397991747
349000	0.13001397991747
350000	0.13001397991747
351000	0.13001397991747
352000	0.13001397991747
353000	0.13001397991747
354000	0.13001397991747
355000	0.13001397991747
356000	0.13001397991747
357000	0.13001397991747
358000	0.13001397991747
359000	0.13001397991747
360000	0.13001397991747
361000	0.13001397991747
362000	0.13001397991747
363000	0.13001397991747
364000	0.13001397991747
365000	0.13001397991747
366000	0.13001397991747
367000	0.13001397991747
368000	0.13001397991747
369000	0.13001397991747
370000	0.13001397991747
371000	0.13001397991747
372000	0.13001397991747
373000	0.13001397991747
374000	0.13001397991747
375000	0.13001397991747
376000	0.13001397991747
377000	0.13001397991747
378000	0.13001397991747
379000	0.13001397991747
380000	0.13001397991747
381000	0.13001397991747
382000	0.13001397991747
383000	0.13001397991747
384000	0.13001397991747
385000	0.13001397991747
386000	0.13001397991747
387000	0.13001397991747
388000	0.13001397991747
389000	0.13001397991747
390000	0.13001397991747
391000	0.13001397991747
392000	0.13001397991747
393000	0.13001397991747
394000	0.13001397991747
395000	0.13001397991747
396000	0.13001397991747
397000	0.13001397991747
398000	0.13001397991747
399000	0.13001397991747
400000	0.13001397991747
401000	0.13001397991747
402000	0.13001397991747
403000	0.13001397991747
404000	0.13001397991747
405000	0.13001397991747
406000	0.13001397991747
407000	0.13001397991747
408000	0.13001397991747
409000	0.13001397991747
410000	0.13001397991747
411000	0.13001397991747
412000	0.13001397991747
413000	0.13001397991747
414000	0.13001397991747
415000	0.13001397991747
416000	0.13001397991747
417000	0.13001397991747
418000	0.13001397991747
419000	0.13001397991747
420000	0.13001397991747
421000	0.13001397991747
422000	0.13001397991747
423000	0.13001397991747
424000	0.13001397991747
425000	0.13001397991747
426000	0.13001397991747
427000	0.13001397991747
428000	0.13001397991747
429000	0.13001397991747
430000	0.13001397991747
431000	0.13001397991747
432000	0.13001397991747
433000	0.13001397991747
434000	0.13001397991747
435000	0.13001397991747
436000	0.13001397991747
437000	0.13001397991747
438000	0.13001397991747
439000	0.13001397991747
440000	0.13001397991747
441000	0.13001397991747
442000	0.13001397991747
443000	0.13001397991747
444000	0.13001397991747
445000	0.13001397991747
446000	0.13001397991747
447000	0.13001397991747
448000	0.13001397991747
449000	0.13001397991747
450000	0.13001397991747
451000	0.13001397991747
452000	0.13001397991747
453000	0.13001397991747
454000	0.13001397991747
455000	0.13001397991747
456000	0.13001397991747
457000	0.13001397991747
458000	0.13001397991747
459000	0.13001397991747
460000	0.13001397991747
461000	0.13001397991747
462000	0.13001397991747
463000	0.13001397991747
464000	0.13001397991747
465000	0.13001397991747
466000	0.13001397991747
467000	0.13001397991747
468000	0.13001397991747
469000	0.13001397991747
470000	0.13001397991747
471000	0.13001397991747
472000	0.13001397991747
473000	0.13001397991747
474000	0.13001397991747
475000	0.13001397991747
476000	0.13001397991747
477000	0.13001397991747
478000	0.13001397991747
479000	0.13001397991747
480000	0.13001397991747
481000	0.13001397991747
482000	0.13001397991747
483000	0.13001397991747
484000	0.13001397991747
485000	0.13001397991747
486000	0.13001397991747
487000	0.13001397991747
488000	0.13001397991747
489000	0.13001397991747
490000	0.13001397991747
491000	0.13001397991747
492000	0.13001397991747
493000	0.13001397991747
494000	0.13001397991747
495000	0.13001397991747
496000	0.13001397991747
497000	0.13001397991747
498000	0.13001397991747
499000	0.13001397991747
500000	0.13001397991747
501000	0.13001397991747
502000	0.13001397991747
503000	0.13001397991747
504000	0.13001397991747
505000	0.13001397991747
506000	0.13001397991747
507000	0.13001397991747
508000	0.13001397991747
509000	0.13001397991747
510000	0.13001397991747
511000	0.13001397991747
512000	0.13001397991747
513000	0.13001397991747
514000	0.13001397991747
515000	0.13001397991747
516000	0.13001397991747
517000	0.13001397991747
518000	0.13001397991747
519000	0.13001397991747
520000	0.13001397991747
521000	0.13001397991747
522000	0.13001397991747
523000	0.13001397991747
524000	0.13001397991747
525000	0.13001397991747
526000	0.13001397991747
527000	0.13001397991747
528000	0.13001397991747
529000	0.13001397991747
530000	0.13001397991747
531000	0.13001397991747
532000	0.13001397991747
533000	0.13001397991747
534000	0.13001397991747
535000	0.13001397991747
536000	0.13001397991747
537000	0.13001397991747
538000	0.13001397991747
539000	0.13001397991747
540000	0.13001397991747
541000	0.13001397991747
542000	0.13001397991747
543000	0.13001397991747
544000	0.13001397991747
545000	0.13001397991747
546000	0.13001397991747
547000	0.13001397991747
548000	0.13001397991747
549000	0.13001397991747
550000	0.13001397991747
551000	0.13001397991747
552000	0.13001397991747
553000	0.13001397991747
554000	0.13001397991747
555000	0.13001397991747
556000	0.13001397991747
557000	0.13001397991747
558000	0.13001397991747
559000	0.13001397991747
560000	0.13001397991747
561000	0.13001397991747
562000	0.13001397991747
563000	0.13001397991747
564000	0.13001397991747
565000	0.13001397991747
566000	0.13001397991747
567000	0.13001397991747
568000	0.13001397991747
569000	0.13001397991747
570000	0.13001397991747
571000	0.13001397991747
572000	0.13001397991747
573000	0.13001397991747
574000	0.13001397991747
575000	0.13001397991747
576000	0.13001397991747
577000	0.13001397991747
578000	0.13001397991747
579000	0.13001397991747
580000	0.13001397991747
581000	0.13001397991747
582000	0.13001397991747
583000	0.13001397991747
584000	0.13001397991747
585000	0.13001397991747
586000	0.13001397991747
587000	0.13001397991747
588000	0.13001397991747
589000	0.13001397991747
590000	0.13001397991747
591000	0.13001397991747
592000	0.13001397991747
593000	0.13001397991747
594000	0.13001397991747
595000	0.13001397991747
596000	0.13001397991747
597000	0.13001397991747
598000	0.13001397991747
599000	0.13001397991747
600000	0.13001397991747
601000	0.13001397991747
602000	0.13001397991747
603000	0.13001397991747
604000	0.13001397991747
605000	0.13001397991747
606000	0.13001397991747
607000	0.13001397991747
608000	0.13001397991747
609000	0.13001397991747
610000	0.13001397991747
611000	0.13001397991747
612000	0.13001397991747
613000	0.13001397991747
614000	0.13001397991747
615000	0.13001397991747
616000	0.13001397991747
617000	0.13001397991747
618000	0.13001397991747
619000	0.13001397991747
620000	0.13001397991747
621000	0.13001397991747
622000	0.13001397991747
623000	0.13001397991747
624000	0.13001397991747
625000	0.13001397991747
626000	0.13001397991747
627000	0.13001397991747
628000	0.13001397991747
629000	0.13001397991747
630000	0.13001397991747
631000	0.13001397991747
632000	0.13001397991747
633000	0.13001397991747
634000	0.13001397991747
635000	0.13001397991747
636000	0.13001397991747
637000	0.13001397991747
638000	0.13001397991747
639000	0.13001397991747
640000	0.13001397991747
641000	0.13001397991747
642000	0.13001397991747
643000	0.13001397991747
644000	0.13001397991747
645000	0.13001397991747
646000	0.13001397991747
647000	0.13001397991747
648000	0.13001397991747
649000	0.13001397991747
650000	0.13001397991747
651000	0.13001397991747
652000	0.13001397991747
653000	0.13001397991747
654000	0.13001397991747
655000	0.13001397991747
656000	0.13001397991747
657000	0.13001397991747
658000	0.13001397991747
659000	0.13001397991747
660000	0.13001397991747
661000	0.13001397991747
662000	0.13001397991747
663000	0.13001397991747
664000	0.13001397991747
665000	0.13001397991747
666000	0.13001397991747
667000	0.13001397991747
668000	0.13001397991747
669000	0.13001397991747
670000	0.13001397991747
671000	0.13001397991747
672000	0.13001397991747
673000	0.13001397991747
674000	0.13001397991747
675000	0.13001397991747
676000	0.13001397991747
677000	0.13001397991747
678000	0.13001397991747
679000	0.13001397991747
680000	0.13001397991747
681000	0.13001397991747
682000	0.13001397991747
683000	0.13001397991747
684000	0.13001397991747
685000	0.13001397991747
686000	0.13001397991747
687000	0.13001397991747
688000	0.13001397991747
689000	0.13001397991747
690000	0.13001397991747
691000	0.13001397991747
692000	0.13001397991747
693000	0.13001397991747
694000	0.13001397991747
695000	0.13001397991747
696000	0.13001397991747
697000	0.13001397991747
698000	0.13001397991747
699000	0.13001397991747
700000	0.13001397991747
701000	0.13001397991747
702000	0.13001397991747
703000	0.13001397991747
704000	0.13001397991747
705000	0.13001397991747
706000	0.13001397991747
707000	0.13001397991747
708000	0.13001397991747
709000	0.13001397991747
710000	0.13001397991747
711000	0.13001397991747
712000	0.13001397991747
713000	0.13001397991747
714000	0.13001397991747
715000	0.13001397991747
716000	0.13001397991747
717000	0.13001397991747
718000	0.13001397991747
719000	0.13001397991747
720000	0.13001397991747
721000	0.13001397991747
722000	0.13001397991747
723000	0.13001397991747
724000	0.13001397991747
725000	0.13001397991747
726000	0.13001397991747
727000	0.13001397991747
728000	0.13001397991747
729000	0.13001397991747
730000	0.13001397991747
731000	0.13001397991747
732000	0.13001397991747
733000	0.13001397991747
734000	0.13001397991747
735000	0.13001397991747
736000	0.13001397991747
737000	0.13001397991747
738000	0.13001397991747
739000	0.13001397991747
740000	0.13001397991747
741000	0.13001397991747
742000	0.13001397991747
743000	0.13001397991747
744000	0.13001397991747
745000	0.13001397991747
746000	0.13001397991747
747000	0.13001397991747
748000	0.13001397991747
749000	0.13001397991747
750000	0.13001397991747
751000	0.13001397991747
752000	0.13001397991747
753000	0.13001397991747
754000	0.13001397991747
755000	0.13001397991747
756000	0.13001397991747
757000	0.13001397991747
758000	0.13001397991747
759000	0.13001397991747
760000	0.13001397991747
761000	0.13001397991747
762000	0.13001397991747
763000	0.13001397991747
764000	0.13001397991747
765000	0.13001397991747
766000	0.13001397991747
767000	0.13001397991747
768000	0.13001397991747
769000	0.13001397991747
770000	0.13001397991747
771000	0.13001397991747
772000	0.13001397991747
773000	0.13001397991747
774000	0.13001397991747
775000	0.13001397991747
776000	0.13001397991747
777000	0.13001397991747
778000	0.13001397991747
779000	0.13001397991747
780000	0.13001397991747
781000	0.13001397991747
782000	0.13001397991747
783000	0.13001397991747
784000	0.13001397991747
785000	0.13001397991747
786000	0.13001397991747
787000	0.13001397991747
788000	0.13001397991747
789000	0.13001397991747
790000	0.13001397991747
791000	0.13001397991747
792000	0.13001397991747
793000	0.13001397991747
794000	0.13001397991747
795000	0.13001397991747
796000	0.13001397991747
797000	0.13001397991747
798000	0.13001397991747
799000	0.13001397991747
800000	0.13001397991747
801000	0.13001397991747
802000	0.13001397991747
803000	0.13001397991747
804000	0.13001397991747
805000	0.13001397991747
806000	0.13001397991747
807000	0.13001397991747
808000	0.13001397991747
809000	0.13001397991747
810000	0.13001397991747
811000	0.13001397991747
812000	0.13001397991747
813000	0.13001397991747
814000	0.13001397991747
815000	0.13001397991747
816000	0.13001397991747
817000	0.13001397991747
818000	0.13001397991747
819000	0.13001397991747
820000	0.13001397991747
821000	0.13001397991747
822000	0.13001397991747
823000	0.13001397991747
824000	0.13001397991747
825000	0.13001397991747
826000	0.13001397991747
827000	0.13001397991747
828000	0.13001397991747
829000	0.13001397991747
830000	0.13001397991747
831000	0.13001397991747
832000	0.13001397991747
833000	0.13001397991747
834000	0.13001397991747
835000	0.13001397991747
836000	0.13001397991747
837000	0.13001397991747
838000	0.13001397991747
839000	0.13001397991747
840000	0.13001397991747
841000	0.13001397991747
842000	0.13001397991747
843000	0.13001397991747
844000	0.13001397991747
845000	0.13001397991747
846000	0.13001397991747
847000	0.13001397991747
848000	0.13001397991747
849000	0.13001397991747
850000	0.13001397991747
851000	0.13001397991747
852000	0.13001397991747
853000	0.13001397991747
854000	0.13001397991747
855000	0.13001397991747
856000	0.13001397991747
857000	0.13001397991747
858000	0.13001397991747
859000	0.13001397991747
860000	0.13001397991747
861000	0.13001397991747
862000	0.13001397991747
863000	0.13001397991747
864000	0.13001397991747
865000	0.13001397991747
866000	0.13001397991747
867000	0.13001397991747
868000	0.13001397991747
869000	0.13001397991747
870000	0.13001397991747
871000	0.13001397991747
872000	0.13001397991747
873000	0.13001397991747
874000	0.13001397991747
875000	0.13001397991747
876000	0.13001397991747
877000	0.13001397991747
878000	0.13001397991747
879000	0.13001397991747
880000	0.13001397991747
881000	0.13001397991747
882000	0.13001397991747
883000	0.13001397991747
884000	0.13001397991747
885000	0.13001397991747
886000	0.13001397991747
887000	0.13001397991747
888000	0.13001397991747
889000	0.13001397991747
890000	0.13001397991747
891000	0.13001397991747
892000	0.13001397991747
893000	0.13001397991747
894000	0.13001397991747
895000	0.13001397991747
896000	0.13001397991747
897000	0.13001397991747
898000	0.13001397991747
899000	0.13001397991747
900000	0.13001397991747
901000	0.13001397991747
902000	0.13001397991747
903000	0.13001397991747
904000	0.13001397991747
905000	0.13001397991747
906000	0.13001397991747
907000	0.13001397991747
908000	0.13001397991747
909000	0.13001397991747
910000	0.13001397991747
911000	0.13001397991747
912000	0.13001397991747
913000	0.13001397991747
914000	0.13001397991747
915000	0.13001397991747
916000	0.13001397991747
917000	0.13001397991747
918000	0.13001397991747
919000	0.13001397991747
920000	0.13001397991747
921000	0.13001397991747
922000	0.13001397991747
923000	0.13001397991747
924000	0.13001397991747
925000	0.13001397991747
926000	0.13001397991747
927000	0.13001397991747
928000	0.13001397991747
929000	0.13001397991747
930000	0.13001397991747
931000	0.13001397991747
932000	0.13001397991747
933000	0.13001397991747
934000	0.13001397991747
935000	0.13001397991747
936000	0.13001397991747
937000	0.13001397991747
938000	0.13001397991747
939000	0.13001397991747
940000	0.13001397991747
941000	0.13001397991747
942000	0.13001397991747
943000	0.13001397991747
944000	0.13001397991747
945000	0.13001397991747
946000	0.13001397991747
947000	0.13001397991747
948000	0.13001397991747
949000	0.13001397991747
950000	0.13001397991747
951000	0.13001397991747
952000	0.13001397991747
953000	0.13001397991747
954000	0.13001397991747
955000	0.13001397991747
956000	0.13001397991747
957000	0.13001397991747
958000	0.13001397991747
959000	0.13001397991747
960000	0.13001397991747
961000	0.13001397991747
962000	0.13001397991747
963000	0.13001397991747
964000	0.13001397991747
965000	0.13001397991747
966000	0.13001397991747
967000	0.13001397991747
968000	0.13001397991747
969000	0.13001397991747
970000	0.13001397991747
971000	0.13001397991747
972000	0.13001397991747
973000	0.13001397991747
974000	0.13001397991747
975000	0.13001397991747
976000	0.13001397991747
977000	0.13001397991747
978000	0.13001397991747
979000	0.13001397991747
980000	0.13001397991747
981000	0.13001397991747
982000	0.13001397991747
983000	0.13001397991747
984000	0.13001397991747
985000	0.13001397991747
986000	0.13001397991747
987000	0.13001397991747
988000	0.13001397991747
989000	0.13001397991747
990000	0.13001397991747
991000	0.13001397991747
992000	0.13001397991747
993000	0.13001397991747
994000	0.13001397991747
995000	0.13001397991747
996000	0.13001397991747
997000	0.13001397991747
998000	0.13001397991747
999000	0.13001397991747
