0	0.261552621316571
1000	0.264039625909198
2000	0.266283258282538
3000	0.268316187905849
4000	0.270165703119901
5000	0.271854735004984
6000	0.273402664928465
7000	0.274825965032055
8000	0.276138709142268
9000	0.277352982683768
10000	0.2784792134576
11000	0.279526440076161
12000	0.280502531012277
13000	0.281414364310808
14000	0.282267975795533
15000	0.283068681909257
16000	0.283821182022306
17000	0.284529644038347
18000	0.285197776345316
19000	0.285828888549771
20000	0.286425942955029
21000	0.286991598366801
22000	0.287528247511743
23000	0.288038049116971
24000	0.288522955508815
25000	0.288984736436645
26000	0.289424999704669
27000	0.289845209094959
28000	0.290246699983886
29000	0.290630692987971
30000	0.290998305920786
31000	0.291350564297895
32000	0.291688410589817
33000	0.292012712392385
34000	0.292324269658376
35000	0.292623821112984
36000	0.292912049957887
37000	0.293189588953653
38000	0.293457024957634
39000	0.293714902983768
40000	0.293963729841709
41000	0.294203977404966
42000	0.294436085551191
43000	0.294660464812149
44000	0.294877498766083
45000	0.295087546201084
46000	0.295290943074494
47000	0.295488004290334
48000	0.295679025314065
49000	0.295864283641716
50000	0.296044040138406
51000	0.296218540259538
52000	0.296388015166452
53000	0.296552682746973
54000	0.29671274855014
55000	0.296868406643392
56000	0.297019840399579
57000	0.297167223220374
58000	0.297310719202009
59000	0.297450483748571
60000	0.297586664137624
61000	0.297719400042407
62000	0.297848824014419
63000	0.297975061929859
64000	0.298098233403013
65000	0.298218452169423
66000	0.298335826441341
67000	0.298450459237805
68000	0.298562448691401
69000	0.298671888333603
70000	0.298778867360422
71000	0.298883470879918
72000	0.298985780143001
73000	0.299085872758819
74000	0.299183822895919
75000	0.29927970147026
76000	0.299373576321066
77000	0.29946551237543
78000	0.29955557180249
79000	0.299643814157945
80000	0.299730296519599
81000	0.299815073614586
82000	0.299898197938852
83000	0.299979719869447
84000	0.30005968777012
85000	0.300138148090678
86000	0.300215145460532
87000	0.300290722776834
88000	0.300364921287542
89000	0.300437780669771
90000	0.30050933910373
91000	0.300579633342531
92000	0.30064869877814
93000	0.300716569503708
94000	0.300783278372523
95000	0.300848857053781
96000	0.300913336085387
97000	0.300976744923958
98000	0.301039111992206
99000	0.301100464723855
100000	0.301160829606245
101000	0.301220232220754
102000	0.301278697281171
103000	0.301336248670146
104000	0.301392909473812
105000	0.301448702014702
106000	0.301503647883044
107000	0.301557767966545
108000	0.30161108247872
109000	0.301663610985881
110000	0.301715372432826
111000	0.301766385167335
112000	0.3018166669635
113000	0.301866235043988
114000	0.301915106101271
115000	0.30196329631788
116000	0.302010821385753
117000	0.302057696524693
118000	0.302103936500018
119000	0.302149555639415
120000	0.302194567849058
121000	0.302238986629015
122000	0.302282825087994
123000	0.30232609595744
124000	0.302368811605044
125000	0.30241098404766
126000	0.302452624963695
127000	0.302493745704962
128000	0.302534357308051
129000	0.302574470505224
130000	0.302614095734865
131000	0.302653243151503
132000	0.302691922635423
133000	0.302730143801901
134000	0.302767916010061
135000	0.302805248371384
136000	0.302842149757875
137000	0.302878628809919
138000	0.302914693943824
139000	0.302950353359073
140000	0.302985615045301
141000	0.303020486788999
142000	0.303054976179965
143000	0.303089090617519
144000	0.303122837316471
145000	0.30315622331288
146000	0.30318925546959
147000	0.303221940481568
148000	0.303254284881042
149000	0.303286295042458
150000	0.303317977187248
151000	0.303349337388436
152000	0.303380381575081
153000	0.303411115536546
154000	0.303441544926637
155000	0.303471675267582
156000	0.303501511953877
157000	0.303531060256
158000	0.303560325323988
159000	0.303589312190905
160000	0.303618025776178
161000	0.303646470888832
162000	0.303674652230606
163000	0.303702574398969
164000	0.303730241890033
165000	0.303757659101379
166000	0.303784830334768
167000	0.303811759798794
168000	0.303838451611417
169000	0.303864909802443
170000	0.303891138315904
171000	0.303917141012369
172000	0.303942921671186
173000	0.303968483992639
174000	0.303993831600056
175000	0.304018968041832
176000	0.304043896793402
177000	0.304068621259143
178000	0.304093144774227
179000	0.304117470606408
180000	0.30414160195776
181000	0.304165541966358
182000	0.304189293707914
183000	0.304212860197357
184000	0.304236244390369
185000	0.304259449184874
186000	0.304282477422483
187000	0.304305331889903
188000	0.304328015320287
189000	0.304350530394564
190000	0.304372879742724
191000	0.304395065945051
192000	0.304417091533353
193000	0.304438958992117
194000	0.304460670759666
195000	0.304482229229261
196000	0.30450363675018
197000	0.304524895628769
198000	0.304546008129454
199000	0.304566976475738
200000	0.30458780285116
201000	0.304608489400229
202000	0.304629038229341
203000	0.304649451407658
204000	0.30466973096797
205000	0.30468987890754
206000	0.30470989718891
207000	0.3047297877407
208000	0.304749552458379
209000	0.30476919320502
210000	0.304788711812027
211000	0.304808110079851
212000	0.304827389778682
213000	0.304846552649129
214000	0.304865600402875
215000	0.304884534723318
216000	0.3049033572662
217000	0.304922069660213
218000	0.304940673507593
219000	0.304959170384696
220000	0.304977561842568
221000	0.304995849407491
222000	0.305014034581516
223000	0.305032118842992
224000	0.305050103647072
225000	0.30506799042621
226000	0.305085780590645
227000	0.30510347552888
228000	0.305121076608137
229000	0.305138585174808
230000	0.305156002554901
231000	0.305173330054459
232000	0.305190568959989
233000	0.305207720538863
234000	0.305224786039721
235000	0.305241766692864
236000	0.305258663710624
237000	0.30527547828775
238000	0.305292211601758
239000	0.305308864813295
240000	0.30532543906648
241000	0.305341935489247
242000	0.305358355193674
243000	0.305374699276304
244000	0.305390968818469
245000	0.30540716488659
246000	0.305423288532486
247000	0.305439340793662
248000	0.305455322693608
249000	0.305471235242074
250000	0.305487079435347
251000	0.305502856256528
252000	0.305518566675788
253000	0.305534211650634
254000	0.305549792126155
255000	0.305565309035276
256000	0.305580763299
257000	0.305596155826641
258000	0.305611487516064
259000	0.305626759253904
260000	0.305641971915797
261000	0.305657126366593
262000	0.30567222346057
263000	0.305687264041647
264000	0.305702248943586
265000	0.305717178990197
266000	0.305732054995529
267000	0.305746877764066
268000	0.305761648090922
269000	0.305776366762014
270000	0.305791034554258
271000	0.305805652235734
272000	0.305820220565872
273000	0.305834740295616
274000	0.305849212167596
275000	0.305863636916292
276000	0.305878015268196
277000	0.305892347941968
278000	0.305906635648599
279000	0.305920879091556
280000	0.305935078966937
281000	0.305949235963616
282000	0.30596335076339
283000	0.30597742404112
284000	0.305991456464868
285000	0.30600544869604
286000	0.306019401389516
287000	0.306033315193781
288000	0.306047190751062
289000	0.306061028697449
290000	0.306074829663022
291000	0.306088594271979
292000	0.30610232314275
293000	0.306116016888123
294000	0.306129676115354
295000	0.306143301426295
296000	0.306156893417491
297000	0.306170452680309
298000	0.306183979801032
299000	0.306197475360978
300000	0.306210939936606
301000	0.306224374099614
302000	0.306237778417048
303000	0.306251153451403
304000	0.306264499760723
305000	0.306277817898698
306000	0.306291108414764
307000	0.306304371854196
308000	0.306317608758207
309000	0.306330819664035
310000	0.306344005105042
311000	0.306357165610799
312000	0.306370301707179
313000	0.306383413916439
314000	0.306396502757319
315000	0.306409568745116
316000	0.306422612391773
317000	0.306435634205966
318000	0.306448634693182
319000	0.306461614355806
320000	0.306474573693197
321000	0.306487513201766
322000	0.306500433375065
323000	0.306513334703851
324000	0.306526217676177
325000	0.306539082777458
326000	0.30655193049055
327000	0.306564761295827
328000	0.306577575671252
329000	0.306590374092449
330000	0.306603157032781
331000	0.306615924963416
332000	0.306628678353398
333000	0.306641417669726
334000	0.306654143377411
335000	0.306666855939554
336000	0.306679555817417
337000	0.306692243470479
338000	0.306704919356517
339000	0.306717583931664
340000	0.306730237650479
341000	0.306742880966015
342000	0.306755514329881
343000	0.306768138192307
344000	0.306780753002215
345000	0.306793359207274
346000	0.306805957253973
347000	0.306818547587678
348000	0.306831130652699
349000	0.306843706892355
350000	0.306856276749029
351000	0.306868840664238
352000	0.306881399078693
353000	0.306893952432361
354000	0.306906501164526
355000	0.306919045713849
356000	0.306931586518437
357000	0.306944124015892
358000	0.306956658643385
359000	0.306969190837708
360000	0.306981721035337
361000	0.306994249672496
362000	0.307006777185214
363000	0.30701930400939
364000	0.307031830580845
365000	0.307044357335394
366000	0.307056884708898
367000	0.307069413137329
368000	0.307081943056828
369000	0.307094474903769
370000	0.307107009114817
371000	0.307119546126991
372000	0.307132086377721
373000	0.307144630304915
374000	0.307157178347014
375000	0.307169730943064
376000	0.307182288532762
377000	0.307194851556532
378000	0.307207420455577
379000	0.307219995671952
380000	0.307232577648614
381000	0.307245166829494
382000	0.307257763659556
383000	0.307270368584864
384000	0.307282982052642
385000	0.30729560451134
386000	0.307308236410697
387000	0.30732087820181
388000	0.307333530337192
389000	0.307346193270845
390000	0.307358867458325
391000	0.307371553356802
392000	0.307384251425138
393000	0.307396962123944
394000	0.307409685915656
395000	0.3074224232646
396000	0.307435174637063
397000	0.307447940501361
398000	0.307460721327912
399000	0.307473517589306
400000	0.307486329760378
401000	0.307499158318277
402000	0.307512003742546
403000	0.30752486651519
404000	0.307537747120752
405000	0.307550646046392
406000	0.307563563781962
407000	0.307576500820081
408000	0.307589457656213
409000	0.307602434788755
410000	0.307615432719101
411000	0.307628451951741
412000	0.307641492994326
413000	0.307654556357768
414000	0.307667642556308
415000	0.307680752107612
416000	0.307693885532855
417000	0.307707043356806
418000	0.307720226107917
419000	0.307733434318416
420000	0.307746668524393
421000	0.307759929265899
422000	0.307773217087032
423000	0.307786532536038
424000	0.307799876165408
425000	0.307813248531966
426000	0.307826650196982
427000	0.307840081726264
428000	0.307853543690262
429000	0.307867036664174
430000	0.307880561228047
431000	0.30789411796689
432000	0.307907707470781
433000	0.307921330334973
434000	0.307934987160014
435000	0.307948678551856
436000	0.307962405121973
437000	0.30797616748748
438000	0.307989966271249
439000	0.308003802102042
440000	0.308017675614619
441000	0.308031587449879
442000	0.308045538254981
443000	0.308059528683479
444000	0.308073559395452
445000	0.308087631057641
446000	0.308101744343589
447000	0.30811589993378
448000	0.308130098515783
449000	0.308144340784396
450000	0.308158627441797
451000	0.308172959197695
452000	0.308187336769486
453000	0.308201760882405
454000	0.308216232269692
455000	0.308230751672753
456000	0.308245319841326
457000	0.308259937533654
458000	0.308274605516655
459000	0.308289324566097
460000	0.308304095466786
461000	0.308318919012741
462000	0.308333796007387
463000	0.308348727263744
464000	0.308363713604625
465000	0.308378755862829
466000	0.308393854881354
467000	0.308409011513596
468000	0.308424226623564
469000	0.308439501086101
470000	0.308454835787097
471000	0.308470231623721
472000	0.30848568950465
473000	0.308501210350302
474000	0.30851679509308
475000	0.30853244467762
476000	0.308548160061034
477000	0.308563942213176
478000	0.308579792116898
479000	0.308595710768326
480000	0.308611699177124
481000	0.308627758366784
482000	0.308643889374909
483000	0.308660093253506
484000	0.308676371069287
485000	0.308692723903978
486000	0.308709152854629
487000	0.30872565903394
488000	0.308742243570587
489000	0.308758907609559
490000	0.308775652312504
491000	0.308792478858082
492000	0.308809388442323
493000	0.308826382279
494000	0.308843461600007
495000	0.308860627655747
496000	0.308877881715528
497000	0.308895225067971
498000	0.308912659021426
499000	0.308930184904403
500000	0.308947804066002
501000	0.308965517876369
502000	0.308983327727153
503000	0.309001235031977
504000	0.309019241226921
505000	0.309037347771018
506000	0.309055556146764
507000	0.309073867860636
508000	0.309092284443629
509000	0.309110807451803
510000	0.309129438466845
511000	0.309148179096648
512000	0.309167030975904
513000	0.30918599576671
514000	0.309205075159191
515000	0.309224270872144
516000	0.309243584653695
517000	0.309263018281974
518000	0.309282573565807
519000	0.309302252345433
520000	0.309322056493232
521000	0.309341987914478
522000	0.309362048548112
523000	0.309382240367539
524000	0.30940256538144
525000	0.309423025634616
526000	0.309443623208844
527000	0.309464360223767
528000	0.309485238837811
529000	0.309506261249116
530000	0.309527429696505
531000	0.309548746460476
532000	0.309570213864225
533000	0.309591834274694
534000	0.309613610103658
535000	0.309635543808832
536000	0.309657637895027
537000	0.30967989491532
538000	0.30970231747228
539000	0.309724908219213
540000	0.309747669861462
541000	0.309770605157725
542000	0.309793716921431
543000	0.309817008022152
544000	0.30984048138706
545000	0.309864140002423
546000	0.309887986915157
547000	0.309912025234414
548000	0.30993625813324
549000	0.309960688850265
550000	0.309985320691454
551000	0.310010157031919
552000	0.310035201317783
553000	0.31006045706811
554000	0.310085927876887
555000	0.310111617415085
556000	0.310137529432779
557000	0.310163667761339
558000	0.310190036315693
559000	0.310216639096673
560000	0.310243480193426
561000	0.310270563785925
562000	0.310297894147544
563000	0.310325475647746
564000	0.310353312754835
565000	0.310381410038828
566000	0.310409772174418
567000	0.31043840394403
568000	0.310467310241006
569000	0.310496496072884
570000	0.310525966564803
571000	0.310555726963033
572000	0.310585782638621
573000	0.310616139091182
574000	0.310646801952818
575000	0.310677776992189
576000	0.310709070118732
577000	0.310740687387034
578000	0.310772635001372
579000	0.310804919320427
580000	0.310837546862164
581000	0.310870524308921
582000	0.310903858512667
583000	0.310937556500488
584000	0.310971625480262
585000	0.311006072846583
586000	0.311040906186895
587000	0.311076133287885
588000	0.31111176214212
589000	0.311147800954969
590000	0.311184258151781
591000	0.311221142385375
592000	0.311258462543828
593000	0.311296227758592
594000	0.311334447412945
595000	0.31137313115079
596000	0.311412288885844
597000	0.311451930811193
598000	0.311492067409282
599000	0.311532709462314
600000	0.311573868063122
601000	0.311615554626494
602000	0.311657780901017
603000	0.311700558981438
604000	0.311743901321582
605000	0.311787820747847
606000	0.311832330473324
607000	0.31187744411255
608000	0.311923175696951
609000	0.311969539691002
610000	0.312016551009145
611000	0.312064225033501
612000	0.312112577632434
613000	0.312161625179999
614000	0.312211384576342
615000	0.31226187326908
616000	0.312313109275746
617000	0.312365111207345
618000	0.312417898293086
619000	0.312471490406357
620000	0.312525908092039
621000	0.312581172595201
622000	0.312637305891293
623000	0.312694330717915
624000	0.312752270608255
625000	0.312811149926304
626000	0.312870993903969
627000	0.312931828680182
628000	0.312993681342152
629000	0.31305657996889
630000	0.313120553677153
631000	0.313185632669969
632000	0.313251848287911
633000	0.31331923306331
634000	0.313387820777591
635000	0.313457646521972
636000	0.313528746761712
637000	0.313601159404211
638000	0.313674923871185
639000	0.31375008117523
640000	0.313826674001079
641000	0.313904746791899
642000	0.313984345840993
643000	0.314065519389302
644000	0.314148317729146
645000	0.31423279331467
646000	0.314319000879524
647000	0.314406997562298
648000	0.314496843040359
649000	0.314588599672728
650000	0.314682332652719
651000	0.314778110171142
652000	0.31487600359092
653000	0.314976087634065
654000	0.315078440582061
655000	0.315183144490761
656000	0.31529028542107
657000	0.315399953686763
658000	0.315512244120962
659000	0.315627256362911
660000	0.315745095166893
661000	0.315865870735312
662000	0.315989699078151
663000	0.316116702401325
664000	0.316247009526621
665000	0.316380756346307
666000	0.316518086315775
667000	0.316659150988008
668000	0.316804110594038
669000	0.31695313467412
670000	0.317106402764854
671000	0.317264105148124
672000	0.317426443668455
673000	0.3175936326262
674000	0.317765899754872
675000	0.317943487292061
676000	0.318126653154527
677000	0.31831567222951
678000	0.318510837795891
679000	0.318712463090712
680000	0.318920883038689
681000	0.319136456164865
682000	0.319359566713457
683000	0.319590626999273
684000	0.319830080022077
685000	0.320078402378842
686000	0.320336107514254
687000	0.320603749356223
688000	0.320881926390665
689000	0.321171286238724
690000	0.321472530810244
691000	0.3217864221199
692000	0.322113788867539
693000	0.322455533902459
694000	0.322812642713258
695000	0.323186193111359
696000	0.32357736630862
697000	0.323987459628674
698000	0.324417901139922
699000	0.324870266557463
700000	0.325346298834741
701000	0.325847930957122
702000	0.326377312563969
703000	0.326936841169571
704000	0.327529198935179
705000	0.328157396175978
706000	0.328824823083353
707000	0.32953531152539
708000	0.330293209285472
709000	0.33110346974916
710000	0.331971760907677
711000	0.332904598687801
712000	0.333909511150258
713000	0.334995242174764
714000	0.336172006090818
715000	0.337451808641895
716000	0.338848855164079
717000	0.340380074632142
718000	0.342065799359106
719000	0.343930656292128
720000	0.346004749617865
721000	0.348325249862627
722000	0.350938558386085
723000	0.353903298705715
724000	0.357294514738453
725000	0.361209659141726
726000	0.36577727860163
727000	0.371169820040053
728000	0.377622798124413
729000	0.385463797102809
730000	0.395156407538102
731000	0.40736543138231
732000	0.423046734119734
733000	0.443544509440371
734000	0.470603996165048
735000	0.506030168263073
736000	0.550588805480799
737000	0.602436833518861
738000	0.657004791038611
739000	0.709334096553261
740000	0.756305332281289
741000	0.79685210448944
742000	0.831137992929841
743000	0.859833015875637
744000	0.883729504331574
745000	0.90358258182045
746000	0.920057783205319
747000	0.93372251829197
748000	0.945053350388118
749000	0.954447780862914
750000	0.962236294288645
751000	0.96869323945613
752000	0.974046201315178
753000	0.978483908202376
754000	0.982162841014925
755000	0.985212733448738
756000	0.9877411400533
757000	0.989837226456997
758000	0.991574912788286
759000	0.993015480114595
760000	0.994209731412686
761000	0.995199783120718
762000	0.996020550390822
763000	0.996700978396743
764000	0.997265063110384
765000	0.997732697542182
766000	0.998120373287404
767000	0.998441762118483
768000	0.998708198133653
769000	0.998929077465202
770000	0.999112189643465
771000	0.999263992302376
772000	0.999389838914389
773000	0.999494167586024
774000	0.999580657572136
775000	0.999652359028507
776000	0.999711800578643
777000	0.999761078488206
778000	0.999801930591919
779000	0.999835797580035
780000	0.999863873805737
781000	0.999887149405176
782000	0.999906445215626
783000	0.99992244172312
784000	0.999935703060483
785000	0.999946696902024
786000	0.999955810956553
787000	0.999963366640311
788000	0.999969630412034
789000	0.999974823169889
790000	0.999979128041674
791000	0.999982696842993
792000	0.999985655431189
793000	0.999988108143834
794000	0.999990141478286
795000	0.999991827142118
796000	0.999993224581953
797000	0.9999943830799
798000	0.999995343491546
799000	0.999996139686768
800000	0.999996799744186
801000	0.999997346941387
802000	0.999997800575826
803000	0.999998176645371
804000	0.999998488412495
805000	0.999998746871974
806000	0.999998961138642
807000	0.999999138768826
808000	0.999999286026831
809000	0.999999408105859
810000	0.999999509311149
811000	0.999999593211805
812000	0.99999966276667
813000	0.999999720428665
814000	0.999999768231297
815000	0.999999807860374
816000	0.999999840713456
817000	0.999999867949139
818000	0.999999890527915
819000	0.99999990924605
820000	0.999999924763656
821000	0.999999937627977
822000	0.999999948292687
823000	0.999999957133885
824000	0.999999964463368
825000	0.999999970539616
826000	0.999999975576913
827000	0.999999979752906
828000	0.999999983214863
829000	0.999999986084878
830000	0.999999988464162
831000	0.999999990436622
832000	0.999999992071821
833000	0.999999993427423
834000	0.999999994551239
835000	0.999999995482897
836000	0.999999996255256
837000	0.999999996895551
838000	0.999999997426366
839000	0.999999997866421
840000	0.999999998231232
841000	0.999999998533665
842000	0.999999998784387
843000	0.999999998992239
844000	0.999999999164551
845000	0.999999999307402
846000	0.999999999425826
847000	0.999999999524001
848000	0.99999999960539
849000	0.999999999672863
850000	0.999999999728799
851000	0.99999999977517
852000	0.999999999813613
853000	0.999999999845482
854000	0.999999999871903
855000	0.999999999893806
856000	0.999999999911963
857000	0.999999999927016
858000	0.999999999939495
859000	0.99999999994984
860000	0.999999999958417
861000	0.999999999965526
862000	0.999999999971421
863000	0.999999999976307
864000	0.999999999980358
865000	0.999999999983718
866000	0.9999999999865
867000	0.999999999988807
868000	0.999999999990722
869000	0.999999999992305
870000	0.999999999993621
871000	0.999999999994709
872000	0.999999999995618
873000	0.99999999999636
874000	0.999999999996979
875000	0.999999999997495
876000	0.999999999997936
877000	0.999999999998269
878000	0.999999999998575
879000	0.999999999998797
880000	0.999999999999019
881000	0.999999999999176
882000	0.999999999999287
883000	0.999999999999398
884000	0.99999999999951
885000	0.999999999999621
886000	0.999999999999704
887000	0.999999999999704
888000	0.999999999999704
889000	0.999999999999704
890000	0.999999999999704
891000	0.999999999999704
892000	0.999999999999704
893000	0.999999999999704
894000	0.999999999999704
895000	0.999999999999704
896000	0.999999999999704
897000	0.999999999999704
898000	0.999999999999704
899000	0.999999999999704
900000	0.999999999999704
901000	0.999999999999704
902000	0.999999999999704
903000	0.999999999999704
904000	0.999999999999704
905000	0.999999999999704
906000	0.999999999999704
907000	0.999999999999704
908000	0.999999999999704
909000	0.999999999999704
910000	0.999999999999704
911000	0.999999999999704
912000	0.999999999999704
913000	0.999999999999704
914000	0.999999999999704
915000	0.999999999999704
916000	0.999999999999704
917000	0.999999999999704
918000	0.999999999999704
919000	0.999999999999704
920000	0.999999999999704
921000	0.999999999999704
922000	0.999999999999704
923000	0.999999999999704
924000	0.999999999999704
925000	0.999999999999704
926000	0.999999999999704
927000	0.999999999999704
928000	0.999999999999704
929000	0.999999999999704
930000	0.999999999999704
931000	0.999999999999704
932000	0.999999999999704
933000	0.999999999999704
934000	0.999999999999704
935000	0.999999999999704
936000	0.999999999999704
937000	0.999999999999704
938000	0.999999999999704
939000	0.999999999999704
940000	0.999999999999704
941000	0.999999999999704
942000	0.999999999999704
943000	0.999999999999704
944000	0.999999999999704
945000	0.999999999999704
946000	0.999999999999704
947000	0.999999999999704
948000	0.999999999999704
949000	0.999999999999704
950000	0.999999999999704
951000	0.999999999999704
952000	0.999999999999704
953000	0.999999999999704
954000	0.999999999999704
955000	0.999999999999704
956000	0.999999999999704
957000	0.999999999999704
958000	0.999999999999704
959000	0.999999999999704
960000	0.999999999999704
961000	0.999999999999704
962000	0.999999999999704
963000	0.999999999999704
964000	0.999999999999704
965000	0.999999999999704
966000	0.999999999999704
967000	0.999999999999704
968000	0.999999999999704
969000	0.999999999999704
970000	0.999999999999704
971000	0.999999999999704
972000	0.999999999999704
973000	0.999999999999704
974000	0.999999999999704
975000	0.999999999999704
976000	0.999999999999704
977000	0.999999999999704
978000	0.999999999999704
979000	0.999999999999704
980000	0.999999999999704
981000	0.999999999999704
982000	0.999999999999704
983000	0.999999999999704
984000	0.999999999999704
985000	0.999999999999704
986000	0.999999999999704
987000	0.999999999999704
988000	0.999999999999704
989000	0.999999999999704
990000	0.999999999999704
991000	0.999999999999704
992000	0.999999999999704
993000	0.999999999999704
994000	0.999999999999704
995000	0.999999999999704
996000	0.999999999999704
997000	0.999999999999704
998000	0.999999999999704
999000	0.999999999999704
