0	0.230000925117859
1000	0.230859303436923
2000	0.231597449671145
3000	0.232232737940208
4000	0.232779902378706
5000	0.233251468696722
6000	0.233658108399258
7000	0.234008930926147
8000	0.234311725704929
9000	0.234573163579971
10000	0.234798965120519
11000	0.234994041786031
12000	0.235162614737803
13000	0.235308315153795
14000	0.235434269169733
15000	0.235543169988891
16000	0.235637339241069
17000	0.235718779301825
18000	0.235789217986034
19000	0.235850146789595
20000	0.235902853657898
21000	0.235948451100126
22000	0.235987900337395
23000	0.2360220320646
24000	0.236051564316187
25000	0.236077117851348
26000	0.236099229411775
27000	0.236118363152678
28000	0.236134920503686
29000	0.236149248678996
30000	0.23616164802455
31000	0.236172378363281
32000	0.236181664476599
33000	0.236189700840882
34000	0.236196655721107
35000	0.236202674709527
36000	0.236207883785123
37000	0.23621239195911
38000	0.236216293562763
39000	0.236219670226153
40000	0.236222592589696
41000	0.236225121784706
42000	0.236227310714226
43000	0.236229205161144
44000	0.236230844746924
45000	0.236232263761133
46000	0.23623349187921
47000	0.236234554783543
48000	0.236235474700902
49000	0.236236270867504
50000	0.236236959931461
51000	0.236237556301051
52000	0.236238072446108
53000	0.23623851915885
54000	0.236238905779594
55000	0.236239240392105
56000	0.236239529992655
57000	0.236239780636329
58000	0.23623999756365
59000	0.236240185310161
60000	0.236240347801269
61000	0.236240488434326
62000	0.236240610149664
63000	0.236240715492079
64000	0.236240806664037
65000	0.23624088557173
66000	0.23624095386493
67000	0.23624101297148
68000	0.236241064127151
69000	0.236241108401481
70000	0.236241146720133
71000	0.236241179884253
72000	0.236241208587218
73000	0.236241233429131
74000	0.236241254929373
75000	0.236241273537456
76000	0.236241289642429
77000	0.236241303581001
78000	0.236241315644594
79000	0.236241326085423
80000	0.236241335121779
81000	0.236241342942589
82000	0.236241349711363
83000	0.236241355569621
84000	0.236241360639841
85000	0.236241365028027
86000	0.236241368825927
87000	0.236241372112944
88000	0.2362413749578
89000	0.236241377419974
90000	0.236241379550942
91000	0.236241381395259
92000	0.236241382991483
93000	0.236241384372987
94000	0.236241385568655
95000	0.236241386603485
96000	0.236241387499112
97000	0.236241388274262
98000	0.236241388945141
99000	0.236241389525775
100000	0.236241390028303
101000	0.236241390463234
102000	0.236241390839657
103000	0.236241391165446
104000	0.236241391447411
105000	0.236241391691446
106000	0.236241391902655
107000	0.236241392085452
108000	0.23624139224366
109000	0.236241392380586
110000	0.236241392499093
111000	0.236241392601659
112000	0.236241392690428
113000	0.236241392767256
114000	0.23624139283375
115000	0.236241392891299
116000	0.236241392941106
117000	0.236241392984214
118000	0.236241393021523
119000	0.236241393053813
120000	0.236241393081759
121000	0.236241393105947
122000	0.23624139312688
123000	0.236241393144998
124000	0.236241393160679
125000	0.23624139317425
126000	0.236241393185995
127000	0.236241393196161
128000	0.23624139320496
129000	0.236241393212574
130000	0.236241393219165
131000	0.236241393224868
132000	0.236241393229805
133000	0.236241393234078
134000	0.236241393237776
135000	0.236241393240976
136000	0.236241393243746
137000	0.236241393246143
138000	0.236241393248218
139000	0.236241393250014
140000	0.236241393251568
141000	0.236241393252913
142000	0.236241393254077
143000	0.236241393255084
144000	0.236241393255956
145000	0.236241393256711
146000	0.236241393257364
147000	0.236241393257929
148000	0.236241393258419
149000	0.236241393258842
150000	0.236241393259209
151000	0.236241393259526
152000	0.2362413932598
153000	0.236241393260037
154000	0.236241393260242
155000	0.23624139326042
156000	0.236241393260574
157000	0.23624139326071
158000	0.236241393260821
159000	0.236241393260923
160000	0.236241393261006
161000	0.236241393261089
162000	0.236241393261144
163000	0.2362413932612
164000	0.236241393261255
165000	0.236241393261295
166000	0.236241393261323
167000	0.236241393261351
168000	0.236241393261378
169000	0.236241393261406
170000	0.236241393261434
171000	0.236241393261462
172000	0.236241393261471
173000	0.236241393261471
174000	0.236241393261471
175000	0.236241393261471
176000	0.236241393261471
177000	0.236241393261471
178000	0.236241393261471
179000	0.236241393261471
180000	0.236241393261471
181000	0.236241393261471
182000	0.236241393261471
183000	0.236241393261471
184000	0.236241393261471
185000	0.236241393261471
186000	0.236241393261471
187000	0.236241393261471
188000	0.236241393261471
189000	0.236241393261471
190000	0.236241393261471
191000	0.236241393261471
192000	0.236241393261471
193000	0.236241393261471
194000	0.236241393261471
195000	0.236241393261471
196000	0.236241393261471
197000	0.236241393261471
198000	0.236241393261471
199000	0.236241393261471
200000	0.236241393261471
201000	0.236241393261471
202000	0.236241393261471
203000	0.236241393261471
204000	0.236241393261471
205000	0.236241393261471
206000	0.236241393261471
207000	0.236241393261471
208000	0.236241393261471
209000	0.236241393261471
210000	0.236241393261471
211000	0.236241393261471
212000	0.236241393261471
213000	0.236241393261471
214000	0.236241393261471
215000	0.236241393261471
216000	0.236241393261471
217000	0.236241393261471
218000	0.236241393261471
219000	0.236241393261471
220000	0.236241393261471
221000	0.236241393261471
222000	0.236241393261471
223000	0.236241393261471
224000	0.236241393261471
225000	0.236241393261471
226000	0.236241393261471
227000	0.236241393261471
228000	0.236241393261471
229000	0.236241393261471
230000	0.236241393261471
231000	0.236241393261471
232000	0.236241393261471
233000	0.236241393261471
234000	0.236241393261471
235000	0.236241393261471
236000	0.236241393261471
237000	0.236241393261471
238000	0.236241393261471
239000	0.236241393261471
240000	0.236241393261471
241000	0.236241393261471
242000	0.236241393261471
243000	0.236241393261471
244000	0.236241393261471
245000	0.236241393261471
246000	0.236241393261471
247000	0.236241393261471
248000	0.236241393261471
249000	0.236241393261471
250000	0.236241393261471
251000	0.236241393261471
252000	0.236241393261471
253000	0.236241393261471
254000	0.236241393261471
255000	0.236241393261471
256000	0.236241393261471
257000	0.236241393261471
258000	0.236241393261471
259000	0.236241393261471
260000	0.236241393261471
261000	0.236241393261471
262000	0.236241393261471
263000	0.236241393261471
264000	0.236241393261471
265000	0.236241393261471
266000	0.236241393261471
267000	0.236241393261471
268000	0.236241393261471
269000	0.236241393261471
270000	0.236241393261471
271000	0.236241393261471
272000	0.236241393261471
273000	0.236241393261471
274000	0.236241393261471
275000	0.236241393261471
276000	0.236241393261471
277000	0.236241393261471
278000	0.236241393261471
279000	0.236241393261471
280000	0.236241393261471
281000	0.236241393261471
282000	0.236241393261471
283000	0.236241393261471
284000	0.236241393261471
285000	0.236241393261471
286000	0.236241393261471
287000	0.236241393261471
288000	0.236241393261471
289000	0.236241393261471
290000	0.236241393261471
291000	0.236241393261471
292000	0.236241393261471
293000	0.236241393261471
294000	0.236241393261471
295000	0.236241393261471
296000	0.236241393261471
297000	0.236241393261471
298000	0.236241393261471
299000	0.236241393261471
300000	0.236241393261471
301000	0.236241393261471
302000	0.236241393261471
303000	0.236241393261471
304000	0.236241393261471
305000	0.236241393261471
306000	0.236241393261471
307000	0.236241393261471
308000	0.236241393261471
309000	0.236241393261471
310000	0.236241393261471
311000	0.236241393261471
312000	0.236241393261471
313000	0.236241393261471
314000	0.236241393261471
315000	0.236241393261471
316000	0.236241393261471
317000	0.236241393261471
318000	0.236241393261471
319000	0.236241393261471
320000	0.236241393261471
321000	0.236241393261471
322000	0.236241393261471
323000	0.236241393261471
324000	0.236241393261471
325000	0.236241393261471
326000	0.236241393261471
327000	0.236241393261471
328000	0.236241393261471
329000	0.236241393261471
330000	0.236241393261471
331000	0.236241393261471
332000	0.236241393261471
333000	0.236241393261471
334000	0.236241393261471
335000	0.236241393261471
336000	0.236241393261471
337000	0.236241393261471
338000	0.236241393261471
339000	0.236241393261471
340000	0.236241393261471
341000	0.236241393261471
342000	0.236241393261471
343000	0.236241393261471
344000	0.236241393261471
345000	0.236241393261471
346000	0.236241393261471
347000	0.236241393261471
348000	0.236241393261471
349000	0.236241393261471
350000	0.236241393261471
351000	0.236241393261471
352000	0.236241393261471
353000	0.236241393261471
354000	0.236241393261471
355000	0.236241393261471
356000	0.236241393261471
357000	0.236241393261471
358000	0.236241393261471
359000	0.236241393261471
360000	0.236241393261471
361000	0.236241393261471
362000	0.236241393261471
363000	0.236241393261471
364000	0.236241393261471
365000	0.236241393261471
366000	0.236241393261471
367000	0.236241393261471
368000	0.236241393261471
369000	0.236241393261471
370000	0.236241393261471
371000	0.236241393261471
372000	0.236241393261471
373000	0.236241393261471
374000	0.236241393261471
375000	0.236241393261471
376000	0.236241393261471
377000	0.236241393261471
378000	0.236241393261471
379000	0.236241393261471
380000	0.236241393261471
381000	0.236241393261471
382000	0.236241393261471
383000	0.236241393261471
384000	0.236241393261471
385000	0.236241393261471
386000	0.236241393261471
387000	0.236241393261471
388000	0.236241393261471
389000	0.236241393261471
390000	0.236241393261471
391000	0.236241393261471
392000	0.236241393261471
393000	0.236241393261471
394000	0.236241393261471
395000	0.236241393261471
396000	0.236241393261471
397000	0.236241393261471
398000	0.236241393261471
399000	0.236241393261471
400000	0.236241393261471
401000	0.236241393261471
402000	0.236241393261471
403000	0.236241393261471
404000	0.236241393261471
405000	0.236241393261471
406000	0.236241393261471
407000	0.236241393261471
408000	0.236241393261471
409000	0.236241393261471
410000	0.236241393261471
411000	0.236241393261471
412000	0.236241393261471
413000	0.236241393261471
414000	0.236241393261471
415000	0.236241393261471
416000	0.236241393261471
417000	0.236241393261471
418000	0.236241393261471
419000	0.236241393261471
420000	0.236241393261471
421000	0.236241393261471
422000	0.236241393261471
423000	0.236241393261471
424000	0.236241393261471
425000	0.236241393261471
426000	0.236241393261471
427000	0.236241393261471
428000	0.236241393261471
429000	0.236241393261471
430000	0.236241393261471
431000	0.236241393261471
432000	0.236241393261471
433000	0.236241393261471
434000	0.236241393261471
435000	0.236241393261471
436000	0.236241393261471
437000	0.236241393261471
438000	0.236241393261471
439000	0.236241393261471
440000	0.236241393261471
441000	0.236241393261471
442000	0.236241393261471
443000	0.236241393261471
444000	0.236241393261471
445000	0.236241393261471
446000	0.236241393261471
447000	0.236241393261471
448000	0.236241393261471
449000	0.236241393261471
450000	0.236241393261471
451000	0.236241393261471
452000	0.236241393261471
453000	0.236241393261471
454000	0.236241393261471
455000	0.236241393261471
456000	0.236241393261471
457000	0.236241393261471
458000	0.236241393261471
459000	0.236241393261471
460000	0.236241393261471
461000	0.236241393261471
462000	0.236241393261471
463000	0.236241393261471
464000	0.236241393261471
465000	0.236241393261471
466000	0.236241393261471
467000	0.236241393261471
468000	0.236241393261471
469000	0.236241393261471
470000	0.236241393261471
471000	0.236241393261471
472000	0.236241393261471
473000	0.236241393261471
474000	0.236241393261471
475000	0.236241393261471
476000	0.236241393261471
477000	0.236241393261471
478000	0.236241393261471
479000	0.236241393261471
480000	0.236241393261471
481000	0.236241393261471
482000	0.236241393261471
483000	0.236241393261471
484000	0.236241393261471
485000	0.236241393261471
486000	0.236241393261471
487000	0.236241393261471
488000	0.236241393261471
489000	0.236241393261471
490000	0.236241393261471
491000	0.236241393261471
492000	0.236241393261471
493000	0.236241393261471
494000	0.236241393261471
495000	0.236241393261471
496000	0.236241393261471
497000	0.236241393261471
498000	0.236241393261471
499000	0.236241393261471
500000	0.236241393261471
501000	0.236241393261471
502000	0.236241393261471
503000	0.236241393261471
504000	0.236241393261471
505000	0.236241393261471
506000	0.236241393261471
507000	0.236241393261471
508000	0.236241393261471
509000	0.236241393261471
510000	0.236241393261471
511000	0.236241393261471
512000	0.236241393261471
513000	0.236241393261471
514000	0.236241393261471
515000	0.236241393261471
516000	0.236241393261471
517000	0.236241393261471
518000	0.236241393261471
519000	0.236241393261471
520000	0.236241393261471
521000	0.236241393261471
522000	0.236241393261471
523000	0.236241393261471
524000	0.236241393261471
525000	0.236241393261471
526000	0.236241393261471
527000	0.236241393261471
528000	0.236241393261471
529000	0.236241393261471
530000	0.236241393261471
531000	0.236241393261471
532000	0.236241393261471
533000	0.236241393261471
534000	0.236241393261471
535000	0.236241393261471
536000	0.236241393261471
537000	0.236241393261471
538000	0.236241393261471
539000	0.236241393261471
540000	0.236241393261471
541000	0.236241393261471
542000	0.236241393261471
543000	0.236241393261471
544000	0.236241393261471
545000	0.236241393261471
546000	0.236241393261471
547000	0.236241393261471
548000	0.236241393261471
549000	0.236241393261471
550000	0.236241393261471
551000	0.236241393261471
552000	0.236241393261471
553000	0.236241393261471
554000	0.236241393261471
555000	0.236241393261471
556000	0.236241393261471
557000	0.236241393261471
558000	0.236241393261471
559000	0.236241393261471
560000	0.236241393261471
561000	0.236241393261471
562000	0.236241393261471
563000	0.236241393261471
564000	0.236241393261471
565000	0.236241393261471
566000	0.236241393261471
567000	0.236241393261471
568000	0.236241393261471
569000	0.236241393261471
570000	0.236241393261471
571000	0.236241393261471
572000	0.236241393261471
573000	0.236241393261471
574000	0.236241393261471
575000	0.236241393261471
576000	0.236241393261471
577000	0.236241393261471
578000	0.236241393261471
579000	0.236241393261471
580000	0.236241393261471
581000	0.236241393261471
582000	0.236241393261471
583000	0.236241393261471
584000	0.236241393261471
585000	0.236241393261471
586000	0.236241393261471
587000	0.236241393261471
588000	0.236241393261471
589000	0.236241393261471
590000	0.236241393261471
591000	0.236241393261471
592000	0.236241393261471
593000	0.236241393261471
594000	0.236241393261471
595000	0.236241393261471
596000	0.236241393261471
597000	0.236241393261471
598000	0.236241393261471
599000	0.236241393261471
600000	0.236241393261471
601000	0.236241393261471
602000	0.236241393261471
603000	0.236241393261471
604000	0.236241393261471
605000	0.236241393261471
606000	0.236241393261471
607000	0.236241393261471
608000	0.236241393261471
609000	0.236241393261471
610000	0.236241393261471
611000	0.236241393261471
612000	0.236241393261471
613000	0.236241393261471
614000	0.236241393261471
615000	0.236241393261471
616000	0.236241393261471
617000	0.236241393261471
618000	0.236241393261471
619000	0.236241393261471
620000	0.236241393261471
621000	0.236241393261471
622000	0.236241393261471
623000	0.236241393261471
624000	0.236241393261471
625000	0.236241393261471
626000	0.236241393261471
627000	0.236241393261471
628000	0.236241393261471
629000	0.236241393261471
630000	0.236241393261471
631000	0.236241393261471
632000	0.236241393261471
633000	0.236241393261471
634000	0.236241393261471
635000	0.236241393261471
636000	0.236241393261471
637000	0.236241393261471
638000	0.236241393261471
639000	0.236241393261471
640000	0.236241393261471
641000	0.236241393261471
642000	0.236241393261471
643000	0.236241393261471
644000	0.236241393261471
645000	0.236241393261471
646000	0.236241393261471
647000	0.236241393261471
648000	0.236241393261471
649000	0.236241393261471
650000	0.236241393261471
651000	0.236241393261471
652000	0.236241393261471
653000	0.236241393261471
654000	0.236241393261471
655000	0.236241393261471
656000	0.236241393261471
657000	0.236241393261471
658000	0.236241393261471
659000	0.236241393261471
660000	0.236241393261471
661000	0.236241393261471
662000	0.236241393261471
663000	0.236241393261471
664000	0.236241393261471
665000	0.236241393261471
666000	0.236241393261471
667000	0.236241393261471
668000	0.236241393261471
669000	0.236241393261471
670000	0.236241393261471
671000	0.236241393261471
672000	0.236241393261471
673000	0.236241393261471
674000	0.236241393261471
675000	0.236241393261471
676000	0.236241393261471
677000	0.236241393261471
678000	0.236241393261471
679000	0.236241393261471
680000	0.236241393261471
681000	0.236241393261471
682000	0.236241393261471
683000	0.236241393261471
684000	0.236241393261471
685000	0.236241393261471
686000	0.236241393261471
687000	0.236241393261471
688000	0.236241393261471
689000	0.236241393261471
690000	0.236241393261471
691000	0.236241393261471
692000	0.236241393261471
693000	0.236241393261471
694000	0.236241393261471
695000	0.236241393261471
696000	0.236241393261471
697000	0.236241393261471
698000	0.236241393261471
699000	0.236241393261471
700000	0.236241393261471
701000	0.236241393261471
702000	0.236241393261471
703000	0.236241393261471
704000	0.236241393261471
705000	0.236241393261471
706000	0.236241393261471
707000	0.236241393261471
708000	0.236241393261471
709000	0.236241393261471
710000	0.236241393261471
711000	0.236241393261471
712000	0.236241393261471
713000	0.236241393261471
714000	0.236241393261471
715000	0.236241393261471
716000	0.236241393261471
717000	0.236241393261471
718000	0.236241393261471
719000	0.236241393261471
720000	0.236241393261471
721000	0.236241393261471
722000	0.236241393261471
723000	0.236241393261471
724000	0.236241393261471
725000	0.236241393261471
726000	0.236241393261471
727000	0.236241393261471
728000	0.236241393261471
729000	0.236241393261471
730000	0.236241393261471
731000	0.236241393261471
732000	0.236241393261471
733000	0.236241393261471
734000	0.236241393261471
735000	0.236241393261471
736000	0.236241393261471
737000	0.236241393261471
738000	0.236241393261471
739000	0.236241393261471
740000	0.236241393261471
741000	0.236241393261471
742000	0.236241393261471
743000	0.236241393261471
744000	0.236241393261471
745000	0.236241393261471
746000	0.236241393261471
747000	0.236241393261471
748000	0.236241393261471
749000	0.236241393261471
750000	0.236241393261471
751000	0.236241393261471
752000	0.236241393261471
753000	0.236241393261471
754000	0.236241393261471
755000	0.236241393261471
756000	0.236241393261471
757000	0.236241393261471
758000	0.236241393261471
759000	0.236241393261471
760000	0.236241393261471
761000	0.236241393261471
762000	0.236241393261471
763000	0.236241393261471
764000	0.236241393261471
765000	0.236241393261471
766000	0.236241393261471
767000	0.236241393261471
768000	0.236241393261471
769000	0.236241393261471
770000	0.236241393261471
771000	0.236241393261471
772000	0.236241393261471
773000	0.236241393261471
774000	0.236241393261471
775000	0.236241393261471
776000	0.236241393261471
777000	0.236241393261471
778000	0.236241393261471
779000	0.236241393261471
780000	0.236241393261471
781000	0.236241393261471
782000	0.236241393261471
783000	0.236241393261471
784000	0.236241393261471
785000	0.236241393261471
786000	0.236241393261471
787000	0.236241393261471
788000	0.236241393261471
789000	0.236241393261471
790000	0.236241393261471
791000	0.236241393261471
792000	0.236241393261471
793000	0.236241393261471
794000	0.236241393261471
795000	0.236241393261471
796000	0.236241393261471
797000	0.236241393261471
798000	0.236241393261471
799000	0.236241393261471
800000	0.236241393261471
801000	0.236241393261471
802000	0.236241393261471
803000	0.236241393261471
804000	0.236241393261471
805000	0.236241393261471
806000	0.236241393261471
807000	0.236241393261471
808000	0.236241393261471
809000	0.236241393261471
810000	0.236241393261471
811000	0.236241393261471
812000	0.236241393261471
813000	0.236241393261471
814000	0.236241393261471
815000	0.236241393261471
816000	0.236241393261471
817000	0.236241393261471
818000	0.236241393261471
819000	0.236241393261471
820000	0.236241393261471
821000	0.236241393261471
822000	0.236241393261471
823000	0.236241393261471
824000	0.236241393261471
825000	0.236241393261471
826000	0.236241393261471
827000	0.236241393261471
828000	0.236241393261471
829000	0.236241393261471
830000	0.236241393261471
831000	0.236241393261471
832000	0.236241393261471
833000	0.236241393261471
834000	0.236241393261471
835000	0.236241393261471
836000	0.236241393261471
837000	0.236241393261471
838000	0.236241393261471
839000	0.236241393261471
840000	0.236241393261471
841000	0.236241393261471
842000	0.236241393261471
843000	0.236241393261471
844000	0.236241393261471
845000	0.236241393261471
846000	0.236241393261471
847000	0.236241393261471
848000	0.236241393261471
849000	0.236241393261471
850000	0.236241393261471
851000	0.236241393261471
852000	0.236241393261471
853000	0.236241393261471
854000	0.236241393261471
855000	0.236241393261471
856000	0.236241393261471
857000	0.236241393261471
858000	0.236241393261471
859000	0.236241393261471
860000	0.236241393261471
861000	0.236241393261471
862000	0.236241393261471
863000	0.236241393261471
864000	0.236241393261471
865000	0.236241393261471
866000	0.236241393261471
867000	0.236241393261471
868000	0.236241393261471
869000	0.236241393261471
870000	0.236241393261471
871000	0.236241393261471
872000	0.236241393261471
873000	0.236241393261471
874000	0.236241393261471
875000	0.236241393261471
876000	0.236241393261471
877000	0.236241393261471
878000	0.236241393261471
879000	0.236241393261471
880000	0.236241393261471
881000	0.236241393261471
882000	0.236241393261471
883000	0.236241393261471
884000	0.236241393261471
885000	0.236241393261471
886000	0.236241393261471
887000	0.236241393261471
888000	0.236241393261471
889000	0.236241393261471
890000	0.236241393261471
891000	0.236241393261471
892000	0.236241393261471
893000	0.236241393261471
894000	0.236241393261471
895000	0.236241393261471
896000	0.236241393261471
897000	0.236241393261471
898000	0.236241393261471
899000	0.236241393261471
900000	0.236241393261471
901000	0.236241393261471
902000	0.236241393261471
903000	0.236241393261471
904000	0.236241393261471
905000	0.236241393261471
906000	0.236241393261471
907000	0.236241393261471
908000	0.236241393261471
909000	0.236241393261471
910000	0.236241393261471
911000	0.236241393261471
912000	0.236241393261471
913000	0.236241393261471
914000	0.236241393261471
915000	0.236241393261471
916000	0.236241393261471
917000	0.236241393261471
918000	0.236241393261471
919000	0.236241393261471
920000	0.236241393261471
921000	0.236241393261471
922000	0.236241393261471
923000	0.236241393261471
924000	0.236241393261471
925000	0.236241393261471
926000	0.236241393261471
927000	0.236241393261471
928000	0.236241393261471
929000	0.236241393261471
930000	0.236241393261471
931000	0.236241393261471
932000	0.236241393261471
933000	0.236241393261471
934000	0.236241393261471
935000	0.236241393261471
936000	0.236241393261471
937000	0.236241393261471
938000	0.236241393261471
939000	0.236241393261471
940000	0.236241393261471
941000	0.236241393261471
942000	0.236241393261471
943000	0.236241393261471
944000	0.236241393261471
945000	0.236241393261471
946000	0.236241393261471
947000	0.236241393261471
948000	0.236241393261471
949000	0.236241393261471
950000	0.236241393261471
951000	0.236241393261471
952000	0.236241393261471
953000	0.236241393261471
954000	0.236241393261471
955000	0.236241393261471
956000	0.236241393261471
957000	0.236241393261471
958000	0.236241393261471
959000	0.236241393261471
960000	0.236241393261471
961000	0.236241393261471
962000	0.236241393261471
963000	0.236241393261471
964000	0.236241393261471
965000	0.236241393261471
966000	0.236241393261471
967000	0.236241393261471
968000	0.236241393261471
969000	0.236241393261471
970000	0.236241393261471
971000	0.236241393261471
972000	0.236241393261471
973000	0.236241393261471
974000	0.236241393261471
975000	0.236241393261471
976000	0.236241393261471
977000	0.236241393261471
978000	0.236241393261471
979000	0.236241393261471
980000	0.236241393261471
981000	0.236241393261471
982000	0.236241393261471
983000	0.236241393261471
984000	0.236241393261471
985000	0.236241393261471
986000	0.236241393261471
987000	0.236241393261471
988000	0.236241393261471
989000	0.236241393261471
990000	0.236241393261471
991000	0.236241393261471
992000	0.236241393261471
993000	0.236241393261471
994000	0.236241393261471
995000	0.236241393261471
996000	0.236241393261471
997000	0.236241393261471
998000	0.236241393261471
999000	0.236241393261471
