0	0.02
1000	0.02
2000	0.02
3000	0.02
4000	0.02
5000	0.02
6000	0.02
7000	0.02
8000	0.02
9000	0.02
10000	0.02
11000	0.02
12000	0.02
13000	0.02
14000	0.02
15000	0.02
16000	0.02
17000	0.02
18000	0.02
19000	0.02
20000	0.02
21000	0.02
22000	0.02
23000	0.02
24000	0.02
25000	0.02
26000	0.02
27000	0.02
28000	0.02
29000	0.02
30000	0.02
31000	0.02
32000	0.02
33000	0.02
34000	0.02
35000	0.02
36000	0.02
37000	0.02
38000	0.02
39000	0.02
40000	0.02
41000	0.02
42000	0.02
43000	0.02
44000	0.02
45000	0.02
46000	0.02
47000	0.02
48000	0.02
49000	0.02
50000	0.02
51000	0.02
52000	0.02
53000	0.02
54000	0.02
55000	0.02
56000	0.02
57000	0.02
58000	0.02
59000	0.02
60000	0.02
61000	0.02
62000	0.02
63000	0.02
64000	0.02
65000	0.02
66000	0.02
67000	0.02
68000	0.02
69000	0.02
70000	0.02
71000	0.02
72000	0.02
73000	0.02
74000	0.02
75000	0.02
76000	0.02
77000	0.02
78000	0.02
79000	0.02
80000	0.02
81000	0.02
82000	0.02
83000	0.02
84000	0.02
85000	0.02
86000	0.02
87000	0.02
88000	0.02
89000	0.02
90000	0.02
91000	0.02
92000	0.02
93000	0.02
94000	0.02
95000	0.02
96000	0.02
97000	0.02
98000	0.02
99000	0.02
100000	0.02
101000	0.02
102000	0.02
103000	0.02
104000	0.02
105000	0.02
106000	0.02
107000	0.02
108000	0.02
109000	0.02
110000	0.02
111000	0.02
112000	0.02
113000	0.02
114000	0.02
115000	0.02
116000	0.02
117000	0.02
118000	0.02
119000	0.02
120000	0.02
121000	0.02
122000	0.02
123000	0.02
124000	0.02
125000	0.02
126000	0.02
127000	0.02
128000	0.02
129000	0.02
130000	0.02
131000	0.02
132000	0.02
133000	0.02
134000	0.02
135000	0.02
136000	0.02
137000	0.02
138000	0.02
139000	0.02
140000	0.02
141000	0.02
142000	0.02
143000	0.02
144000	0.02
145000	0.02
146000	0.02
147000	0.02
148000	0.02
149000	0.02
150000	0.02
151000	0.02
152000	0.02
153000	0.02
154000	0.02
155000	0.02
156000	0.02
157000	0.02
158000	0.02
159000	0.02
160000	0.02
161000	0.02
162000	0.02
163000	0.02
164000	0.02
165000	0.02
166000	0.02
167000	0.02
168000	0.02
169000	0.02
170000	0.02
171000	0.02
172000	0.02
173000	0.02
174000	0.02
175000	0.02
176000	0.02
177000	0.02
178000	0.02
179000	0.02
180000	0.02
181000	0.02
182000	0.02
183000	0.02
184000	0.02
185000	0.02
186000	0.02
187000	0.02
188000	0.02
189000	0.02
190000	0.02
191000	0.02
192000	0.02
193000	0.02
194000	0.02
195000	0.02
196000	0.02
197000	0.02
198000	0.02
199000	0.02
200000	0.02
201000	0.02
202000	0.02
203000	0.02
204000	0.02
205000	0.02
206000	0.02
207000	0.02
208000	0.02
209000	0.02
210000	0.02
211000	0.02
212000	0.02
213000	0.02
214000	0.02
215000	0.02
216000	0.02
217000	0.02
218000	0.02
219000	0.02
220000	0.02
221000	0.02
222000	0.02
223000	0.02
224000	0.02
225000	0.02
226000	0.02
227000	0.02
228000	0.02
229000	0.02
230000	0.02
231000	0.02
232000	0.02
233000	0.02
234000	0.02
235000	0.02
236000	0.02
237000	0.02
238000	0.02
239000	0.02
240000	0.02
241000	0.02
242000	0.02
243000	0.02
244000	0.02
245000	0.02
246000	0.02
247000	0.02
248000	0.02
249000	0.02
250000	0.02
251000	0.02
252000	0.02
253000	0.02
254000	0.02
255000	0.02
256000	0.02
257000	0.02
258000	0.02
259000	0.02
260000	0.02
261000	0.02
262000	0.02
263000	0.02
264000	0.02
265000	0.02
266000	0.02
267000	0.02
268000	0.02
269000	0.02
270000	0.02
271000	0.02
272000	0.02
273000	0.02
274000	0.02
275000	0.02
276000	0.02
277000	0.02
278000	0.02
279000	0.02
280000	0.02
281000	0.02
282000	0.02
283000	0.02
284000	0.02
285000	0.02
286000	0.02
287000	0.02
288000	0.02
289000	0.02
290000	0.02
291000	0.02
292000	0.02
293000	0.02
294000	0.02
295000	0.02
296000	0.02
297000	0.02
298000	0.02
299000	0.02
300000	0.02
301000	0.02
302000	0.02
303000	0.02
304000	0.02
305000	0.02
306000	0.02
307000	0.02
308000	0.02
309000	0.02
310000	0.02
311000	0.02
312000	0.02
313000	0.02
314000	0.02
315000	0.02
316000	0.02
317000	0.02
318000	0.02
319000	0.02
320000	0.02
321000	0.02
322000	0.02
323000	0.02
324000	0.02
325000	0.02
326000	0.02
327000	0.02
328000	0.02
329000	0.02
330000	0.02
331000	0.02
332000	0.02
333000	0.02
334000	0.02
335000	0.02
336000	0.02
337000	0.02
338000	0.02
339000	0.02
340000	0.02
341000	0.02
342000	0.02
343000	0.02
344000	0.02
345000	0.02
346000	0.02
347000	0.02
348000	0.02
349000	0.02
350000	0.02
351000	0.02
352000	0.02
353000	0.02
354000	0.02
355000	0.02
356000	0.02
357000	0.02
358000	0.02
359000	0.02
360000	0.02
361000	0.02
362000	0.02
363000	0.02
364000	0.02
365000	0.02
366000	0.02
367000	0.02
368000	0.02
369000	0.02
370000	0.02
371000	0.02
372000	0.02
373000	0.02
374000	0.02
375000	0.02
376000	0.02
377000	0.02
378000	0.02
379000	0.02
380000	0.02
381000	0.02
382000	0.02
383000	0.02
384000	0.02
385000	0.02
386000	0.02
387000	0.02
388000	0.02
389000	0.02
390000	0.02
391000	0.02
392000	0.02
393000	0.02
394000	0.02
395000	0.02
396000	0.02
397000	0.02
398000	0.02
399000	0.02
400000	0.02
401000	0.02
402000	0.02
403000	0.02
404000	0.02
405000	0.02
406000	0.02
407000	0.02
408000	0.02
409000	0.02
410000	0.02
411000	0.02
412000	0.02
413000	0.02
414000	0.02
415000	0.02
416000	0.02
417000	0.02
418000	0.02
419000	0.02
420000	0.02
421000	0.02
422000	0.02
423000	0.02
424000	0.02
425000	0.02
426000	0.02
427000	0.02
428000	0.02
429000	0.02
430000	0.02
431000	0.02
432000	0.02
433000	0.02
434000	0.02
435000	0.02
436000	0.02
437000	0.02
438000	0.02
439000	0.02
440000	0.02
441000	0.02
442000	0.02
443000	0.02
444000	0.02
445000	0.02
446000	0.02
447000	0.02
448000	0.02
449000	0.02
450000	0.02
451000	0.02
452000	0.02
453000	0.02
454000	0.02
455000	0.02
456000	0.02
457000	0.02
458000	0.02
459000	0.02
460000	0.02
461000	0.02
462000	0.02
463000	0.02
464000	0.02
465000	0.02
466000	0.02
467000	0.02
468000	0.02
469000	0.02
470000	0.02
471000	0.02
472000	0.02
473000	0.02
474000	0.02
475000	0.02
476000	0.02
477000	0.02
478000	0.02
479000	0.02
480000	0.02
481000	0.02
482000	0.02
483000	0.02
484000	0.02
485000	0.02
486000	0.02
487000	0.02
488000	0.02
489000	0.02
490000	0.02
491000	0.02
492000	0.02
493000	0.02
494000	0.02
495000	0.02
496000	0.02
497000	0.02
498000	0.02
499000	0.02
500000	0.02
501000	0.02
502000	0.02
503000	0.02
504000	0.02
505000	0.02
506000	0.02
507000	0.02
508000	0.02
509000	0.02
510000	0.02
511000	0.02
512000	0.02
513000	0.02
514000	0.02
515000	0.02
516000	0.02
517000	0.02
518000	0.02
519000	0.02
520000	0.02
521000	0.02
522000	0.02
523000	0.02
524000	0.02
525000	0.02
526000	0.02
527000	0.02
528000	0.02
529000	0.02
530000	0.02
531000	0.02
532000	0.02
533000	0.02
534000	0.02
535000	0.02
536000	0.02
537000	0.02
538000	0.02
539000	0.02
540000	0.02
541000	0.02
542000	0.02
543000	0.02
544000	0.02
545000	0.02
546000	0.02
547000	0.02
548000	0.02
549000	0.02
550000	0.02
551000	0.02
552000	0.02
553000	0.02
554000	0.02
555000	0.02
556000	0.02
557000	0.02
558000	0.02
559000	0.02
560000	0.02
561000	0.02
562000	0.02
563000	0.02
564000	0.02
565000	0.02
566000	0.02
567000	0.02
568000	0.02
569000	0.02
570000	0.02
571000	0.02
572000	0.02
573000	0.02
574000	0.02
575000	0.02
576000	0.02
577000	0.02
578000	0.02
579000	0.02
580000	0.02
581000	0.02
582000	0.02
583000	0.02
584000	0.02
585000	0.02
586000	0.02
587000	0.02
588000	0.02
589000	0.02
590000	0.02
591000	0.02
592000	0.02
593000	0.02
594000	0.02
595000	0.02
596000	0.02
597000	0.02
598000	0.02
599000	0.02
600000	0.02
601000	0.02
602000	0.02
603000	0.02
604000	0.02
605000	0.02
606000	0.02
607000	0.02
608000	0.02
609000	0.02
610000	0.02
611000	0.02
612000	0.02
613000	0.02
614000	0.02
615000	0.02
616000	0.02
617000	0.02
618000	0.02
619000	0.02
620000	0.02
621000	0.02
622000	0.02
623000	0.02
624000	0.02
625000	0.02
626000	0.02
627000	0.02
628000	0.02
629000	0.02
630000	0.02
631000	0.02
632000	0.02
633000	0.02
634000	0.02
635000	0.02
636000	0.02
637000	0.02
638000	0.02
639000	0.02
640000	0.02
641000	0.02
642000	0.02
643000	0.02
644000	0.02
645000	0.02
646000	0.02
647000	0.02
648000	0.02
649000	0.02
650000	0.02
651000	0.02
652000	0.02
653000	0.02
654000	0.02
655000	0.02
656000	0.02
657000	0.02
658000	0.02
659000	0.02
660000	0.02
661000	0.02
662000	0.02
663000	0.02
664000	0.02
665000	0.02
666000	0.02
667000	0.02
668000	0.02
669000	0.02
670000	0.02
671000	0.02
672000	0.02
673000	0.02
674000	0.02
675000	0.02
676000	0.02
677000	0.02
678000	0.02
679000	0.02
680000	0.02
681000	0.02
682000	0.02
683000	0.02
684000	0.02
685000	0.02
686000	0.02
687000	0.02
688000	0.02
689000	0.02
690000	0.02
691000	0.02
692000	0.02
693000	0.02
694000	0.02
695000	0.02
696000	0.02
697000	0.02
698000	0.02
699000	0.02
700000	0.02
701000	0.02
702000	0.02
703000	0.02
704000	0.02
705000	0.02
706000	0.02
707000	0.02
708000	0.02
709000	0.02
710000	0.02
711000	0.02
712000	0.02
713000	0.02
714000	0.02
715000	0.02
716000	0.02
717000	0.02
718000	0.02
719000	0.02
720000	0.02
721000	0.02
722000	0.02
723000	0.02
724000	0.02
725000	0.02
726000	0.02
727000	0.02
728000	0.02
729000	0.02
730000	0.02
731000	0.02
732000	0.02
733000	0.02
734000	0.02
735000	0.02
736000	0.02
737000	0.02
738000	0.02
739000	0.02
740000	0.02
741000	0.02
742000	0.02
743000	0.02
744000	0.02
745000	0.02
746000	0.02
747000	0.02
748000	0.02
749000	0.02
750000	0.02
751000	0.02
752000	0.02
753000	0.02
754000	0.02
755000	0.02
756000	0.02
757000	0.02
758000	0.02
759000	0.02
760000	0.02
761000	0.02
762000	0.02
763000	0.02
764000	0.02
765000	0.02
766000	0.02
767000	0.02
768000	0.02
769000	0.02
770000	0.02
771000	0.02
772000	0.02
773000	0.02
774000	0.02
775000	0.02
776000	0.02
777000	0.02
778000	0.02
779000	0.02
780000	0.02
781000	0.02
782000	0.02
783000	0.02
784000	0.02
785000	0.02
786000	0.02
787000	0.02
788000	0.02
789000	0.02
790000	0.02
791000	0.02
792000	0.02
793000	0.02
794000	0.02
795000	0.02
796000	0.02
797000	0.02
798000	0.02
799000	0.02
800000	0.02
801000	0.02
802000	0.02
803000	0.02
804000	0.02
805000	0.02
806000	0.02
807000	0.02
808000	0.02
809000	0.02
810000	0.02
811000	0.02
812000	0.02
813000	0.02
814000	0.02
815000	0.02
816000	0.02
817000	0.02
818000	0.02
819000	0.02
820000	0.02
821000	0.02
822000	0.02
823000	0.02
824000	0.02
825000	0.02
826000	0.02
827000	0.02
828000	0.02
829000	0.02
830000	0.02
831000	0.02
832000	0.02
833000	0.02
834000	0.02
835000	0.02
836000	0.02
837000	0.02
838000	0.02
839000	0.02
840000	0.02
841000	0.02
842000	0.02
843000	0.02
844000	0.02
845000	0.02
846000	0.02
847000	0.02
848000	0.02
849000	0.02
850000	0.02
851000	0.02
852000	0.02
853000	0.02
854000	0.02
855000	0.02
856000	0.02
857000	0.02
858000	0.02
859000	0.02
860000	0.02
861000	0.02
862000	0.02
863000	0.02
864000	0.02
865000	0.02
866000	0.02
867000	0.02
868000	0.02
869000	0.02
870000	0.02
871000	0.02
872000	0.02
873000	0.02
874000	0.02
875000	0.02
876000	0.02
877000	0.02
878000	0.02
879000	0.02
880000	0.02
881000	0.02
882000	0.02
883000	0.02
884000	0.02
885000	0.02
886000	0.02
887000	0.02
888000	0.02
889000	0.02
890000	0.02
891000	0.02
892000	0.02
893000	0.02
894000	0.02
895000	0.02
896000	0.02
897000	0.02
898000	0.02
899000	0.02
900000	0.02
901000	0.02
902000	0.02
903000	0.02
904000	0.02
905000	0.02
906000	0.02
907000	0.02
908000	0.02
909000	0.02
910000	0.02
911000	0.02
912000	0.02
913000	0.02
914000	0.02
915000	0.02
916000	0.02
917000	0.02
918000	0.02
919000	0.02
920000	0.02
921000	0.02
922000	0.02
923000	0.02
924000	0.02
925000	0.02
926000	0.02
927000	0.02
928000	0.02
929000	0.02
930000	0.02
931000	0.02
932000	0.02
933000	0.02
934000	0.02
935000	0.02
936000	0.02
937000	0.02
938000	0.02
939000	0.02
940000	0.02
941000	0.02
942000	0.02
943000	0.02
944000	0.02
945000	0.02
946000	0.02
947000	0.02
948000	0.02
949000	0.02
950000	0.02
951000	0.02
952000	0.02
953000	0.02
954000	0.02
955000	0.02
956000	0.02
957000	0.02
958000	0.02
959000	0.02
960000	0.02
961000	0.02
962000	0.02
963000	0.02
964000	0.02
965000	0.02
966000	0.02
967000	0.02
968000	0.02
969000	0.02
970000	0.02
971000	0.02
972000	0.02
973000	0.02
974000	0.02
975000	0.02
976000	0.02
977000	0.02
978000	0.02
979000	0.02
980000	0.02
981000	0.02
982000	0.02
983000	0.02
984000	0.02
985000	0.02
986000	0.02
987000	0.02
988000	0.02
989000	0.02
990000	0.02
991000	0.02
992000	0.02
993000	0.02
994000	0.02
995000	0.02
996000	0.02
997000	0.02
998000	0.02
999000	0.02
