0	0.261502617500897
1000	0.263985891513068
2000	0.266225941006132
3000	0.268255407381775
4000	0.270101556761769
5000	0.271787302527405
6000	0.273332011860958
7000	0.274752145467368
8000	0.276061767898969
9000	0.277272957018161
10000	0.278396134426845
11000	0.279440333629856
12000	0.280413418871427
13000	0.281322264679333
14000	0.282172903939172
15000	0.282970650628878
16000	0.283720202042679
17000	0.284425724328919
18000	0.285090924386001
19000	0.285719110552066
20000	0.286313244046685
21000	0.286875982746625
22000	0.287409718579808
23000	0.287916609584513
24000	0.288398607491273
25000	0.288857481532679
26000	0.289294839063446
27000	0.289712143473612
28000	0.290110729796712
29000	0.290491818348646
30000	0.290856526678689
31000	0.291205880069412
32000	0.291540820785388
33000	0.291862216239915
34000	0.292170866223532
35000	0.292467509316825
36000	0.292752828592198
37000	0.293027456694312
38000	0.293291980376265
39000	0.293546944557926
40000	0.293792855963783
41000	0.294030186389971
42000	0.294259375643601
43000	0.294480834191878
44000	0.294694945553742
45000	0.294902068462587
46000	0.295102538825113
47000	0.295296671498247
48000	0.295484761903482
49000	0.295667087495621
50000	0.295843909100961
51000	0.296015472138198
52000	0.296182007733815
53000	0.296343733742402
54000	0.296500855681176
55000	0.296653567586997
56000	0.296802052803209
57000	0.29694648470292
58000	0.297087027354605
59000	0.297223836135292
60000	0.297357058296093
61000	0.2974868334843
62000	0.297613294225904
63000	0.297736566371956
64000	0.297856769511901
65000	0.297974017356679
66000	0.298088418094148
67000	0.298200074719097
68000	0.29830908533998
69000	0.298415543464219
70000	0.298519538263821
71000	0.298621154822861
72000	0.298720474368262
73000	0.298817574485153
74000	0.298912529318017
75000	0.299005409758689
76000	0.299096283622183
77000	0.299185215811292
78000	0.299272268470745
79000	0.299357501131714
80000	0.29944097084735
81000	0.299522732319994
82000	0.299602838020659
83000	0.299681338301306
84000	0.299758281500436
85000	0.29983371404245
86000	0.29990768053118
87000	0.299980223838028
88000	0.300051385185025
89000	0.300121204223179
90000	0.300189719106405
91000	0.300256966561343
92000	0.300322981953291
93000	0.300387799348546
94000	0.300451451573348
95000	0.30051397026965
96000	0.300575385947919
97000	0.30063572803714
98000	0.300695024932189
99000	0.300753304038762
100000	0.300810591815967
101000	0.300866913816748
102000	0.300922294726264
103000	0.300976758398326
104000	0.301030327890029
105000	0.301083025494663
106000	0.301134872773013
107000	0.301185890583132
108000	0.301236099108683
109000	0.301285517885913
110000	0.301334165829358
111000	0.301382061256322
112000	0.301429221910221
113000	0.301475664982833
114000	0.301521407135536
115000	0.30156646451956
116000	0.30161085279533
117000	0.301654587150934
118000	0.301697682319759
119000	0.301740152597353
120000	0.301782011857542
121000	0.301823273567836
122000	0.301863950804167
123000	0.301904056265002
124000	0.30194360228483
125000	0.301982600847099
126000	0.30202106359659
127000	0.302059001851277
128000	0.302096426613697
129000	0.302133348581841
130000	0.302169778159605
131000	0.30220572546681
132000	0.302241200348818
133000	0.302276212385763
134000	0.302310770901399
135000	0.302344884971623
136000	0.302378563432629
137000	0.302411814888771
138000	0.302444647720098
139000	0.302477070089609
140000	0.302509089950227
141000	0.302540715051505
142000	0.302571952946073
143000	0.302602810995851
144000	0.302633296378018
145000	0.30266341609077
146000	0.302693176958851
147000	0.302722585638895
148000	0.302751648624557
149000	0.302780372251472
150000	0.30280876270202
151000	0.302836826009937
152000	0.302864568064743
153000	0.302891994616022
154000	0.302919111277551
155000	0.302945923531285
156000	0.302972436731193
157000	0.302998656106977
158000	0.303024586767645
159000	0.303050233704976
160000	0.303075601796859
161000	0.303100695810515
162000	0.303125520405623
163000	0.303150080137329
164000	0.30317437945916
165000	0.30319842272584
166000	0.303222214196012
167000	0.303245758034874
168000	0.303269058316723
169000	0.303292119027425
170000	0.303314944066794
171000	0.303337537250906
172000	0.30335990231433
173000	0.303382042912294
174000	0.303403962622776
175000	0.303425664948542
176000	0.303447153319099
177000	0.30346843109261
178000	0.303489501557733
179000	0.303510367935413
180000	0.303531033380613
181000	0.303551500983999
182000	0.303571773773563
183000	0.303591854716206
184000	0.303611746719276
185000	0.303631452632048
186000	0.303650975247167
187000	0.303670317302054
188000	0.303689481480259
189000	0.30370847041278
190000	0.303727286679347
191000	0.303745932809664
192000	0.30376441128461
193000	0.303782724537422
194000	0.303800874954826
195000	0.303818864878145
196000	0.303836696604375
197000	0.303854372387229
198000	0.303871894438152
199000	0.30388926492731
200000	0.303906485984547
201000	0.303923559700314
202000	0.303940488126586
203000	0.303957273277735
204000	0.303973917131393
205000	0.303990421629284
206000	0.304006788678036
207000	0.304023020149974
208000	0.304039117883884
209000	0.304055083685767
210000	0.304070919329561
211000	0.304086626557859
212000	0.304102207082589
213000	0.304117662585692
214000	0.304132994719777
215000	0.304148205108754
216000	0.304163295348465
217000	0.304178267007277
218000	0.304193121626676
219000	0.304207860721846
220000	0.304222485782222
221000	0.304236998272039
222000	0.304251399630863
223000	0.304265691274112
224000	0.304279874593554
225000	0.304293950957808
226000	0.30430792171282
227000	0.30432178818233
228000	0.304335551668335
229000	0.304349213451528
230000	0.304362774791738
231000	0.304376236928351
232000	0.304389601080728
233000	0.304402868448604
234000	0.304416040212482
235000	0.304429117534026
236000	0.304442101556426
237000	0.304454993404772
238000	0.304467794186408
239000	0.304480504991286
240000	0.304493126892301
241000	0.304505660945628
242000	0.304518108191051
243000	0.304530469652273
244000	0.304542746337232
245000	0.304554939238405
246000	0.304567049333101
247000	0.304579077583753
248000	0.304591024938201
249000	0.304602892329969
250000	0.304614680678531
251000	0.304626390889585
252000	0.3046380238553
253000	0.304649580454576
254000	0.30466106155329
255000	0.304672468004537
256000	0.304683800648861
257000	0.304695060314498
258000	0.304706247817588
259000	0.304717363962405
260000	0.304728409541569
261000	0.30473938533626
262000	0.304750292116426
263000	0.304761130640979
264000	0.304771901657998
265000	0.304782605904922
266000	0.304793244108744
267000	0.304803816986185
268000	0.304814325243886
269000	0.304824769578584
270000	0.304835150677282
271000	0.304845469217425
272000	0.304855725867061
273000	0.304865921285012
274000	0.304876056121024
275000	0.304886131015934
276000	0.304896146601815
277000	0.304906103502131
278000	0.304916002331886
279000	0.304925843697763
280000	0.304935628198269
281000	0.30494535642387
282000	0.304955028957132
283000	0.304964646372849
284000	0.304974209238177
285000	0.304983718112758
286000	0.304993173548847
287000	0.305002576091436
288000	0.305011926278373
289000	0.305021224640477
290000	0.305030471701658
291000	0.305039667979028
292000	0.305048813983012
293000	0.305057910217459
294000	0.305066957179745
295000	0.305075955360882
296000	0.305084905245615
297000	0.305093807312531
298000	0.305102662034147
299000	0.30511146987702
300000	0.305120231301827
301000	0.305128946763471
302000	0.305137616711167
303000	0.305146241588533
304000	0.305154821833674
305000	0.305163357879275
306000	0.305171850152683
307000	0.305180299075985
308000	0.305188705066102
309000	0.305197068534856
310000	0.305205389889055
311000	0.305213669530572
312000	0.305221907856417
313000	0.305230105258811
314000	0.305238262125264
315000	0.305246378838644
316000	0.305254455777245
317000	0.305262493314858
318000	0.30527049182084
319000	0.305278451660182
320000	0.30528637319357
321000	0.305294256777451
322000	0.305302102764101
323000	0.30530991150168
324000	0.305317683334296
325000	0.305325418602066
326000	0.305333117641175
327000	0.305340780783932
328000	0.305348408358825
329000	0.305356000690582
330000	0.305363558100224
331000	0.305371080905117
332000	0.305378569419025
333000	0.305386023952165
334000	0.305393444811254
335000	0.305400832299565
336000	0.305408186716969
337000	0.305415508359994
338000	0.305422797521859
339000	0.305430054492532
340000	0.305437279558773
341000	0.30544447300418
342000	0.305451635109228
343000	0.305458766151323
344000	0.305465866404836
345000	0.305472936141151
346000	0.305479975628703
347000	0.305486985133024
348000	0.305493964916774
349000	0.305500915239794
350000	0.305507836359134
351000	0.305514728529098
352000	0.305521592001273
353000	0.305528427024581
354000	0.305535233845303
355000	0.305542012707114
356000	0.305548763851129
357000	0.305555487515932
358000	0.305562183937608
359000	0.305568853349781
360000	0.305575495983642
361000	0.30558211206799
362000	0.305588701829253
363000	0.305595265491531
364000	0.305601803276618
365000	0.305608315404037
366000	0.305614802091072
367000	0.305621263552791
368000	0.305627700002083
369000	0.305634111649682
370000	0.305640498704195
371000	0.305646861372135
372000	0.30565319985794
373000	0.305659514364009
374000	0.305665805090723
375000	0.30567207223647
376000	0.305678315997677
377000	0.30568453656883
378000	0.305690734142503
379000	0.305696908909377
380000	0.305703061058272
381000	0.305709190776162
382000	0.305715298248207
383000	0.30572138365777
384000	0.305727447186444
385000	0.30573348901407
386000	0.305739509318764
387000	0.305745508276937
388000	0.305751486063316
389000	0.305757442850966
390000	0.305763378811307
391000	0.305769294114142
392000	0.305775188927671
393000	0.305781063418512
394000	0.305786917751725
395000	0.305792752090827
396000	0.30579856659781
397000	0.305804361433166
398000	0.305810136755901
399000	0.30581589272355
400000	0.305821629492204
401000	0.30582734721652
402000	0.305833046049744
403000	0.305838726143722
404000	0.305844387648924
405000	0.305850030714457
406000	0.30585565548808
407000	0.305861262116224
408000	0.305866850744006
409000	0.305872421515246
410000	0.305877974572482
411000	0.305883510056985
412000	0.305889028108774
413000	0.305894528866634
414000	0.305900012468125
415000	0.305905479049603
416000	0.305910928746229
417000	0.305916361691988
418000	0.305921778019699
419000	0.30592717786103
420000	0.305932561346514
421000	0.305937928605557
422000	0.305943279766458
423000	0.305948614956418
424000	0.305953934301553
425000	0.305959237926907
426000	0.305964525956467
427000	0.30596979851317
428000	0.30597505571892
429000	0.305980297694601
430000	0.305985524560083
431000	0.305990736434238
432000	0.305995933434951
433000	0.306001115679133
434000	0.306006283282727
435000	0.306011436360728
436000	0.30601657502718
437000	0.306021699395204
438000	0.306026809576994
439000	0.306031905683839
440000	0.306036987826123
441000	0.306042056113344
442000	0.30604711065412
443000	0.306052151556195
444000	0.30605717892646
445000	0.306062192870952
446000	0.30606719349487
447000	0.306072180902582
448000	0.306077155197635
449000	0.306082116482761
450000	0.306087064859894
451000	0.306092000430171
452000	0.306096923293945
453000	0.306101833550795
454000	0.306106731299528
455000	0.306111616638198
456000	0.306116489664104
457000	0.306121350473808
458000	0.306126199163134
459000	0.306131035827182
460000	0.306135860560339
461000	0.306140673456276
462000	0.306145474607967
463000	0.306150264107693
464000	0.306155042047045
465000	0.306159808516941
466000	0.306164563607624
467000	0.306169307408677
468000	0.306174040009025
469000	0.306178761496943
470000	0.306183471960069
471000	0.306188171485403
472000	0.30619286015932
473000	0.30619753806757
474000	0.306202205295295
475000	0.306206861927025
476000	0.306211508046693
477000	0.306216143737638
478000	0.306220769082609
479000	0.306225384163777
480000	0.306229989062739
481000	0.30623458386052
482000	0.306239168637587
483000	0.30624374347385
484000	0.306248308448669
485000	0.306252863640858
486000	0.306257409128698
487000	0.306261944989935
488000	0.306266471301791
489000	0.306270988140964
490000	0.306275495583642
491000	0.306279993705498
492000	0.306284482581709
493000	0.306288962286946
494000	0.306293432895392
495000	0.306297894480742
496000	0.306302347116208
497000	0.306306790874527
498000	0.306311225827962
499000	0.306315652048313
500000	0.306320069606914
501000	0.306324478574646
502000	0.306328879021938
503000	0.306333271018773
504000	0.306337654634689
505000	0.306342029938792
506000	0.306346396999751
507000	0.306350755885813
508000	0.306355106664796
509000	0.306359449404106
510000	0.306363784170731
511000	0.306368111031252
512000	0.306372430051844
513000	0.306376741298282
514000	0.306381044835947
515000	0.306385340729827
516000	0.306389629044522
517000	0.306393909844251
518000	0.30639818319285
519000	0.306402449153784
520000	0.306406707790149
521000	0.306410959164668
522000	0.306415203339707
523000	0.306419440377272
524000	0.306423670339014
525000	0.306427893286231
526000	0.306432109279878
527000	0.306436318380565
528000	0.306440520648564
529000	0.306444716143808
530000	0.306448904925902
531000	0.30645308705412
532000	0.306457262587414
533000	0.306461431584414
534000	0.306465594103431
535000	0.306469750202464
536000	0.306473899939201
537000	0.306478043371024
538000	0.30648218055501
539000	0.306486311547937
540000	0.306490436406286
541000	0.306494555186244
542000	0.306498667943709
543000	0.306502774734292
544000	0.306506875613321
545000	0.306510970635842
546000	0.306515059856624
547000	0.306519143330164
548000	0.306523221110686
549000	0.306527293252146
550000	0.30653135980824
551000	0.306535420832394
552000	0.306539476377783
553000	0.306543526497323
554000	0.306547571243678
555000	0.306551610669261
556000	0.306555644826238
557000	0.306559673766533
558000	0.306563697541829
559000	0.306567716203568
560000	0.306571729802959
561000	0.306575738390977
562000	0.306579742018368
563000	0.30658374073565
564000	0.306587734593117
565000	0.306591723640842
566000	0.306595707928676
567000	0.306599687506258
568000	0.30660366242301
569000	0.306607632728143
570000	0.30661159847066
571000	0.306615559699358
572000	0.30661951646283
573000	0.306623468809469
574000	0.306627416787468
575000	0.306631360444827
576000	0.306635299829349
577000	0.306639234988647
578000	0.306643165970146
579000	0.306647092821085
580000	0.306651015588519
581000	0.306654934319321
582000	0.306658849060184
583000	0.306662759857627
584000	0.306666666757993
585000	0.306670569807451
586000	0.306674469052004
587000	0.306678364537485
588000	0.306682256309561
589000	0.306686144413739
590000	0.306690028895361
591000	0.306693909799614
592000	0.306697787171527
593000	0.306701661055976
594000	0.306705531497684
595000	0.306709398541221
596000	0.306713262231015
597000	0.306717122611345
598000	0.306720979726347
599000	0.306724833620014
600000	0.306728684336204
601000	0.306732531918632
602000	0.306736376410884
603000	0.306740217856407
604000	0.30674405629852
605000	0.306747891780413
606000	0.306751724345147
607000	0.30675555403566
608000	0.306759380894766
609000	0.306763204965157
610000	0.306767026289408
611000	0.306770844909973
612000	0.306774660869194
613000	0.3067784742093
614000	0.306782284972405
615000	0.306786093200518
616000	0.306789898935536
617000	0.306793702219254
618000	0.30679750309336
619000	0.306801301599441
620000	0.306805097778987
621000	0.306808891673385
622000	0.306812683323929
623000	0.306816472771817
624000	0.306820260058152
625000	0.30682404522395
626000	0.306827828310137
627000	0.306831609357548
628000	0.306835388406939
629000	0.306839165498977
630000	0.306842940674248
631000	0.306846713973259
632000	0.306850485436438
633000	0.306854255104137
634000	0.30685802301663
635000	0.306861789214123
636000	0.306865553736747
637000	0.306869316624565
638000	0.30687307791757
639000	0.30687683765569
640000	0.306880595878787
641000	0.306884352626664
642000	0.30688810793906
643000	0.306891861855654
644000	0.306895614416067
645000	0.306899365659868
646000	0.306903115626567
647000	0.306906864355623
648000	0.306910611886443
649000	0.306914358258389
650000	0.306918103510769
651000	0.306921847682849
652000	0.30692559081385
653000	0.306929332942949
654000	0.306933074109283
655000	0.306936814351949
656000	0.306940553710007
657000	0.30694429222248
658000	0.306948029928358
659000	0.306951766866595
660000	0.306955503076116
661000	0.306959238595817
662000	0.306962973464566
663000	0.3069667077212
664000	0.306970441404537
665000	0.30697417455337
666000	0.30697790720647
667000	0.306981639402587
668000	0.306985371180455
669000	0.30698910257879
670000	0.306992833636293
671000	0.306996564391651
672000	0.307000294883539
673000	0.307004025150623
674000	0.30700775523156
675000	0.307011485165
676000	0.307015214989585
677000	0.307018944743956
678000	0.307022674466753
679000	0.307026404196609
680000	0.307030133972166
681000	0.307033863832062
682000	0.307037593814942
683000	0.307041323959458
684000	0.307045054304267
685000	0.307048784888036
686000	0.30705251574944
687000	0.30705624692717
688000	0.30705997845993
689000	0.307063710386437
690000	0.307067442745426
691000	0.307071175575652
692000	0.307074908915888
693000	0.307078642804931
694000	0.307082377281599
695000	0.307086112384739
696000	0.307089848153219
697000	0.30709358462594
698000	0.307097321841831
699000	0.307101059839851
700000	0.307104798658996
701000	0.307108538338293
702000	0.307112278916808
703000	0.307116020433643
704000	0.30711976292794
705000	0.307123506438886
706000	0.307127251005706
707000	0.307130996667672
708000	0.307134743464101
709000	0.307138491434362
710000	0.307142240617868
711000	0.307145991054086
712000	0.307149742782537
713000	0.307153495842796
714000	0.307157250274493
715000	0.307161006117317
716000	0.307164763411016
717000	0.307168522195402
718000	0.307172282510347
719000	0.30717604439579
720000	0.307179807891735
721000	0.307183573038255
722000	0.307187339875494
723000	0.307191108443667
724000	0.307194878783062
725000	0.30719865093404
726000	0.307202424937045
727000	0.307206200832595
728000	0.307209978661291
729000	0.307213758463814
730000	0.307217540280932
731000	0.307221324153495
732000	0.307225110122444
733000	0.307228898228809
734000	0.307232688513712
735000	0.307236481018364
736000	0.307240275784077
737000	0.307244072852254
738000	0.307247872264402
739000	0.307251674062125
740000	0.307255478287131
741000	0.307259284981231
742000	0.307263094186344
743000	0.307266905944496
744000	0.307270720297822
745000	0.307274537288571
746000	0.307278356959106
747000	0.307282179351903
748000	0.307286004509557
749000	0.307289832474785
750000	0.307293663290421
751000	0.307297496999428
752000	0.307301333644891
753000	0.307305173270024
754000	0.30730901591817
755000	0.307312861632804
756000	0.307316710457535
757000	0.307320562436108
758000	0.307324417612405
759000	0.307328276030448
760000	0.307332137734404
761000	0.307336002768581
762000	0.307339871177431
763000	0.307343743005561
764000	0.307347618297723
765000	0.307351497098825
766000	0.307355379453928
767000	0.30735926540825
768000	0.307363155007171
769000	0.307367048296229
770000	0.307370945321129
771000	0.307374846127739
772000	0.307378750762097
773000	0.307382659270413
774000	0.307386571699067
775000	0.307390488094616
776000	0.307394408503793
777000	0.307398332973513
778000	0.307402261550872
779000	0.307406194283152
780000	0.30741013121782
781000	0.307414072402535
782000	0.307418017885146
783000	0.307421967713696
784000	0.307425921936427
785000	0.307429880601779
786000	0.307433843758395
787000	0.307437811455122
788000	0.307441783741014
789000	0.307445760665334
790000	0.307449742277558
791000	0.307453728627377
792000	0.307457719764698
793000	0.307461715739651
794000	0.307465716602586
795000	0.307469722404082
796000	0.307473733194942
797000	0.307477749026203
798000	0.307481769949136
799000	0.307485796015248
800000	0.307489827276284
801000	0.307493863784235
802000	0.307497905591333
803000	0.307501952750063
804000	0.307506005313156
805000	0.3075100633336
806000	0.30751412686464
807000	0.307518195959779
808000	0.307522270672788
809000	0.307526351057698
810000	0.307530437168814
811000	0.307534529060712
812000	0.307538626788241
813000	0.307542730406533
814000	0.307546839970997
815000	0.307550955537331
816000	0.307555077161522
817000	0.307559204899846
818000	0.307563338808875
819000	0.307567478945481
820000	0.307571625366834
821000	0.307575778130414
822000	0.307579937294005
823000	0.307584102915708
824000	0.307588275053938
825000	0.307592453767428
826000	0.307596639115234
827000	0.307600831156739
828000	0.307605029951658
829000	0.307609235560037
830000	0.307613448042261
831000	0.307617667459058
832000	0.3076218938715
833000	0.307626127341006
834000	0.30763036792935
835000	0.307634615698665
836000	0.307638870711441
837000	0.307643133030535
838000	0.307647402719174
839000	0.307651679840956
840000	0.307655964459857
841000	0.307660256640235
842000	0.307664556446833
843000	0.307668863944784
844000	0.307673179199618
845000	0.307677502277257
846000	0.307681833244033
847000	0.307686172166683
848000	0.307690519112354
849000	0.307694874148611
850000	0.307699237343441
851000	0.307703608765257
852000	0.307707988482899
853000	0.307712376565648
854000	0.307716773083219
855000	0.307721178105779
856000	0.307725591703935
857000	0.307730013948759
858000	0.307734444911776
859000	0.307738884664979
860000	0.30774333328083
861000	0.307747790832266
862000	0.307752257392705
863000	0.30775673303605
864000	0.307761217836696
865000	0.307765711869535
866000	0.30777021520996
867000	0.307774727933871
868000	0.307779250117682
869000	0.307783781838326
870000	0.307788323173261
871000	0.307792874200474
872000	0.307797434998491
873000	0.307802005646376
874000	0.307806586223745
875000	0.307811176810766
876000	0.307815777488169
877000	0.30782038833725
878000	0.307825009439877
879000	0.3078296408785
880000	0.307834282736154
881000	0.307838935096463
882000	0.307843598043653
883000	0.307848271662557
884000	0.307852956038617
885000	0.307857651257895
886000	0.307862357407082
887000	0.307867074573497
888000	0.307871802845105
889000	0.307876542310514
890000	0.307881293058989
891000	0.307886055180455
892000	0.307890828765509
893000	0.307895613905423
894000	0.307900410692155
895000	0.307905219218353
896000	0.30791003957737
897000	0.30791487186326
898000	0.307919716170799
899000	0.307924572595485
900000	0.307929441233549
901000	0.307934322181962
902000	0.307939215538444
903000	0.307944121401473
904000	0.307949039870293
905000	0.307953971044926
906000	0.307958915026171
907000	0.307963871915626
908000	0.30796884181569
909000	0.307973824829571
910000	0.307978821061301
911000	0.307983830615736
912000	0.307988853598576
913000	0.307993890116369
914000	0.307998940276523
915000	0.308004004187312
916000	0.308009081957893
917000	0.30801417369831
918000	0.308019279519504
919000	0.30802439953333
920000	0.30802953385256
921000	0.3080346825909
922000	0.308039845862997
923000	0.308045023784452
924000	0.308050216471829
925000	0.308055424042667
926000	0.308060646615497
927000	0.308065884309841
928000	0.308071137246238
929000	0.308076405546247
930000	0.308081689332463
931000	0.308086988728525
932000	0.308092303859136
933000	0.308097634850067
934000	0.308102981828174
935000	0.308108344921412
936000	0.308113724258847
937000	0.30811911997067
938000	0.308124532188207
939000	0.308129961043936
940000	0.308135406671503
941000	0.30814086920573
942000	0.308146348782634
943000	0.308151845539441
944000	0.308157359614598
945000	0.30816289114779
946000	0.308168440279957
947000	0.308174007153303
948000	0.308179591911318
949000	0.308185194698793
950000	0.30819081566183
951000	0.308196454947865
952000	0.308202112705683
953000	0.308207789085432
954000	0.308213484238639
955000	0.308219198318236
956000	0.308224931478565
957000	0.308230683875404
958000	0.308236455665982
959000	0.308242247009
960000	0.308248058064644
961000	0.308253888994609
962000	0.308259739962115
963000	0.308265611131928
964000	0.308271502670376
965000	0.308277414745375
966000	0.308283347526445
967000	0.308289301184728
968000	0.308295275893016
969000	0.308301271825766
970000	0.308307289159123
971000	0.308313328070942
972000	0.308319388740811
973000	0.308325471350073
974000	0.308331576081844
975000	0.308337703121044
976000	0.308343852654415
977000	0.308350024870548
978000	0.308356219959903
979000	0.308362438114834
980000	0.308368679529622
981000	0.308374944400489
982000	0.308381232925631
983000	0.308387545305239
984000	0.308393881741532
985000	0.308400242438775
986000	0.308406627603317
987000	0.308413037443608
988000	0.308419472170234
989000	0.308425931995946
990000	0.308432417135681
991000	0.308438927806607
992000	0.308445464228132
993000	0.308452026621954
994000	0.30845861521208
995000	0.308465230224863
996000	0.308471871889031
997000	0.308478540435721
998000	0.308485236098513
999000	0.308491959113461
