0	0.240001323740327
1000	0.241236727535811
2000	0.242312306245039
3000	0.243250134378919
4000	0.244068938089391
5000	0.244784664331073
6000	0.245410941578924
7000	0.24595945481318
8000	0.246440252401725
9000	0.246861998608595
10000	0.247232182459803
11000	0.247557291390602
12000	0.247842956317866
13000	0.24809407340271
14000	0.248314906697018
15000	0.248509175031362
16000	0.248680125846422
17000	0.248830598153866
18000	0.248963076404424
19000	0.249079736716281
20000	0.249182486657674
21000	0.249272999569432
22000	0.249352744245291
23000	0.249423010651652
24000	0.249484932257545
25000	0.249539505454703
26000	0.249587606472937
27000	0.249630006134204
28000	0.249667382737446
29000	0.249700333323496
30000	0.249729383533434
31000	0.249754996243645
32000	0.24977757913531
33000	0.249797491334462
34000	0.249815049240351
35000	0.249830531644167
36000	0.249844184226719
37000	0.249856223512145
38000	0.249866840344777
39000	0.249876202947709
40000	0.249884459614224
41000	0.249891741076755
42000	0.249898162592533
43000	0.249903825780175
44000	0.249908820237255
45000	0.249913224965211
46000	0.249917109624712
47000	0.249920535641809
48000	0.249923557182697
49000	0.249926222012803
50000	0.249928572253972
51000	0.249930645051907
52000	0.249932473164525
53000	0.249934085480646
54000	0.249935507477279
55000	0.24993676162279
56000	0.249937867732388
57000	0.249938843281555
58000	0.249939703682429
59000	0.249940462527506
60000	0.249941131804548
61000	0.249941722086085
62000	0.249942242696536
63000	0.249942701859579
64000	0.249943106828122
65000	0.249943463998913
66000	0.24994377901362
67000	0.249944056847972
68000	0.249944301890378
69000	0.249944518011257
70000	0.249944708624185
71000	0.249944876739822
72000	0.249945025013475
73000	0.249945155787042
74000	0.249945271126004
75000	0.249945372852055
76000	0.249945462571879
77000	0.249945541702522
78000	0.249945611493781
79000	0.249945673047943
80000	0.249945727337194
81000	0.249945775218978
82000	0.249945817449536
83000	0.249945854695854
84000	0.249945887546197
85000	0.249945916519399
86000	0.249945942073057
87000	0.249945964610763
88000	0.249945984488472
89000	0.24994600202013
90000	0.249946017482627
91000	0.249946031120176
92000	0.249946043148164
93000	0.24994605375656
94000	0.249946063112908
95000	0.249946071364981
96000	0.249946078643111
97000	0.249946085062246
98000	0.249946090723768
99000	0.249946095717095
100000	0.249946100121088
101000	0.249946104005304
102000	0.249946107431089
103000	0.249946110452549
104000	0.249946113117405
105000	0.249946115467743
106000	0.249946117540684
107000	0.249946119368969
108000	0.249946120981472
109000	0.249946122403661
110000	0.249946123657997
111000	0.249946124764291
112000	0.249946125740017
113000	0.249946126600583
114000	0.249946127359581
115000	0.249946128029
116000	0.249946128619411
117000	0.249946129140139
118000	0.249946129599409
119000	0.249946130004474
120000	0.249946130361732
121000	0.249946130676825
122000	0.249946130954729
123000	0.249946131199833
124000	0.24994613141601
125000	0.249946131606672
126000	0.249946131774832
127000	0.249946131923145
128000	0.249946132053953
129000	0.249946132169323
130000	0.249946132271077
131000	0.249946132360821
132000	0.249946132439973
133000	0.249946132509783
134000	0.249946132571354
135000	0.249946132625659
136000	0.249946132673553
137000	0.249946132715796
138000	0.249946132753052
139000	0.249946132785911
140000	0.249946132814893
141000	0.249946132840453
142000	0.249946132862997
143000	0.24994613288288
144000	0.249946132900417
145000	0.249946132915883
146000	0.249946132929525
147000	0.249946132941556
148000	0.249946132952168
149000	0.249946132961527
150000	0.249946132969781
151000	0.249946132977061
152000	0.249946132983482
153000	0.249946132989145
154000	0.24994613299414
155000	0.249946132998545
156000	0.24994613300243
157000	0.249946133005857
158000	0.249946133008879
159000	0.249946133011545
160000	0.249946133013896
161000	0.249946133015969
162000	0.249946133017798
163000	0.249946133019411
164000	0.249946133020833
165000	0.249946133022088
166000	0.249946133023195
167000	0.24994613302417
168000	0.249946133025031
169000	0.249946133025791
170000	0.24994613302646
171000	0.24994613302705
172000	0.249946133027572
173000	0.249946133028032
174000	0.249946133028436
175000	0.249946133028792
176000	0.249946133029109
177000	0.249946133029387
178000	0.249946133029631
179000	0.249946133029847
180000	0.24994613303004
181000	0.249946133030206
182000	0.249946133030352
183000	0.249946133030487
184000	0.249946133030598
185000	0.249946133030704
186000	0.249946133030788
187000	0.249946133030871
188000	0.24994613303094
189000	0.249946133030996
190000	0.249946133031051
191000	0.249946133031107
192000	0.249946133031147
193000	0.249946133031175
194000	0.249946133031203
195000	0.249946133031231
196000	0.249946133031259
197000	0.249946133031286
198000	0.249946133031314
199000	0.249946133031342
200000	0.249946133031354
201000	0.249946133031354
202000	0.249946133031354
203000	0.249946133031354
204000	0.249946133031354
205000	0.249946133031354
206000	0.249946133031354
207000	0.249946133031354
208000	0.249946133031354
209000	0.249946133031354
210000	0.249946133031354
211000	0.249946133031354
212000	0.249946133031354
213000	0.249946133031354
214000	0.249946133031354
215000	0.249946133031354
216000	0.249946133031354
217000	0.249946133031354
218000	0.249946133031354
219000	0.249946133031354
220000	0.249946133031354
221000	0.249946133031354
222000	0.249946133031354
223000	0.249946133031354
224000	0.249946133031354
225000	0.249946133031354
226000	0.249946133031354
227000	0.249946133031354
228000	0.249946133031354
229000	0.249946133031354
230000	0.249946133031354
231000	0.249946133031354
232000	0.249946133031354
233000	0.249946133031354
234000	0.249946133031354
235000	0.249946133031354
236000	0.249946133031354
237000	0.249946133031354
238000	0.249946133031354
239000	0.249946133031354
240000	0.249946133031354
241000	0.249946133031354
242000	0.249946133031354
243000	0.249946133031354
244000	0.249946133031354
245000	0.249946133031354
246000	0.249946133031354
247000	0.249946133031354
248000	0.249946133031354
249000	0.249946133031354
250000	0.249946133031354
251000	0.249946133031354
252000	0.249946133031354
253000	0.249946133031354
254000	0.249946133031354
255000	0.249946133031354
256000	0.249946133031354
257000	0.249946133031354
258000	0.249946133031354
259000	0.249946133031354
260000	0.249946133031354
261000	0.249946133031354
262000	0.249946133031354
263000	0.249946133031354
264000	0.249946133031354
265000	0.249946133031354
266000	0.249946133031354
267000	0.249946133031354
268000	0.249946133031354
269000	0.249946133031354
270000	0.249946133031354
271000	0.249946133031354
272000	0.249946133031354
273000	0.249946133031354
274000	0.249946133031354
275000	0.249946133031354
276000	0.249946133031354
277000	0.249946133031354
278000	0.249946133031354
279000	0.249946133031354
280000	0.249946133031354
281000	0.249946133031354
282000	0.249946133031354
283000	0.249946133031354
284000	0.249946133031354
285000	0.249946133031354
286000	0.249946133031354
287000	0.249946133031354
288000	0.249946133031354
289000	0.249946133031354
290000	0.249946133031354
291000	0.249946133031354
292000	0.249946133031354
293000	0.249946133031354
294000	0.249946133031354
295000	0.249946133031354
296000	0.249946133031354
297000	0.249946133031354
298000	0.249946133031354
299000	0.249946133031354
300000	0.249946133031354
301000	0.249946133031354
302000	0.249946133031354
303000	0.249946133031354
304000	0.249946133031354
305000	0.249946133031354
306000	0.249946133031354
307000	0.249946133031354
308000	0.249946133031354
309000	0.249946133031354
310000	0.249946133031354
311000	0.249946133031354
312000	0.249946133031354
313000	0.249946133031354
314000	0.249946133031354
315000	0.249946133031354
316000	0.249946133031354
317000	0.249946133031354
318000	0.249946133031354
319000	0.249946133031354
320000	0.249946133031354
321000	0.249946133031354
322000	0.249946133031354
323000	0.249946133031354
324000	0.249946133031354
325000	0.249946133031354
326000	0.249946133031354
327000	0.249946133031354
328000	0.249946133031354
329000	0.249946133031354
330000	0.249946133031354
331000	0.249946133031354
332000	0.249946133031354
333000	0.249946133031354
334000	0.249946133031354
335000	0.249946133031354
336000	0.249946133031354
337000	0.249946133031354
338000	0.249946133031354
339000	0.249946133031354
340000	0.249946133031354
341000	0.249946133031354
342000	0.249946133031354
343000	0.249946133031354
344000	0.249946133031354
345000	0.249946133031354
346000	0.249946133031354
347000	0.249946133031354
348000	0.249946133031354
349000	0.249946133031354
350000	0.249946133031354
351000	0.249946133031354
352000	0.249946133031354
353000	0.249946133031354
354000	0.249946133031354
355000	0.249946133031354
356000	0.249946133031354
357000	0.249946133031354
358000	0.249946133031354
359000	0.249946133031354
360000	0.249946133031354
361000	0.249946133031354
362000	0.249946133031354
363000	0.249946133031354
364000	0.249946133031354
365000	0.249946133031354
366000	0.249946133031354
367000	0.249946133031354
368000	0.249946133031354
369000	0.249946133031354
370000	0.249946133031354
371000	0.249946133031354
372000	0.249946133031354
373000	0.249946133031354
374000	0.249946133031354
375000	0.249946133031354
376000	0.249946133031354
377000	0.249946133031354
378000	0.249946133031354
379000	0.249946133031354
380000	0.249946133031354
381000	0.249946133031354
382000	0.249946133031354
383000	0.249946133031354
384000	0.249946133031354
385000	0.249946133031354
386000	0.249946133031354
387000	0.249946133031354
388000	0.249946133031354
389000	0.249946133031354
390000	0.249946133031354
391000	0.249946133031354
392000	0.249946133031354
393000	0.249946133031354
394000	0.249946133031354
395000	0.249946133031354
396000	0.249946133031354
397000	0.249946133031354
398000	0.249946133031354
399000	0.249946133031354
400000	0.249946133031354
401000	0.249946133031354
402000	0.249946133031354
403000	0.249946133031354
404000	0.249946133031354
405000	0.249946133031354
406000	0.249946133031354
407000	0.249946133031354
408000	0.249946133031354
409000	0.249946133031354
410000	0.249946133031354
411000	0.249946133031354
412000	0.249946133031354
413000	0.249946133031354
414000	0.249946133031354
415000	0.249946133031354
416000	0.249946133031354
417000	0.249946133031354
418000	0.249946133031354
419000	0.249946133031354
420000	0.249946133031354
421000	0.249946133031354
422000	0.249946133031354
423000	0.249946133031354
424000	0.249946133031354
425000	0.249946133031354
426000	0.249946133031354
427000	0.249946133031354
428000	0.249946133031354
429000	0.249946133031354
430000	0.249946133031354
431000	0.249946133031354
432000	0.249946133031354
433000	0.249946133031354
434000	0.249946133031354
435000	0.249946133031354
436000	0.249946133031354
437000	0.249946133031354
438000	0.249946133031354
439000	0.249946133031354
440000	0.249946133031354
441000	0.249946133031354
442000	0.249946133031354
443000	0.249946133031354
444000	0.249946133031354
445000	0.249946133031354
446000	0.249946133031354
447000	0.249946133031354
448000	0.249946133031354
449000	0.249946133031354
450000	0.249946133031354
451000	0.249946133031354
452000	0.249946133031354
453000	0.249946133031354
454000	0.249946133031354
455000	0.249946133031354
456000	0.249946133031354
457000	0.249946133031354
458000	0.249946133031354
459000	0.249946133031354
460000	0.249946133031354
461000	0.249946133031354
462000	0.249946133031354
463000	0.249946133031354
464000	0.249946133031354
465000	0.249946133031354
466000	0.249946133031354
467000	0.249946133031354
468000	0.249946133031354
469000	0.249946133031354
470000	0.249946133031354
471000	0.249946133031354
472000	0.249946133031354
473000	0.249946133031354
474000	0.249946133031354
475000	0.249946133031354
476000	0.249946133031354
477000	0.249946133031354
478000	0.249946133031354
479000	0.249946133031354
480000	0.249946133031354
481000	0.249946133031354
482000	0.249946133031354
483000	0.249946133031354
484000	0.249946133031354
485000	0.249946133031354
486000	0.249946133031354
487000	0.249946133031354
488000	0.249946133031354
489000	0.249946133031354
490000	0.249946133031354
491000	0.249946133031354
492000	0.249946133031354
493000	0.249946133031354
494000	0.249946133031354
495000	0.249946133031354
496000	0.249946133031354
497000	0.249946133031354
498000	0.249946133031354
499000	0.249946133031354
500000	0.249946133031354
501000	0.249946133031354
502000	0.249946133031354
503000	0.249946133031354
504000	0.249946133031354
505000	0.249946133031354
506000	0.249946133031354
507000	0.249946133031354
508000	0.249946133031354
509000	0.249946133031354
510000	0.249946133031354
511000	0.249946133031354
512000	0.249946133031354
513000	0.249946133031354
514000	0.249946133031354
515000	0.249946133031354
516000	0.249946133031354
517000	0.249946133031354
518000	0.249946133031354
519000	0.249946133031354
520000	0.249946133031354
521000	0.249946133031354
522000	0.249946133031354
523000	0.249946133031354
524000	0.249946133031354
525000	0.249946133031354
526000	0.249946133031354
527000	0.249946133031354
528000	0.249946133031354
529000	0.249946133031354
530000	0.249946133031354
531000	0.249946133031354
532000	0.249946133031354
533000	0.249946133031354
534000	0.249946133031354
535000	0.249946133031354
536000	0.249946133031354
537000	0.249946133031354
538000	0.249946133031354
539000	0.249946133031354
540000	0.249946133031354
541000	0.249946133031354
542000	0.249946133031354
543000	0.249946133031354
544000	0.249946133031354
545000	0.249946133031354
546000	0.249946133031354
547000	0.249946133031354
548000	0.249946133031354
549000	0.249946133031354
550000	0.249946133031354
551000	0.249946133031354
552000	0.249946133031354
553000	0.249946133031354
554000	0.249946133031354
555000	0.249946133031354
556000	0.249946133031354
557000	0.249946133031354
558000	0.249946133031354
559000	0.249946133031354
560000	0.249946133031354
561000	0.249946133031354
562000	0.249946133031354
563000	0.249946133031354
564000	0.249946133031354
565000	0.249946133031354
566000	0.249946133031354
567000	0.249946133031354
568000	0.249946133031354
569000	0.249946133031354
570000	0.249946133031354
571000	0.249946133031354
572000	0.249946133031354
573000	0.249946133031354
574000	0.249946133031354
575000	0.249946133031354
576000	0.249946133031354
577000	0.249946133031354
578000	0.249946133031354
579000	0.249946133031354
580000	0.249946133031354
581000	0.249946133031354
582000	0.249946133031354
583000	0.249946133031354
584000	0.249946133031354
585000	0.249946133031354
586000	0.249946133031354
587000	0.249946133031354
588000	0.249946133031354
589000	0.249946133031354
590000	0.249946133031354
591000	0.249946133031354
592000	0.249946133031354
593000	0.249946133031354
594000	0.249946133031354
595000	0.249946133031354
596000	0.249946133031354
597000	0.249946133031354
598000	0.249946133031354
599000	0.249946133031354
600000	0.249946133031354
601000	0.249946133031354
602000	0.249946133031354
603000	0.249946133031354
604000	0.249946133031354
605000	0.249946133031354
606000	0.249946133031354
607000	0.249946133031354
608000	0.249946133031354
609000	0.249946133031354
610000	0.249946133031354
611000	0.249946133031354
612000	0.249946133031354
613000	0.249946133031354
614000	0.249946133031354
615000	0.249946133031354
616000	0.249946133031354
617000	0.249946133031354
618000	0.249946133031354
619000	0.249946133031354
620000	0.249946133031354
621000	0.249946133031354
622000	0.249946133031354
623000	0.249946133031354
624000	0.249946133031354
625000	0.249946133031354
626000	0.249946133031354
627000	0.249946133031354
628000	0.249946133031354
629000	0.249946133031354
630000	0.249946133031354
631000	0.249946133031354
632000	0.249946133031354
633000	0.249946133031354
634000	0.249946133031354
635000	0.249946133031354
636000	0.249946133031354
637000	0.249946133031354
638000	0.249946133031354
639000	0.249946133031354
640000	0.249946133031354
641000	0.249946133031354
642000	0.249946133031354
643000	0.249946133031354
644000	0.249946133031354
645000	0.249946133031354
646000	0.249946133031354
647000	0.249946133031354
648000	0.249946133031354
649000	0.249946133031354
650000	0.249946133031354
651000	0.249946133031354
652000	0.249946133031354
653000	0.249946133031354
654000	0.249946133031354
655000	0.249946133031354
656000	0.249946133031354
657000	0.249946133031354
658000	0.249946133031354
659000	0.249946133031354
660000	0.249946133031354
661000	0.249946133031354
662000	0.249946133031354
663000	0.249946133031354
664000	0.249946133031354
665000	0.249946133031354
666000	0.249946133031354
667000	0.249946133031354
668000	0.249946133031354
669000	0.249946133031354
670000	0.249946133031354
671000	0.249946133031354
672000	0.249946133031354
673000	0.249946133031354
674000	0.249946133031354
675000	0.249946133031354
676000	0.249946133031354
677000	0.249946133031354
678000	0.249946133031354
679000	0.249946133031354
680000	0.249946133031354
681000	0.249946133031354
682000	0.249946133031354
683000	0.249946133031354
684000	0.249946133031354
685000	0.249946133031354
686000	0.249946133031354
687000	0.249946133031354
688000	0.249946133031354
689000	0.249946133031354
690000	0.249946133031354
691000	0.249946133031354
692000	0.249946133031354
693000	0.249946133031354
694000	0.249946133031354
695000	0.249946133031354
696000	0.249946133031354
697000	0.249946133031354
698000	0.249946133031354
699000	0.249946133031354
700000	0.249946133031354
701000	0.249946133031354
702000	0.249946133031354
703000	0.249946133031354
704000	0.249946133031354
705000	0.249946133031354
706000	0.249946133031354
707000	0.249946133031354
708000	0.249946133031354
709000	0.249946133031354
710000	0.249946133031354
711000	0.249946133031354
712000	0.249946133031354
713000	0.249946133031354
714000	0.249946133031354
715000	0.249946133031354
716000	0.249946133031354
717000	0.249946133031354
718000	0.249946133031354
719000	0.249946133031354
720000	0.249946133031354
721000	0.249946133031354
722000	0.249946133031354
723000	0.249946133031354
724000	0.249946133031354
725000	0.249946133031354
726000	0.249946133031354
727000	0.249946133031354
728000	0.249946133031354
729000	0.249946133031354
730000	0.249946133031354
731000	0.249946133031354
732000	0.249946133031354
733000	0.249946133031354
734000	0.249946133031354
735000	0.249946133031354
736000	0.249946133031354
737000	0.249946133031354
738000	0.249946133031354
739000	0.249946133031354
740000	0.249946133031354
741000	0.249946133031354
742000	0.249946133031354
743000	0.249946133031354
744000	0.249946133031354
745000	0.249946133031354
746000	0.249946133031354
747000	0.249946133031354
748000	0.249946133031354
749000	0.249946133031354
750000	0.249946133031354
751000	0.249946133031354
752000	0.249946133031354
753000	0.249946133031354
754000	0.249946133031354
755000	0.249946133031354
756000	0.249946133031354
757000	0.249946133031354
758000	0.249946133031354
759000	0.249946133031354
760000	0.249946133031354
761000	0.249946133031354
762000	0.249946133031354
763000	0.249946133031354
764000	0.249946133031354
765000	0.249946133031354
766000	0.249946133031354
767000	0.249946133031354
768000	0.249946133031354
769000	0.249946133031354
770000	0.249946133031354
771000	0.249946133031354
772000	0.249946133031354
773000	0.249946133031354
774000	0.249946133031354
775000	0.249946133031354
776000	0.249946133031354
777000	0.249946133031354
778000	0.249946133031354
779000	0.249946133031354
780000	0.249946133031354
781000	0.249946133031354
782000	0.249946133031354
783000	0.249946133031354
784000	0.249946133031354
785000	0.249946133031354
786000	0.249946133031354
787000	0.249946133031354
788000	0.249946133031354
789000	0.249946133031354
790000	0.249946133031354
791000	0.249946133031354
792000	0.249946133031354
793000	0.249946133031354
794000	0.249946133031354
795000	0.249946133031354
796000	0.249946133031354
797000	0.249946133031354
798000	0.249946133031354
799000	0.249946133031354
800000	0.249946133031354
801000	0.249946133031354
802000	0.249946133031354
803000	0.249946133031354
804000	0.249946133031354
805000	0.249946133031354
806000	0.249946133031354
807000	0.249946133031354
808000	0.249946133031354
809000	0.249946133031354
810000	0.249946133031354
811000	0.249946133031354
812000	0.249946133031354
813000	0.249946133031354
814000	0.249946133031354
815000	0.249946133031354
816000	0.249946133031354
817000	0.249946133031354
818000	0.249946133031354
819000	0.249946133031354
820000	0.249946133031354
821000	0.249946133031354
822000	0.249946133031354
823000	0.249946133031354
824000	0.249946133031354
825000	0.249946133031354
826000	0.249946133031354
827000	0.249946133031354
828000	0.249946133031354
829000	0.249946133031354
830000	0.249946133031354
831000	0.249946133031354
832000	0.249946133031354
833000	0.249946133031354
834000	0.249946133031354
835000	0.249946133031354
836000	0.249946133031354
837000	0.249946133031354
838000	0.249946133031354
839000	0.249946133031354
840000	0.249946133031354
841000	0.249946133031354
842000	0.249946133031354
843000	0.249946133031354
844000	0.249946133031354
845000	0.249946133031354
846000	0.249946133031354
847000	0.249946133031354
848000	0.249946133031354
849000	0.249946133031354
850000	0.249946133031354
851000	0.249946133031354
852000	0.249946133031354
853000	0.249946133031354
854000	0.249946133031354
855000	0.249946133031354
856000	0.249946133031354
857000	0.249946133031354
858000	0.249946133031354
859000	0.249946133031354
860000	0.249946133031354
861000	0.249946133031354
862000	0.249946133031354
863000	0.249946133031354
864000	0.249946133031354
865000	0.249946133031354
866000	0.249946133031354
867000	0.249946133031354
868000	0.249946133031354
869000	0.249946133031354
870000	0.249946133031354
871000	0.249946133031354
872000	0.249946133031354
873000	0.249946133031354
874000	0.249946133031354
875000	0.249946133031354
876000	0.249946133031354
877000	0.249946133031354
878000	0.249946133031354
879000	0.249946133031354
880000	0.249946133031354
881000	0.249946133031354
882000	0.249946133031354
883000	0.249946133031354
884000	0.249946133031354
885000	0.249946133031354
886000	0.249946133031354
887000	0.249946133031354
888000	0.249946133031354
889000	0.249946133031354
890000	0.249946133031354
891000	0.249946133031354
892000	0.249946133031354
893000	0.249946133031354
894000	0.249946133031354
895000	0.249946133031354
896000	0.249946133031354
897000	0.249946133031354
898000	0.249946133031354
899000	0.249946133031354
900000	0.249946133031354
901000	0.249946133031354
902000	0.249946133031354
903000	0.249946133031354
904000	0.249946133031354
905000	0.249946133031354
906000	0.249946133031354
907000	0.249946133031354
908000	0.249946133031354
909000	0.249946133031354
910000	0.249946133031354
911000	0.249946133031354
912000	0.249946133031354
913000	0.249946133031354
914000	0.249946133031354
915000	0.249946133031354
916000	0.249946133031354
917000	0.249946133031354
918000	0.249946133031354
919000	0.249946133031354
920000	0.249946133031354
921000	0.249946133031354
922000	0.249946133031354
923000	0.249946133031354
924000	0.249946133031354
925000	0.249946133031354
926000	0.249946133031354
927000	0.249946133031354
928000	0.249946133031354
929000	0.249946133031354
930000	0.249946133031354
931000	0.249946133031354
932000	0.249946133031354
933000	0.249946133031354
934000	0.249946133031354
935000	0.249946133031354
936000	0.249946133031354
937000	0.249946133031354
938000	0.249946133031354
939000	0.249946133031354
940000	0.249946133031354
941000	0.249946133031354
942000	0.249946133031354
943000	0.249946133031354
944000	0.249946133031354
945000	0.249946133031354
946000	0.249946133031354
947000	0.249946133031354
948000	0.249946133031354
949000	0.249946133031354
950000	0.249946133031354
951000	0.249946133031354
952000	0.249946133031354
953000	0.249946133031354
954000	0.249946133031354
955000	0.249946133031354
956000	0.249946133031354
957000	0.249946133031354
958000	0.249946133031354
959000	0.249946133031354
960000	0.249946133031354
961000	0.249946133031354
962000	0.249946133031354
963000	0.249946133031354
964000	0.249946133031354
965000	0.249946133031354
966000	0.249946133031354
967000	0.249946133031354
968000	0.249946133031354
969000	0.249946133031354
970000	0.249946133031354
971000	0.249946133031354
972000	0.249946133031354
973000	0.249946133031354
974000	0.249946133031354
975000	0.249946133031354
976000	0.249946133031354
977000	0.249946133031354
978000	0.249946133031354
979000	0.249946133031354
980000	0.249946133031354
981000	0.249946133031354
982000	0.249946133031354
983000	0.249946133031354
984000	0.249946133031354
985000	0.249946133031354
986000	0.249946133031354
987000	0.249946133031354
988000	0.249946133031354
989000	0.249946133031354
990000	0.249946133031354
991000	0.249946133031354
992000	0.249946133031354
993000	0.249946133031354
994000	0.249946133031354
995000	0.249946133031354
996000	0.249946133031354
997000	0.249946133031354
998000	0.249946133031354
999000	0.249946133031354
