0	0.261602625136331
1000	0.264093364583652
2000	0.266340584519704
3000	0.268376982523754
4000	0.27022986919364
5000	0.271922193343672
6000	0.273473350559194
7000	0.274899824450095
8000	0.27621569814745
9000	0.277433064667878
10000	0.278562358040802
11000	0.279612622015118
12000	0.280591729321025
13000	0.281506561549155
14000	0.282363157490135
15000	0.283166836080339
16000	0.283922298794936
17000	0.284633715321747
18000	0.285304795567168
19000	0.285938850435212
20000	0.286538843342093
21000	0.287107434051748
22000	0.28764701611898
23000	0.288159748989291
24000	0.288647585614488
25000	0.289112296290551
26000	0.289555489301151
27000	0.289978628850508
28000	0.290383050688092
29000	0.290769975761451
30000	0.291140522179023
31000	0.291495715720076
32000	0.291836499091944
33000	0.292163740104025
34000	0.292478238902518
35000	0.292780734388573
36000	0.293071909924649
37000	0.293352398418897
38000	0.293622786864765
39000	0.293883620402274
40000	0.294135405958433
41000	0.294378615516484
42000	0.294613689057163
43000	0.294841037209517
44000	0.295061043643996
45000	0.295274067236483
46000	0.295480444028245
47000	0.295680489003877
48000	0.295874497706477
49000	0.296062747707177
50000	0.29624549994399
51000	0.296422999943311
52000	0.296595478935827
53000	0.296763154877306
54000	0.296926233383529
55000	0.297084908587658
56000	0.29723936392741
57000	0.297389772868624
58000	0.29753629957111
59000	0.297679099502074
60000	0.297818320001837
61000	0.297954100806123
62000	0.298086574528732
63000	0.298215867108048
64000	0.298342098220499
65000	0.298465381663774
66000	0.298585825712345
67000	0.298703533447581
68000	0.298818603064557
69000	0.29893112815743
70000	0.299041197985131
71000	0.299148897718904
72000	0.299254308673136
73000	0.299357508520773
74000	0.299458571494504
75000	0.299557568574798
76000	0.29965456766578
77000	0.299749633759849
78000	0.299842829091873
79000	0.299934213283721
80000	0.300023843479825
81000	0.300111774474413
82000	0.300198058831006
83000	0.300282746994731
84000	0.30036588739791
85000	0.300447526559447
86000	0.300527709178375
87000	0.300606478222004
88000	0.300683875008993
89000	0.300759939287719
90000	0.300834709310214
91000	0.300908221901985
92000	0.300980512527974
93000	0.301051615354896
94000	0.301121563310197
95000	0.30119038813784
96000	0.301258120451102
97000	0.301324789782594
98000	0.30139042463165
99000	0.301455052509245
100000	0.301518699980615
101000	0.301581392705678
102000	0.301643155477422
103000	0.301704012258355
104000	0.30176398621514
105000	0.301823099751517
106000	0.301881374539609
107000	0.301938831549702
108000	0.3019954910786
109000	0.302051372776602
110000	0.302106495673215
111000	0.302160878201647
112000	0.302214538222154
113000	0.302267493044299
114000	0.3023197594482
115000	0.302371353704794
116000	0.302422291595178
117000	0.302472588429098
118000	0.302522259062586
119000	0.302571317914839
120000	0.302619778984337
121000	0.30266765586426
122000	0.302714961757246
123000	0.302761709489499
124000	0.302807911524297
125000	0.302853579974932
126000	0.302898726617101
127000	0.302943362900771
128000	0.302987499961564
129000	0.303031148631655
130000	0.30307431945024
131000	0.303117022673562
132000	0.30315926828454
133000	0.303201066002012
134000	0.3032424252896
135000	0.303283355364234
136000	0.303323865204331
137000	0.303363963557663
138000	0.303403658948905
139000	0.303442959686908
140000	0.303481873871682
141000	0.303520409401118
142000	0.303558573977448
143000	0.303596375113471
144000	0.30363382013854
145000	0.303670916204329
146000	0.303707670290385
147000	0.303744089209478
148000	0.303780179612756
149000	0.303815947994711
150000	0.303851400697972
151000	0.303886543917912
152000	0.303921383707113
153000	0.303955925979652
154000	0.30399017651525
155000	0.304024140963271
156000	0.304057824846581
157000	0.304091233565281
158000	0.3041243724003
159000	0.304157246516874
160000	0.304189860967909
161000	0.304222220697224
162000	0.304254330542685
163000	0.304286195239248
164000	0.304317819421883
165000	0.304349207628415
166000	0.304380364302262
167000	0.304411293795099
168000	0.304442000369418
169000	0.30447248820102
170000	0.30450276138142
171000	0.304532823920178
172000	0.304562679747157
173000	0.30459233271471
174000	0.304621786599795
175000	0.304651045106034
176000	0.304680111865696
177000	0.304708990441633
178000	0.304737684329146
179000	0.304766196957799
180000	0.30479453169318
181000	0.304822691838608
182000	0.304850680636788
183000	0.304878501271415
184000	0.304906156868746
185000	0.304933650499101
186000	0.304960985178344
187000	0.304988163869307
188000	0.305015189483181
189000	0.30504206488086
190000	0.30506879287426
191000	0.305095376227583
192000	0.305121817658562
193000	0.305148119839668
194000	0.305174285399272
195000	0.305200316922792
196000	0.305226216953798
197000	0.305251987995094
198000	0.305277632509764
199000	0.305303152922196
200000	0.305328551619078
201000	0.305353830950365
202000	0.305378993230226
203000	0.305404040737959
204000	0.305428975718894
205000	0.305453800385262
206000	0.305478516917048
207000	0.30550312746282
208000	0.30552763414054
209000	0.305552039038356
210000	0.305576344215366
211000	0.305600551702381
212000	0.305624663502652
213000	0.305648681592585
214000	0.305672607922446
215000	0.305696444417044
216000	0.305720192976397
217000	0.305743855476384
218000	0.305767433769388
219000	0.305790929684918
220000	0.305814345030214
221000	0.30583768159085
222000	0.305860941131315
223000	0.305884125395585
224000	0.305907236107683
225000	0.305930274972227
226000	0.305953243674963
227000	0.305976143883296
228000	0.305998977246799
229000	0.306021745397724
230000	0.306044449951492
231000	0.306067092507181
232000	0.306089674648002
233000	0.306112197941764
234000	0.30613466394134
235000	0.306157074185107
236000	0.306179430197399
237000	0.306201733488932
238000	0.306223985557239
239000	0.306246187887091
240000	0.306268341950901
241000	0.306290449209142
242000	0.30631251111074
243000	0.306334529093473
244000	0.306356504584353
245000	0.306378439000017
246000	0.306400333747095
247000	0.306422190222588
248000	0.306444009814234
249000	0.306465793900872
250000	0.30648754385279
251000	0.306509261032088
252000	0.306530946793025
253000	0.306552602482359
254000	0.30657422943969
255000	0.3065958289978
256000	0.306617402482982
257000	0.306638951215376
258000	0.306660476509291
259000	0.306681979673531
260000	0.306703462011719
261000	0.306724924822614
262000	0.306746369400424
263000	0.306767797035128
264000	0.306789209012781
265000	0.30681060661583
266000	0.306831991123417
267000	0.306853363811688
268000	0.306874725954104
269000	0.306896078821733
270000	0.306917423683564
271000	0.306938761806802
272000	0.306960094457175
273000	0.306981422899225
274000	0.307002748396619
275000	0.307024072212441
276000	0.307045395609494
277000	0.307066719850596
278000	0.307088046198881
279000	0.307109375918101
280000	0.307130710272923
281000	0.307152050529225
282000	0.307173397954408
283000	0.307194753817683
284000	0.307216119390386
285000	0.307237495946274
286000	0.307258884761836
287000	0.307280287116593
288000	0.307301704293412
289000	0.30732313757881
290000	0.307344588263269
291000	0.307366057641552
292000	0.307387547013013
293000	0.307409057681917
294000	0.307430590957765
295000	0.307452148155613
296000	0.307473730596401
297000	0.30749533960728
298000	0.30751697652195
299000	0.30753864268099
300000	0.307560339432202
301000	0.307582068130951
302000	0.307603830140516
303000	0.307625626832445
304000	0.307647459586899
305000	0.307669329793028
306000	0.307691238849325
307000	0.307713188164004
308000	0.307735179155373
309000	0.307757213252216
310000	0.307779291894175
311000	0.307801416532153
312000	0.307823588628704
313000	0.307845809658443
314000	0.307868081108457
315000	0.307890404478725
316000	0.30791278128254
317000	0.307935213046948
318000	0.307957701313184
319000	0.307980247637128
320000	0.308002853589753
321000	0.308025520757601
322000	0.30804825074325
323000	0.308071045165803
324000	0.308093905661378
325000	0.308116833883613
326000	0.308139831504183
327000	0.308162900213316
328000	0.308186041720335
329000	0.308209257754204
330000	0.308232550064084
331000	0.308255920419899
332000	0.308279370612929
333000	0.308302902456397
334000	0.308326517786081
335000	0.308350218460934
336000	0.308374006363727
337000	0.308397883401697
338000	0.308421851507214
339000	0.308445912638464
340000	0.30847006878015
341000	0.308494321944207
342000	0.308518674170536
343000	0.308543127527755
344000	0.308567684113972
345000	0.308592346057573
346000	0.308617115518033
347000	0.308641994686746
348000	0.308666985787874
349000	0.30869209107923
350000	0.308717312853165
351000	0.308742653437498
352000	0.30876811519645
353000	0.30879370053163
354000	0.308819411883017
355000	0.308845251729994
356000	0.308871222592398
357000	0.3088973270316
358000	0.308923567651618
359000	0.30894994710026
360000	0.308976468070299
361000	0.309003133300681
362000	0.30902994557777
363000	0.309056907736627
364000	0.309084022662328
365000	0.309111293291315
366000	0.309138722612797
367000	0.309166313670183
368000	0.309194069562562
369000	0.309221993446231
370000	0.309250088536259
371000	0.309278358108112
372000	0.309306805499318
373000	0.309335434111188
374000	0.309364247410586
375000	0.309393248931764
376000	0.309422442278241
377000	0.309451831124757
378000	0.309481419219275
379000	0.30951121038506
380000	0.309541208522812
381000	0.309571417612886
382000	0.309601841717563
383000	0.309632484983415
384000	0.309663351643738
385000	0.30969444602107
386000	0.30972577252979
387000	0.309757335678814
388000	0.309789140074369
389000	0.309821190422874
390000	0.309853491533913
391000	0.309886048323316
392000	0.309918865816345
393000	0.30995194915099
394000	0.309985303581389
395000	0.310018934481359
396000	0.310052847348062
397000	0.310087047805801
398000	0.310121541609953
399000	0.310156334651042
400000	0.310191432958973
401000	0.310226842707409
402000	0.310262570218319
403000	0.310298621966696
404000	0.310335004585451
405000	0.310371724870497
406000	0.310408789786017
407000	0.310446206469951
408000	0.310483982239682
409000	0.310522124597948
410000	0.310560641238993
411000	0.31059954005495
412000	0.310638829142487
413000	0.310678516809715
414000	0.310718611583378
415000	0.310759122216336
416000	0.310800057695346
417000	0.31084142724918
418000	0.310883240357063
419000	0.310925506757475
420000	0.310968236457321
421000	0.311011439741493
422000	0.311055127182832
423000	0.311099309652528
424000	0.311143998330975
425000	0.311189204719081
426000	0.3112349406501
427000	0.311281218301975
428000	0.311328050210228
429000	0.311375449281453
430000	0.311423428807394
431000	0.311472002479689
432000	0.311521184405277
433000	0.311570989122534
434000	0.311621431618159
435000	0.311672527344852
436000	0.311724292239847
437000	0.311776742744316
438000	0.31182989582373
439000	0.311883768989191
440000	0.31193838031984
441000	0.311993748486351
442000	0.312049892775611
443000	0.312106833116643
444000	0.312164590107846
445000	0.312223185045632
446000	0.312282639954542
447000	0.312342977618943
448000	0.312404221616377
449000	0.312466396352697
450000	0.312529527099072
451000	0.312593640031011
452000	0.312658762269492
453000	0.312724921924384
454000	0.312792148140256
455000	0.312860471144778
456000	0.312929922299848
457000	0.313000534155651
458000	0.313072340507842
459000	0.313145376458052
460000	0.313219678477967
461000	0.313295284477213
462000	0.31337223387532
463000	0.313450567678051
464000	0.313530328558413
465000	0.313611560942682
466000	0.313694311101816
467000	0.313778627248648
468000	0.313864559641288
469000	0.313952160693216
470000	0.314041485090558
471000	0.314132589917114
472000	0.314225534787738
473000	0.314320381990717
474000	0.31441719663989
475000	0.314516046837271
476000	0.31461700384704
477000	0.314720142281857
478000	0.314825540302499
479000	0.314933279831972
480000	0.315043446785327
481000	0.31515613131654
482000	0.315271428083961
483000	0.315389436535977
484000	0.315510261218716
485000	0.315634012107789
486000	0.315760804966306
487000	0.315890761731627
488000	0.31602401093356
489000	0.316160688147061
490000	0.316300936482773
491000	0.316444907119169
492000	0.316592759880477
493000	0.316744663865036
494000	0.316900798129314
495000	0.317061352433418
496000	0.317226528054656
497000	0.317396538676492
498000	0.317571611361215
499000	0.317751987615631
500000	0.317937924560358
501000	0.318129696214645
502000	0.318327594910292
503000	0.318531932850045
504000	0.318743043827991
505000	0.318961285131971
506000	0.319187039650859
507000	0.319420718212951
508000	0.319662762185569
509000	0.319913646370569
510000	0.320173882235833
511000	0.320444021529101
512000	0.320724660327994
513000	0.321016443588888
514000	0.321320070267842
515000	0.321636299099243
516000	0.321965955132888
517000	0.322309937148136
518000	0.322669226085536
519000	0.323044894662498
520000	0.323438118371521
521000	0.323850188098381
522000	0.324282524645374
523000	0.324736695503448
524000	0.325214434289705
525000	0.325717663357153
526000	0.326248520196545
527000	0.326809388392228
528000	0.327402934073524
529000	0.328032149031782
530000	0.328700401965883
531000	0.329411499696398
532000	0.330169760678586
533000	0.330980103785552
534000	0.331848156178282
535000	0.332780385203568
536000	0.333784260769142
537000	0.334868456687979
538000	0.336043102277365
539000	0.337320099359383
540000	0.338713525205111
541000	0.340240149593817
542000	0.341920105079245
543000	0.343777765392922
544000	0.345842910198303
545000	0.348152289129663
546000	0.350751750583513
547000	0.353699181394662
548000	0.357068629166462
549000	0.360956177245163
550000	0.365488458109253
551000	0.370835195539874
552000	0.377227963532259
553000	0.384988558664596
554000	0.394571997273369
555000	0.406630453501993
556000	0.422101924087569
557000	0.44230836495854
558000	0.468977549996881
559000	0.503930741420198
560000	0.548028805766108
561000	0.599591742692663
562000	0.654150501037487
563000	0.70669620395528
564000	0.753991110424268
565000	0.79487901988357
566000	0.829479972786956
567000	0.858449580520646
568000	0.882579093179356
569000	0.902627488576349
570000	0.919265453306474
571000	0.933065452176136
572000	0.94450854953794
573000	0.953996100337851
574000	0.961861831759844
575000	0.968382799559609
576000	0.973788840162606
577000	0.978270551295084
578000	0.981985964734729
579000	0.985066100322133
580000	0.987619579012595
581000	0.98973645056823
582000	0.991491368103766
583000	0.992946220353307
584000	0.994152314062196
585000	0.995152183301677
586000	0.995981089448392
587000	0.996668264701494
588000	0.997237942981219
589000	0.997710214560668
590000	0.99810173456874
591000	0.998426310349633
592000	0.998695388392548
593000	0.998918458003524
594000	0.999103385955287
595000	0.999256693916839
596000	0.999383788446633
597000	0.999489151660257
598000	0.999576499296724
599000	0.999648911757713
600000	0.99970894274102
601000	0.999758709299251
602000	0.999799966499816
603000	0.999834169319118
604000	0.999862523953754
605000	0.999886030358252
606000	0.999905517509449
607000	0.999921672641208
608000	0.999935065480391
609000	0.999946168338857
610000	0.999955372770001
611000	0.999963003377286
612000	0.999969329261702
613000	0.999974573511886
614000	0.999978921071557
615000	0.999982525261756
616000	0.999985513187848
617000	0.999987990222036
618000	0.999990043719402
619000	0.999991746098582
620000	0.999993157395683
621000	0.999994327381504
622000	0.999995297316766
623000	0.999996101407205
624000	0.999996768009873
625000	0.999997320633181
626000	0.999997778765938
627000	0.999998158564659
628000	0.99999847342332
629000	0.999998734445732
630000	0.999998950837105
631000	0.999999130228702
632000	0.999999278946946
633000	0.999999402236532
634000	0.999999504445391
635000	0.99999958917802
636000	0.999999659422604
637000	0.999999717656386
638000	0.999999765933039
639000	0.999999805955086
640000	0.999999839133945
641000	0.999999866639701
642000	0.999999889442373
643000	0.999999908346119
644000	0.999999924017601
645000	0.999999937009485
646000	0.999999947779947
647000	0.999999956708817
648000	0.99999996411098
649000	0.99999997024748
650000	0.999999975334728
651000	0.99999997955213
652000	0.999999983048418
653000	0.999999985946893
654000	0.99999998834977
655000	0.99999999034179
656000	0.999999991993203
657000	0.999999993362248
658000	0.999999994497208
659000	0.999999995438104
660000	0.999999996218123
661000	0.99999999686477
662000	0.999999997400848
663000	0.999999997845265
664000	0.999999998213693
665000	0.999999998519126
666000	0.999999998772334
667000	0.999999998982249
668000	0.999999999156269
669000	0.999999999300535
670000	0.999999999420134
671000	0.999999999519283
672000	0.999999999601478
673000	0.999999999669619
674000	0.99999999972611
675000	0.999999999772941
676000	0.999999999811764
677000	0.99999999984395
678000	0.999999999870632
679000	0.999999999892752
680000	0.99999999991109
681000	0.999999999926293
682000	0.999999999938895
683000	0.999999999949344
684000	0.999999999958004
685000	0.999999999965185
686000	0.999999999971138
687000	0.999999999976073
688000	0.999999999980165
689000	0.999999999983555
690000	0.999999999986366
691000	0.999999999988696
692000	0.999999999990628
693000	0.999999999992229
694000	0.999999999993557
695000	0.999999999994657
696000	0.999999999995577
697000	0.999999999996325
698000	0.99999999999695
699000	0.999999999997471
700000	0.999999999997915
701000	0.999999999998252
702000	0.999999999998563
703000	0.999999999998785
704000	0.999999999999007
705000	0.999999999999171
706000	0.999999999999282
707000	0.999999999999393
708000	0.999999999999504
709000	0.999999999999615
710000	0.999999999999704
711000	0.999999999999704
712000	0.999999999999704
713000	0.999999999999704
714000	0.999999999999704
715000	0.999999999999704
716000	0.999999999999704
717000	0.999999999999704
718000	0.999999999999704
719000	0.999999999999704
720000	0.999999999999704
721000	0.999999999999704
722000	0.999999999999704
723000	0.999999999999704
724000	0.999999999999704
725000	0.999999999999704
726000	0.999999999999704
727000	0.999999999999704
728000	0.999999999999704
729000	0.999999999999704
730000	0.999999999999704
731000	0.999999999999704
732000	0.999999999999704
733000	0.999999999999704
734000	0.999999999999704
735000	0.999999999999704
736000	0.999999999999704
737000	0.999999999999704
738000	0.999999999999704
739000	0.999999999999704
740000	0.999999999999704
741000	0.999999999999704
742000	0.999999999999704
743000	0.999999999999704
744000	0.999999999999704
745000	0.999999999999704
746000	0.999999999999704
747000	0.999999999999704
748000	0.999999999999704
749000	0.999999999999704
750000	0.999999999999704
751000	0.999999999999704
752000	0.999999999999704
753000	0.999999999999704
754000	0.999999999999704
755000	0.999999999999704
756000	0.999999999999704
757000	0.999999999999704
758000	0.999999999999704
759000	0.999999999999704
760000	0.999999999999704
761000	0.999999999999704
762000	0.999999999999704
763000	0.999999999999704
764000	0.999999999999704
765000	0.999999999999704
766000	0.999999999999704
767000	0.999999999999704
768000	0.999999999999704
769000	0.999999999999704
770000	0.999999999999704
771000	0.999999999999704
772000	0.999999999999704
773000	0.999999999999704
774000	0.999999999999704
775000	0.999999999999704
776000	0.999999999999704
777000	0.999999999999704
778000	0.999999999999704
779000	0.999999999999704
780000	0.999999999999704
781000	0.999999999999704
782000	0.999999999999704
783000	0.999999999999704
784000	0.999999999999704
785000	0.999999999999704
786000	0.999999999999704
787000	0.999999999999704
788000	0.999999999999704
789000	0.999999999999704
790000	0.999999999999704
791000	0.999999999999704
792000	0.999999999999704
793000	0.999999999999704
794000	0.999999999999704
795000	0.999999999999704
796000	0.999999999999704
797000	0.999999999999704
798000	0.999999999999704
799000	0.999999999999704
800000	0.999999999999704
801000	0.999999999999704
802000	0.999999999999704
803000	0.999999999999704
804000	0.999999999999704
805000	0.999999999999704
806000	0.999999999999704
807000	0.999999999999704
808000	0.999999999999704
809000	0.999999999999704
810000	0.999999999999704
811000	0.999999999999704
812000	0.999999999999704
813000	0.999999999999704
814000	0.999999999999704
815000	0.999999999999704
816000	0.999999999999704
817000	0.999999999999704
818000	0.999999999999704
819000	0.999999999999704
820000	0.999999999999704
821000	0.999999999999704
822000	0.999999999999704
823000	0.999999999999704
824000	0.999999999999704
825000	0.999999999999704
826000	0.999999999999704
827000	0.999999999999704
828000	0.999999999999704
829000	0.999999999999704
830000	0.999999999999704
831000	0.999999999999704
832000	0.999999999999704
833000	0.999999999999704
834000	0.999999999999704
835000	0.999999999999704
836000	0.999999999999704
837000	0.999999999999704
838000	0.999999999999704
839000	0.999999999999704
840000	0.999999999999704
841000	0.999999999999704
842000	0.999999999999704
843000	0.999999999999704
844000	0.999999999999704
845000	0.999999999999704
846000	0.999999999999704
847000	0.999999999999704
848000	0.999999999999704
849000	0.999999999999704
850000	0.999999999999704
851000	0.999999999999704
852000	0.999999999999704
853000	0.999999999999704
854000	0.999999999999704
855000	0.999999999999704
856000	0.999999999999704
857000	0.999999999999704
858000	0.999999999999704
859000	0.999999999999704
860000	0.999999999999704
861000	0.999999999999704
862000	0.999999999999704
863000	0.999999999999704
864000	0.999999999999704
865000	0.999999999999704
866000	0.999999999999704
867000	0.999999999999704
868000	0.999999999999704
869000	0.999999999999704
870000	0.999999999999704
871000	0.999999999999704
872000	0.999999999999704
873000	0.999999999999704
874000	0.999999999999704
875000	0.999999999999704
876000	0.999999999999704
877000	0.999999999999704
878000	0.999999999999704
879000	0.999999999999704
880000	0.999999999999704
881000	0.999999999999704
882000	0.999999999999704
883000	0.999999999999704
884000	0.999999999999704
885000	0.999999999999704
886000	0.999999999999704
887000	0.999999999999704
888000	0.999999999999704
889000	0.999999999999704
890000	0.999999999999704
891000	0.999999999999704
892000	0.999999999999704
893000	0.999999999999704
894000	0.999999999999704
895000	0.999999999999704
896000	0.999999999999704
897000	0.999999999999704
898000	0.999999999999704
899000	0.999999999999704
900000	0.999999999999704
901000	0.999999999999704
902000	0.999999999999704
903000	0.999999999999704
904000	0.999999999999704
905000	0.999999999999704
906000	0.999999999999704
907000	0.999999999999704
908000	0.999999999999704
909000	0.999999999999704
910000	0.999999999999704
911000	0.999999999999704
912000	0.999999999999704
913000	0.999999999999704
914000	0.999999999999704
915000	0.999999999999704
916000	0.999999999999704
917000	0.999999999999704
918000	0.999999999999704
919000	0.999999999999704
920000	0.999999999999704
921000	0.999999999999704
922000	0.999999999999704
923000	0.999999999999704
924000	0.999999999999704
925000	0.999999999999704
926000	0.999999999999704
927000	0.999999999999704
928000	0.999999999999704
929000	0.999999999999704
930000	0.999999999999704
931000	0.999999999999704
932000	0.999999999999704
933000	0.999999999999704
934000	0.999999999999704
935000	0.999999999999704
936000	0.999999999999704
937000	0.999999999999704
938000	0.999999999999704
939000	0.999999999999704
940000	0.999999999999704
941000	0.999999999999704
942000	0.999999999999704
943000	0.999999999999704
944000	0.999999999999704
945000	0.999999999999704
946000	0.999999999999704
947000	0.999999999999704
948000	0.999999999999704
949000	0.999999999999704
950000	0.999999999999704
951000	0.999999999999704
952000	0.999999999999704
953000	0.999999999999704
954000	0.999999999999704
955000	0.999999999999704
956000	0.999999999999704
957000	0.999999999999704
958000	0.999999999999704
959000	0.999999999999704
960000	0.999999999999704
961000	0.999999999999704
962000	0.999999999999704
963000	0.999999999999704
964000	0.999999999999704
965000	0.999999999999704
966000	0.999999999999704
967000	0.999999999999704
968000	0.999999999999704
969000	0.999999999999704
970000	0.999999999999704
971000	0.999999999999704
972000	0.999999999999704
973000	0.999999999999704
974000	0.999999999999704
975000	0.999999999999704
976000	0.999999999999704
977000	0.999999999999704
978000	0.999999999999704
979000	0.999999999999704
980000	0.999999999999704
981000	0.999999999999704
982000	0.999999999999704
983000	0.999999999999704
984000	0.999999999999704
985000	0.999999999999704
986000	0.999999999999704
987000	0.999999999999704
988000	0.999999999999704
989000	0.999999999999704
990000	0.999999999999704
991000	0.999999999999704
992000	0.999999999999704
993000	0.999999999999704
994000	0.999999999999704
995000	0.999999999999704
996000	0.999999999999704
997000	0.999999999999704
998000	0.999999999999704
999000	0.999999999999704
