0	0.250001843655491
1000	0.251734492002228
2000	0.253265699386571
3000	0.254622301221467
4000	0.255826957371105
5000	0.256898902563604
6000	0.25785454567812
7000	0.258707950938938
8000	0.259471226424632
9000	0.260154839486354
10000	0.260767874237923
11000	0.26131824289869
12000	0.261812860183106
13000	0.262257787945493
14000	0.262658355758949
15000	0.26301926192404
16000	0.263344658483558
17000	0.263638223102009
18000	0.263903220105839
19000	0.264142552537161
20000	0.264358806723058
21000	0.264554290583708
22000	0.264731066680008
23000	0.264890980822844
24000	0.265035686922405
25000	0.26516666863964
26000	0.265285258307555
27000	0.265392653513029
28000	0.265489931666809
29000	0.265578062837527
30000	0.265657921082881
31000	0.265730294475687
32000	0.265795893993148
33000	0.265855361413127
34000	0.265909276340668
35000	0.265958162470772
36000	0.266002493178882
37000	0.26604269651823
38000	0.266079159692727
39000	0.266112233065241
40000	0.266142233753437
41000	0.266169448858903
42000	0.266194138369634
43000	0.266216537771161
44000	0.266236860397391
45000	0.266255299548639
46000	0.266272030401149
47000	0.266287211729675
48000	0.266300987462271
49000	0.266313488084342
50000	0.266324831907156
51000	0.266335126214368
52000	0.266344468298701
53000	0.266352946399626
54000	0.266360640551751
55000	0.266367623352677
56000	0.266373960658109
57000	0.266379712211304
58000	0.266384932213151
59000	0.266389669838603
60000	0.266393969704588
61000	0.266397872294037
62000	0.266401414340182
63000	0.266404629174917
64000	0.266407547044607
65000	0.266410195396423
66000	0.266412599137985
67000	0.266414780872809
68000	0.266416761113851
69000	0.266418558477186
70000	0.266420189857687
71000	0.266421670588377
72000	0.266423014585011
73000	0.266424234477215
74000	0.266425341727485
75000	0.266426346739145
76000	0.266427258954297
77000	0.266428086942709
78000	0.266428838482464
79000	0.266429520633138
80000	0.266430139802223
81000	0.266430701805378
82000	0.26643121192113
83000	0.266431674940501
84000	0.266432095212048
85000	0.266432476682747
86000	0.266432822935085
87000	0.26643313722073
88000	0.266433422491089
89000	0.266433681425042
90000	0.266433916454113
91000	0.266434129785309
92000	0.266434323421859
93000	0.266434499182035
94000	0.266434658716225
95000	0.266434803522441
96000	0.266434934960386
97000	0.266435054264229
98000	0.266435162554194
99000	0.266435260847079
100000	0.26643535006581
101000	0.266435431048104
102000	0.266435504554341
103000	0.266435571274696
104000	0.266435631835633
105000	0.266435686805775
106000	0.266435736701253
107000	0.266435781990549
108000	0.266435823098891
109000	0.266435860412257
110000	0.266435894280987
111000	0.266435925023078
112000	0.266435952927174
113000	0.266435978255268
114000	0.266436001245168
115000	0.266436022112729
116000	0.266436041053878
117000	0.266436058246454
118000	0.26643607385188
119000	0.266436088016675
120000	0.266436100873833
121000	0.266436112544068
122000	0.266436123136955
123000	0.266436132751949
124000	0.266436141479327
125000	0.26643614940103
126000	0.266436156591433
127000	0.266436163118047
128000	0.266436169042152
129000	0.266436174419368
130000	0.266436179300182
131000	0.266436183730419
132000	0.266436187751676
133000	0.266436191401707
134000	0.266436194714783
135000	0.26643619772201
136000	0.266436200451622
137000	0.266436202929247
138000	0.266436205178148
139000	0.26643620721944
140000	0.266436209072289
141000	0.266436210754091
142000	0.266436212280636
143000	0.266436213666256
144000	0.266436214923961
145000	0.26643621606556
146000	0.266436217101772
147000	0.266436218042326
148000	0.266436218896051
149000	0.266436219670965
150000	0.266436220374341
151000	0.266436221012785
152000	0.266436221592289
153000	0.266436222118296
154000	0.266436222595746
155000	0.266436223029119
156000	0.266436223422485
157000	0.266436223779537
158000	0.266436224103628
159000	0.266436224397799
160000	0.266436224664814
161000	0.266436224907179
162000	0.266436225127171
163000	0.266436225326854
164000	0.266436225508102
165000	0.266436225672619
166000	0.266436225821947
167000	0.266436225957492
168000	0.266436226080522
169000	0.266436226192196
170000	0.26643622629356
171000	0.266436226385567
172000	0.266436226469079
173000	0.266436226544883
174000	0.266436226613688
175000	0.266436226676142
176000	0.26643622673283
177000	0.266436226784285
178000	0.26643622683099
179000	0.266436226873383
180000	0.266436226911863
181000	0.26643622694679
182000	0.266436226978493
183000	0.26643622700727
184000	0.266436227033389
185000	0.266436227057098
186000	0.266436227078618
187000	0.266436227098151
188000	0.266436227115881
189000	0.266436227131974
190000	0.266436227146582
191000	0.266436227159841
192000	0.266436227171876
193000	0.2664362271828
194000	0.266436227192716
195000	0.266436227201716
196000	0.266436227209885
197000	0.2664362272173
198000	0.266436227224032
199000	0.26643622723014
200000	0.266436227235686
201000	0.266436227240719
202000	0.266436227245288
203000	0.266436227249434
204000	0.266436227253199
205000	0.266436227256616
206000	0.266436227259716
207000	0.266436227262532
208000	0.266436227265086
209000	0.266436227267406
210000	0.26643622726951
211000	0.266436227271421
212000	0.266436227273156
213000	0.266436227274729
214000	0.266436227276161
215000	0.266436227277456
216000	0.266436227278632
217000	0.266436227279702
218000	0.266436227280672
219000	0.26643622728155
220000	0.266436227282351
221000	0.266436227283078
222000	0.266436227283734
223000	0.266436227284331
224000	0.266436227284874
225000	0.26643622728537
226000	0.266436227285814
227000	0.266436227286214
228000	0.266436227286586
229000	0.266436227286919
230000	0.26643622728722
231000	0.266436227287497
232000	0.266436227287746
233000	0.266436227287968
234000	0.26643622728819
235000	0.26643622728836
236000	0.266436227288527
237000	0.266436227288693
238000	0.266436227288832
239000	0.266436227288943
240000	0.266436227289054
241000	0.266436227289165
242000	0.266436227289276
243000	0.266436227289369
244000	0.266436227289424
245000	0.26643622728948
246000	0.266436227289535
247000	0.266436227289591
248000	0.266436227289646
249000	0.266436227289702
250000	0.266436227289757
251000	0.266436227289813
252000	0.266436227289868
253000	0.266436227289923
254000	0.266436227289923
255000	0.266436227289923
256000	0.266436227289923
257000	0.266436227289923
258000	0.266436227289923
259000	0.266436227289923
260000	0.266436227289923
261000	0.266436227289923
262000	0.266436227289923
263000	0.266436227289923
264000	0.266436227289923
265000	0.266436227289923
266000	0.266436227289923
267000	0.266436227289923
268000	0.266436227289923
269000	0.266436227289923
270000	0.266436227289923
271000	0.266436227289923
272000	0.266436227289923
273000	0.266436227289923
274000	0.266436227289923
275000	0.266436227289923
276000	0.266436227289923
277000	0.266436227289923
278000	0.266436227289923
279000	0.266436227289923
280000	0.266436227289923
281000	0.266436227289923
282000	0.266436227289923
283000	0.266436227289923
284000	0.266436227289923
285000	0.266436227289923
286000	0.266436227289923
287000	0.266436227289923
288000	0.266436227289923
289000	0.266436227289923
290000	0.266436227289923
291000	0.266436227289923
292000	0.266436227289923
293000	0.266436227289923
294000	0.266436227289923
295000	0.266436227289923
296000	0.266436227289923
297000	0.266436227289923
298000	0.266436227289923
299000	0.266436227289923
300000	0.266436227289923
301000	0.266436227289923
302000	0.266436227289923
303000	0.266436227289923
304000	0.266436227289923
305000	0.266436227289923
306000	0.266436227289923
307000	0.266436227289923
308000	0.266436227289923
309000	0.266436227289923
310000	0.266436227289923
311000	0.266436227289923
312000	0.266436227289923
313000	0.266436227289923
314000	0.266436227289923
315000	0.266436227289923
316000	0.266436227289923
317000	0.266436227289923
318000	0.266436227289923
319000	0.266436227289923
320000	0.266436227289923
321000	0.266436227289923
322000	0.266436227289923
323000	0.266436227289923
324000	0.266436227289923
325000	0.266436227289923
326000	0.266436227289923
327000	0.266436227289923
328000	0.266436227289923
329000	0.266436227289923
330000	0.266436227289923
331000	0.266436227289923
332000	0.266436227289923
333000	0.266436227289923
334000	0.266436227289923
335000	0.266436227289923
336000	0.266436227289923
337000	0.266436227289923
338000	0.266436227289923
339000	0.266436227289923
340000	0.266436227289923
341000	0.266436227289923
342000	0.266436227289923
343000	0.266436227289923
344000	0.266436227289923
345000	0.266436227289923
346000	0.266436227289923
347000	0.266436227289923
348000	0.266436227289923
349000	0.266436227289923
350000	0.266436227289923
351000	0.266436227289923
352000	0.266436227289923
353000	0.266436227289923
354000	0.266436227289923
355000	0.266436227289923
356000	0.266436227289923
357000	0.266436227289923
358000	0.266436227289923
359000	0.266436227289923
360000	0.266436227289923
361000	0.266436227289923
362000	0.266436227289923
363000	0.266436227289923
364000	0.266436227289923
365000	0.266436227289923
366000	0.266436227289923
367000	0.266436227289923
368000	0.266436227289923
369000	0.266436227289923
370000	0.266436227289923
371000	0.266436227289923
372000	0.266436227289923
373000	0.266436227289923
374000	0.266436227289923
375000	0.266436227289923
376000	0.266436227289923
377000	0.266436227289923
378000	0.266436227289923
379000	0.266436227289923
380000	0.266436227289923
381000	0.266436227289923
382000	0.266436227289923
383000	0.266436227289923
384000	0.266436227289923
385000	0.266436227289923
386000	0.266436227289923
387000	0.266436227289923
388000	0.266436227289923
389000	0.266436227289923
390000	0.266436227289923
391000	0.266436227289923
392000	0.266436227289923
393000	0.266436227289923
394000	0.266436227289923
395000	0.266436227289923
396000	0.266436227289923
397000	0.266436227289923
398000	0.266436227289923
399000	0.266436227289923
400000	0.266436227289923
401000	0.266436227289923
402000	0.266436227289923
403000	0.266436227289923
404000	0.266436227289923
405000	0.266436227289923
406000	0.266436227289923
407000	0.266436227289923
408000	0.266436227289923
409000	0.266436227289923
410000	0.266436227289923
411000	0.266436227289923
412000	0.266436227289923
413000	0.266436227289923
414000	0.266436227289923
415000	0.266436227289923
416000	0.266436227289923
417000	0.266436227289923
418000	0.266436227289923
419000	0.266436227289923
420000	0.266436227289923
421000	0.266436227289923
422000	0.266436227289923
423000	0.266436227289923
424000	0.266436227289923
425000	0.266436227289923
426000	0.266436227289923
427000	0.266436227289923
428000	0.266436227289923
429000	0.266436227289923
430000	0.266436227289923
431000	0.266436227289923
432000	0.266436227289923
433000	0.266436227289923
434000	0.266436227289923
435000	0.266436227289923
436000	0.266436227289923
437000	0.266436227289923
438000	0.266436227289923
439000	0.266436227289923
440000	0.266436227289923
441000	0.266436227289923
442000	0.266436227289923
443000	0.266436227289923
444000	0.266436227289923
445000	0.266436227289923
446000	0.266436227289923
447000	0.266436227289923
448000	0.266436227289923
449000	0.266436227289923
450000	0.266436227289923
451000	0.266436227289923
452000	0.266436227289923
453000	0.266436227289923
454000	0.266436227289923
455000	0.266436227289923
456000	0.266436227289923
457000	0.266436227289923
458000	0.266436227289923
459000	0.266436227289923
460000	0.266436227289923
461000	0.266436227289923
462000	0.266436227289923
463000	0.266436227289923
464000	0.266436227289923
465000	0.266436227289923
466000	0.266436227289923
467000	0.266436227289923
468000	0.266436227289923
469000	0.266436227289923
470000	0.266436227289923
471000	0.266436227289923
472000	0.266436227289923
473000	0.266436227289923
474000	0.266436227289923
475000	0.266436227289923
476000	0.266436227289923
477000	0.266436227289923
478000	0.266436227289923
479000	0.266436227289923
480000	0.266436227289923
481000	0.266436227289923
482000	0.266436227289923
483000	0.266436227289923
484000	0.266436227289923
485000	0.266436227289923
486000	0.266436227289923
487000	0.266436227289923
488000	0.266436227289923
489000	0.266436227289923
490000	0.266436227289923
491000	0.266436227289923
492000	0.266436227289923
493000	0.266436227289923
494000	0.266436227289923
495000	0.266436227289923
496000	0.266436227289923
497000	0.266436227289923
498000	0.266436227289923
499000	0.266436227289923
500000	0.266436227289923
501000	0.266436227289923
502000	0.266436227289923
503000	0.266436227289923
504000	0.266436227289923
505000	0.266436227289923
506000	0.266436227289923
507000	0.266436227289923
508000	0.266436227289923
509000	0.266436227289923
510000	0.266436227289923
511000	0.266436227289923
512000	0.266436227289923
513000	0.266436227289923
514000	0.266436227289923
515000	0.266436227289923
516000	0.266436227289923
517000	0.266436227289923
518000	0.266436227289923
519000	0.266436227289923
520000	0.266436227289923
521000	0.266436227289923
522000	0.266436227289923
523000	0.266436227289923
524000	0.266436227289923
525000	0.266436227289923
526000	0.266436227289923
527000	0.266436227289923
528000	0.266436227289923
529000	0.266436227289923
530000	0.266436227289923
531000	0.266436227289923
532000	0.266436227289923
533000	0.266436227289923
534000	0.266436227289923
535000	0.266436227289923
536000	0.266436227289923
537000	0.266436227289923
538000	0.266436227289923
539000	0.266436227289923
540000	0.266436227289923
541000	0.266436227289923
542000	0.266436227289923
543000	0.266436227289923
544000	0.266436227289923
545000	0.266436227289923
546000	0.266436227289923
547000	0.266436227289923
548000	0.266436227289923
549000	0.266436227289923
550000	0.266436227289923
551000	0.266436227289923
552000	0.266436227289923
553000	0.266436227289923
554000	0.266436227289923
555000	0.266436227289923
556000	0.266436227289923
557000	0.266436227289923
558000	0.266436227289923
559000	0.266436227289923
560000	0.266436227289923
561000	0.266436227289923
562000	0.266436227289923
563000	0.266436227289923
564000	0.266436227289923
565000	0.266436227289923
566000	0.266436227289923
567000	0.266436227289923
568000	0.266436227289923
569000	0.266436227289923
570000	0.266436227289923
571000	0.266436227289923
572000	0.266436227289923
573000	0.266436227289923
574000	0.266436227289923
575000	0.266436227289923
576000	0.266436227289923
577000	0.266436227289923
578000	0.266436227289923
579000	0.266436227289923
580000	0.266436227289923
581000	0.266436227289923
582000	0.266436227289923
583000	0.266436227289923
584000	0.266436227289923
585000	0.266436227289923
586000	0.266436227289923
587000	0.266436227289923
588000	0.266436227289923
589000	0.266436227289923
590000	0.266436227289923
591000	0.266436227289923
592000	0.266436227289923
593000	0.266436227289923
594000	0.266436227289923
595000	0.266436227289923
596000	0.266436227289923
597000	0.266436227289923
598000	0.266436227289923
599000	0.266436227289923
600000	0.266436227289923
601000	0.266436227289923
602000	0.266436227289923
603000	0.266436227289923
604000	0.266436227289923
605000	0.266436227289923
606000	0.266436227289923
607000	0.266436227289923
608000	0.266436227289923
609000	0.266436227289923
610000	0.266436227289923
611000	0.266436227289923
612000	0.266436227289923
613000	0.266436227289923
614000	0.266436227289923
615000	0.266436227289923
616000	0.266436227289923
617000	0.266436227289923
618000	0.266436227289923
619000	0.266436227289923
620000	0.266436227289923
621000	0.266436227289923
622000	0.266436227289923
623000	0.266436227289923
624000	0.266436227289923
625000	0.266436227289923
626000	0.266436227289923
627000	0.266436227289923
628000	0.266436227289923
629000	0.266436227289923
630000	0.266436227289923
631000	0.266436227289923
632000	0.266436227289923
633000	0.266436227289923
634000	0.266436227289923
635000	0.266436227289923
636000	0.266436227289923
637000	0.266436227289923
638000	0.266436227289923
639000	0.266436227289923
640000	0.266436227289923
641000	0.266436227289923
642000	0.266436227289923
643000	0.266436227289923
644000	0.266436227289923
645000	0.266436227289923
646000	0.266436227289923
647000	0.266436227289923
648000	0.266436227289923
649000	0.266436227289923
650000	0.266436227289923
651000	0.266436227289923
652000	0.266436227289923
653000	0.266436227289923
654000	0.266436227289923
655000	0.266436227289923
656000	0.266436227289923
657000	0.266436227289923
658000	0.266436227289923
659000	0.266436227289923
660000	0.266436227289923
661000	0.266436227289923
662000	0.266436227289923
663000	0.266436227289923
664000	0.266436227289923
665000	0.266436227289923
666000	0.266436227289923
667000	0.266436227289923
668000	0.266436227289923
669000	0.266436227289923
670000	0.266436227289923
671000	0.266436227289923
672000	0.266436227289923
673000	0.266436227289923
674000	0.266436227289923
675000	0.266436227289923
676000	0.266436227289923
677000	0.266436227289923
678000	0.266436227289923
679000	0.266436227289923
680000	0.266436227289923
681000	0.266436227289923
682000	0.266436227289923
683000	0.266436227289923
684000	0.266436227289923
685000	0.266436227289923
686000	0.266436227289923
687000	0.266436227289923
688000	0.266436227289923
689000	0.266436227289923
690000	0.266436227289923
691000	0.266436227289923
692000	0.266436227289923
693000	0.266436227289923
694000	0.266436227289923
695000	0.266436227289923
696000	0.266436227289923
697000	0.266436227289923
698000	0.266436227289923
699000	0.266436227289923
700000	0.266436227289923
701000	0.266436227289923
702000	0.266436227289923
703000	0.266436227289923
704000	0.266436227289923
705000	0.266436227289923
706000	0.266436227289923
707000	0.266436227289923
708000	0.266436227289923
709000	0.266436227289923
710000	0.266436227289923
711000	0.266436227289923
712000	0.266436227289923
713000	0.266436227289923
714000	0.266436227289923
715000	0.266436227289923
716000	0.266436227289923
717000	0.266436227289923
718000	0.266436227289923
719000	0.266436227289923
720000	0.266436227289923
721000	0.266436227289923
722000	0.266436227289923
723000	0.266436227289923
724000	0.266436227289923
725000	0.266436227289923
726000	0.266436227289923
727000	0.266436227289923
728000	0.266436227289923
729000	0.266436227289923
730000	0.266436227289923
731000	0.266436227289923
732000	0.266436227289923
733000	0.266436227289923
734000	0.266436227289923
735000	0.266436227289923
736000	0.266436227289923
737000	0.266436227289923
738000	0.266436227289923
739000	0.266436227289923
740000	0.266436227289923
741000	0.266436227289923
742000	0.266436227289923
743000	0.266436227289923
744000	0.266436227289923
745000	0.266436227289923
746000	0.266436227289923
747000	0.266436227289923
748000	0.266436227289923
749000	0.266436227289923
750000	0.266436227289923
751000	0.266436227289923
752000	0.266436227289923
753000	0.266436227289923
754000	0.266436227289923
755000	0.266436227289923
756000	0.266436227289923
757000	0.266436227289923
758000	0.266436227289923
759000	0.266436227289923
760000	0.266436227289923
761000	0.266436227289923
762000	0.266436227289923
763000	0.266436227289923
764000	0.266436227289923
765000	0.266436227289923
766000	0.266436227289923
767000	0.266436227289923
768000	0.266436227289923
769000	0.266436227289923
770000	0.266436227289923
771000	0.266436227289923
772000	0.266436227289923
773000	0.266436227289923
774000	0.266436227289923
775000	0.266436227289923
776000	0.266436227289923
777000	0.266436227289923
778000	0.266436227289923
779000	0.266436227289923
780000	0.266436227289923
781000	0.266436227289923
782000	0.266436227289923
783000	0.266436227289923
784000	0.266436227289923
785000	0.266436227289923
786000	0.266436227289923
787000	0.266436227289923
788000	0.266436227289923
789000	0.266436227289923
790000	0.266436227289923
791000	0.266436227289923
792000	0.266436227289923
793000	0.266436227289923
794000	0.266436227289923
795000	0.266436227289923
796000	0.266436227289923
797000	0.266436227289923
798000	0.266436227289923
799000	0.266436227289923
800000	0.266436227289923
801000	0.266436227289923
802000	0.266436227289923
803000	0.266436227289923
804000	0.266436227289923
805000	0.266436227289923
806000	0.266436227289923
807000	0.266436227289923
808000	0.266436227289923
809000	0.266436227289923
810000	0.266436227289923
811000	0.266436227289923
812000	0.266436227289923
813000	0.266436227289923
814000	0.266436227289923
815000	0.266436227289923
816000	0.266436227289923
817000	0.266436227289923
818000	0.266436227289923
819000	0.266436227289923
820000	0.266436227289923
821000	0.266436227289923
822000	0.266436227289923
823000	0.266436227289923
824000	0.266436227289923
825000	0.266436227289923
826000	0.266436227289923
827000	0.266436227289923
828000	0.266436227289923
829000	0.266436227289923
830000	0.266436227289923
831000	0.266436227289923
832000	0.266436227289923
833000	0.266436227289923
834000	0.266436227289923
835000	0.266436227289923
836000	0.266436227289923
837000	0.266436227289923
838000	0.266436227289923
839000	0.266436227289923
840000	0.266436227289923
841000	0.266436227289923
842000	0.266436227289923
843000	0.266436227289923
844000	0.266436227289923
845000	0.266436227289923
846000	0.266436227289923
847000	0.266436227289923
848000	0.266436227289923
849000	0.266436227289923
850000	0.266436227289923
851000	0.266436227289923
852000	0.266436227289923
853000	0.266436227289923
854000	0.266436227289923
855000	0.266436227289923
856000	0.266436227289923
857000	0.266436227289923
858000	0.266436227289923
859000	0.266436227289923
860000	0.266436227289923
861000	0.266436227289923
862000	0.266436227289923
863000	0.266436227289923
864000	0.266436227289923
865000	0.266436227289923
866000	0.266436227289923
867000	0.266436227289923
868000	0.266436227289923
869000	0.266436227289923
870000	0.266436227289923
871000	0.266436227289923
872000	0.266436227289923
873000	0.266436227289923
874000	0.266436227289923
875000	0.266436227289923
876000	0.266436227289923
877000	0.266436227289923
878000	0.266436227289923
879000	0.266436227289923
880000	0.266436227289923
881000	0.266436227289923
882000	0.266436227289923
883000	0.266436227289923
884000	0.266436227289923
885000	0.266436227289923
886000	0.266436227289923
887000	0.266436227289923
888000	0.266436227289923
889000	0.266436227289923
890000	0.266436227289923
891000	0.266436227289923
892000	0.266436227289923
893000	0.266436227289923
894000	0.266436227289923
895000	0.266436227289923
896000	0.266436227289923
897000	0.266436227289923
898000	0.266436227289923
899000	0.266436227289923
900000	0.266436227289923
901000	0.266436227289923
902000	0.266436227289923
903000	0.266436227289923
904000	0.266436227289923
905000	0.266436227289923
906000	0.266436227289923
907000	0.266436227289923
908000	0.266436227289923
909000	0.266436227289923
910000	0.266436227289923
911000	0.266436227289923
912000	0.266436227289923
913000	0.266436227289923
914000	0.266436227289923
915000	0.266436227289923
916000	0.266436227289923
917000	0.266436227289923
918000	0.266436227289923
919000	0.266436227289923
920000	0.266436227289923
921000	0.266436227289923
922000	0.266436227289923
923000	0.266436227289923
924000	0.266436227289923
925000	0.266436227289923
926000	0.266436227289923
927000	0.266436227289923
928000	0.266436227289923
929000	0.266436227289923
930000	0.266436227289923
931000	0.266436227289923
932000	0.266436227289923
933000	0.266436227289923
934000	0.266436227289923
935000	0.266436227289923
936000	0.266436227289923
937000	0.266436227289923
938000	0.266436227289923
939000	0.266436227289923
940000	0.266436227289923
941000	0.266436227289923
942000	0.266436227289923
943000	0.266436227289923
944000	0.266436227289923
945000	0.266436227289923
946000	0.266436227289923
947000	0.266436227289923
948000	0.266436227289923
949000	0.266436227289923
950000	0.266436227289923
951000	0.266436227289923
952000	0.266436227289923
953000	0.266436227289923
954000	0.266436227289923
955000	0.266436227289923
956000	0.266436227289923
957000	0.266436227289923
958000	0.266436227289923
959000	0.266436227289923
960000	0.266436227289923
961000	0.266436227289923
962000	0.266436227289923
963000	0.266436227289923
964000	0.266436227289923
965000	0.266436227289923
966000	0.266436227289923
967000	0.266436227289923
968000	0.266436227289923
969000	0.266436227289923
970000	0.266436227289923
971000	0.266436227289923
972000	0.266436227289923
973000	0.266436227289923
974000	0.266436227289923
975000	0.266436227289923
976000	0.266436227289923
977000	0.266436227289923
978000	0.266436227289923
979000	0.266436227289923
980000	0.266436227289923
981000	0.266436227289923
982000	0.266436227289923
983000	0.266436227289923
984000	0.266436227289923
985000	0.266436227289923
986000	0.266436227289923
987000	0.266436227289923
988000	0.266436227289923
989000	0.266436227289923
990000	0.266436227289923
991000	0.266436227289923
992000	0.266436227289923
993000	0.266436227289923
994000	0.266436227289923
995000	0.266436227289923
996000	0.266436227289923
997000	0.266436227289923
998000	0.266436227289923
999000	0.266436227289923
