0	0.260002504919199
1000	0.262375834252596
2000	0.264510551875935
3000	0.266438475415504
4000	0.268186220507704
5000	0.269776184073307
6000	0.271227321094259
7000	0.272555761662363
8000	0.273775303939752
9000	0.274897810247268
10000	0.275933527132565
11000	0.276891345459283
12000	0.27777901291476
13000	0.278603308565149
14000	0.279370186974739
15000	0.280084897788138
16000	0.280752085428404
17000	0.281375872600669
18000	0.281959930541809
19000	0.282507538371464
20000	0.283021633440278
21000	0.283504854208598
22000	0.28395957690143
23000	0.2843879469564
24000	0.284791906098158
25000	0.2851732157253
26000	0.285533477176845
27000	0.285874149348792
28000	0.286196564052663
29000	0.286501939443697
30000	0.286791391793552
31000	0.287065945838942
32000	0.28732654390167
33000	0.287574053945685
34000	0.287809276711934
35000	0.288032952051039
36000	0.288245764556411
37000	0.288448348585788
38000	0.288641292746831
39000	0.288825143912005
40000	0.289000410819046
41000	0.28916756730588
42000	0.289327055222347
43000	0.289479287055628
44000	0.289624648301568
45000	0.28976349961003
46000	0.289896178728914
47000	0.290023002268497
48000	0.290144267305114
49000	0.290260252840962
50000	0.290371221134828
51000	0.290477418916854
52000	0.290579078498942
53000	0.290676418791095
54000	0.290769646232874
55000	0.290858955648117
56000	0.290944531030203
57000	0.291026546264364
58000	0.291105165792867
59000	0.291180545228277
60000	0.291252831919464
61000	0.291322165474588
62000	0.291388678244813
63000	0.291452495772185
64000	0.291513737204721
65000	0.29157251568151
66000	0.291628938690326
67000	0.291683108400023
68000	0.291735121969783
69000	0.291785071837089
70000	0.291833045986107
71000	0.291879128198039
72000	0.291923398284859
73000	0.291965932307699
74000	0.292006802781064
75000	0.292046078863951
76000	0.292083826538847
77000	0.292120108779497
78000	0.292154985708264
79000	0.29218851474384
80000	0.292220750739993
81000	0.292251746115977
82000	0.292281550979203
83000	0.292310213240695
84000	0.292337778723832
85000	0.292364291266823
86000	0.292389792819354
87000	0.292414323533768
88000	0.292437921851164
89000	0.292460624582722
90000	0.292482466986578
91000	0.292503482840529
92000	0.292523704510823
93000	0.292543163017292
94000	0.292561888095045
95000	0.292579908252933
96000	0.292597250828987
97000	0.292613942043004
98000	0.292630007046457
99000	0.292645469969881
100000	0.292660353967888
101000	0.292674681261946
102000	0.292688473181048
103000	0.292701750200394
104000	0.292714531978193
105000	0.292726837390699
106000	0.292738684565571
107000	0.292750090913647
108000	0.292761073159231
109000	0.292771647368948
110000	0.292781828979276
111000	0.2927916328228
112000	0.292801073153267
113000	0.292810163669492
114000	0.292818917538194
115000	0.292827347415801
116000	0.292835465469278
117000	0.292843283396038
118000	0.292850812442964
119000	0.292858063424606
120000	0.292865046740574
121000	0.292871772392187
122000	0.29287824999839
123000	0.292884488811001
124000	0.292890497729293
125000	0.292896285313969
126000	0.292901859800531
127000	0.2929072291121
128000	0.292912400871686
129000	0.292917382413954
130000	0.292922180796497
131000	0.292926802810643
132000	0.292931254991815
133000	0.292935543629469
134000	0.29293967477662
135000	0.292943654258986
136000	0.292947487683755
137000	0.292951180447999
138000	0.29295473774675
139000	0.292958164580751
140000	0.292961465763893
141000	0.292964645930361
142000	0.292967709541487
143000	0.292970660892341
144000	0.292973504118054
145000	0.292976243199889
146000	0.292978881971083
147000	0.29298142412245
148000	0.292983873207772
149000	0.292986232648967
150000	0.292988505741073
151000	0.292990695657021
152000	0.29299280545224
153000	0.292994838069064
154000	0.292996796340985
155000	0.292998682996736
156000	0.293000500664213
157000	0.293002251874251
158000	0.293003939064258
159000	0.293005564581701
160000	0.293007130687466
161000	0.293008639559089
162000	0.293010093293858
163000	0.293011493911806
164000	0.293012843358584
165000	0.293014143508224
166000	0.293015396165805
167000	0.293016603070011
168000	0.293017765895593
169000	0.293018886255741
170000	0.293019965704368
171000	0.2930210057383
172000	0.293022007799395
173000	0.293022973276572
174000	0.293023903507769
175000	0.293024799781829
176000	0.293025663340312
177000	0.29302649537924
178000	0.293027297050782
179000	0.293028069464863
180000	0.29302881369073
181000	0.293029530758445
182000	0.293030221660331
183000	0.293030887352365
184000	0.293031528755509
185000	0.293032146757002
186000	0.293032742211602
187000	0.293033315942778
188000	0.29303386874386
189000	0.293034401379151
190000	0.293034914584985
191000	0.293035409070763
192000	0.293035885519937
193000	0.293036344590962
194000	0.293036786918217
195000	0.293037213112884
196000	0.293037623763802
197000	0.293038019438285
198000	0.293038400682911
199000	0.293038768024282
200000	0.293039121969758
201000	0.29303946300816
202000	0.293039791610448
203000	0.293040108230379
204000	0.293040413305132
205000	0.29304070725592
206000	0.29304099048857
207000	0.293041263394091
208000	0.29304152634921
209000	0.293041779716901
210000	0.293042023846883
211000	0.293042259076107
212000	0.293042485729225
213000	0.293042704119036
214000	0.293042914546921
215000	0.293043117303261
216000	0.293043312667838
217000	0.293043500910224
218000	0.293043682290153
219000	0.293043857057879
220000	0.293044025454527
221000	0.293044187712421
222000	0.29304434405541
223000	0.293044494699174
224000	0.293044639851525
225000	0.293044779712694
226000	0.293044914475607
227000	0.293045044326152
228000	0.293045169443435
229000	0.293045290000031
230000	0.293045406162219
231000	0.293045518090213
232000	0.293045625938383
233000	0.293045729855468
234000	0.293045829984784
235000	0.293045926464422
236000	0.293046019427432
237000	0.293046109002016
238000	0.293046195311698
239000	0.2930462784755
240000	0.293046358608102
241000	0.293046435820002
242000	0.29304651021767
243000	0.293046581903695
244000	0.293046650976922
245000	0.293046717532593
246000	0.293046781662479
247000	0.293046843455003
248000	0.293046902995365
249000	0.29304696036566
250000	0.293047015644988
251000	0.293047068909565
252000	0.29304712023283
253000	0.293047169685542
254000	0.293047217335886
255000	0.293047263249554
256000	0.293047307489846
257000	0.293047350117756
258000	0.293047391192054
259000	0.293047430769367
260000	0.293047468904257
261000	0.293047505649299
262000	0.293047541055149
263000	0.293047575170617
264000	0.293047608042736
265000	0.293047639716821
266000	0.293047670236539
267000	0.293047699643963
268000	0.293047727979633
269000	0.293047755282611
270000	0.293047781590534
271000	0.29304780693967
272000	0.293047831364962
273000	0.293047854900082
274000	0.293047877577472
275000	0.293047899428394
276000	0.293047920482971
277000	0.293047940770223
278000	0.293047960318118
279000	0.293047979153602
280000	0.293047997302639
281000	0.293048014790248
282000	0.293048031640534
283000	0.293048047876724
284000	0.293048063521201
285000	0.293048078595529
286000	0.293048093120485
287000	0.293048107116093
288000	0.293048120601644
289000	0.293048133595729
290000	0.293048146116258
291000	0.29304815818049
292000	0.293048169805054
293000	0.293048181005973
294000	0.29304819179869
295000	0.293048202198078
296000	0.293048212218473
297000	0.293048221873686
298000	0.293048231177028
299000	0.29304824014132
300000	0.293048248778922
301000	0.293048257101738
302000	0.29304826512124
303000	0.293048272848482
304000	0.293048280294114
305000	0.293048287468402
306000	0.293048294381233
307000	0.293048301042137
308000	0.293048307460292
309000	0.293048313644549
310000	0.29304831960343
311000	0.293048325345147
312000	0.293048330877617
313000	0.293048336208464
314000	0.293048341345036
315000	0.293048346294414
316000	0.29304835106342
317000	0.293048355658627
318000	0.293048360086368
319000	0.293048364352748
320000	0.293048368463647
321000	0.293048372424732
322000	0.29304837624146
323000	0.293048379919094
324000	0.293048383462703
325000	0.293048386877171
326000	0.293048390167204
327000	0.293048393337338
328000	0.293048396391942
329000	0.293048399335228
330000	0.293048402171248
331000	0.293048404903915
332000	0.293048407536994
333000	0.293048410074116
334000	0.293048412518776
335000	0.293048414874345
336000	0.293048417144069
337000	0.293048419331077
338000	0.293048421438384
339000	0.293048423468893
340000	0.293048425425404
341000	0.293048427310613
342000	0.29304842912712
343000	0.293048430877427
344000	0.293048432563948
345000	0.293048434189006
346000	0.293048435754841
347000	0.293048437263615
348000	0.293048438717402
349000	0.293048440118208
350000	0.293048441467965
351000	0.293048442768532
352000	0.293048444021702
353000	0.293048445229202
354000	0.293048446392698
355000	0.293048447513793
356000	0.29304844859403
357000	0.293048449634901
358000	0.293048450637839
359000	0.293048451604227
360000	0.293048452535396
361000	0.293048453432631
362000	0.293048454297168
363000	0.293048455130198
364000	0.293048455932869
365000	0.29304845670629
366000	0.293048457451523
367000	0.293048458169598
368000	0.293048458861505
369000	0.293048459528196
370000	0.293048460170591
371000	0.293048460789576
372000	0.293048461386002
373000	0.293048461960692
374000	0.29304846251444
375000	0.293048463048007
376000	0.293048463562129
377000	0.293048464057515
378000	0.293048464534848
379000	0.293048464994785
380000	0.29304846543796
381000	0.293048465864984
382000	0.293048466276447
383000	0.293048466672914
384000	0.293048467054934
385000	0.293048467423031
386000	0.293048467777713
387000	0.29304846811947
388000	0.293048468448772
389000	0.293048468766073
390000	0.293048469071811
391000	0.293048469366407
392000	0.293048469650267
393000	0.293048469923781
394000	0.293048470187329
395000	0.293048470441272
396000	0.29304847068596
397000	0.293048470921731
398000	0.29304847114891
399000	0.29304847136781
400000	0.293048471578732
401000	0.293048471781968
402000	0.293048471977797
403000	0.29304847216649
404000	0.293048472348306
405000	0.293048472523497
406000	0.293048472692302
407000	0.293048472854956
408000	0.293048473011682
409000	0.293048473162697
410000	0.293048473308208
411000	0.293048473448417
412000	0.293048473583515
413000	0.29304847371369
414000	0.293048473839122
415000	0.293048473959982
416000	0.293048474076438
417000	0.293048474188649
418000	0.293048474296771
419000	0.293048474400953
420000	0.293048474501338
421000	0.293048474598065
422000	0.293048474691267
423000	0.293048474781073
424000	0.293048474867605
425000	0.293048474950985
426000	0.293048475031325
427000	0.293048475108738
428000	0.293048475183329
429000	0.293048475255203
430000	0.293048475324456
431000	0.293048475391186
432000	0.293048475455484
433000	0.293048475517439
434000	0.293048475577136
435000	0.293048475634657
436000	0.293048475690082
437000	0.293048475743488
438000	0.293048475794947
439000	0.29304847584453
440000	0.293048475892307
441000	0.293048475938343
442000	0.293048475982701
443000	0.293048476025443
444000	0.293048476066626
445000	0.293048476106309
446000	0.293048476144546
447000	0.29304847618139
448000	0.29304847621689
449000	0.293048476251097
450000	0.293048476284057
451000	0.293048476315816
452000	0.293048476346418
453000	0.293048476375905
454000	0.293048476404316
455000	0.293048476431693
456000	0.293048476458072
457000	0.293048476483489
458000	0.29304847650798
459000	0.293048476531579
460000	0.293048476554317
461000	0.293048476576228
462000	0.293048476597339
463000	0.293048476617681
464000	0.293048476637282
465000	0.293048476656168
466000	0.293048476674366
467000	0.293048476691901
468000	0.293048476708797
469000	0.293048476725077
470000	0.293048476740765
471000	0.29304847675588
472000	0.293048476770445
473000	0.293048476784478
474000	0.293048476798
475000	0.29304847681103
476000	0.293048476823584
477000	0.293048476835681
478000	0.293048476847337
479000	0.293048476858569
480000	0.293048476869391
481000	0.293048476879819
482000	0.293048476889866
483000	0.293048476899548
484000	0.293048476908876
485000	0.293048476917865
486000	0.293048476926526
487000	0.293048476934872
488000	0.293048476942913
489000	0.293048476950661
490000	0.293048476958127
491000	0.293048476965321
492000	0.293048476972254
493000	0.293048476978932
494000	0.293048476985368
495000	0.293048476991569
496000	0.293048476997544
497000	0.293048477003301
498000	0.293048477008848
499000	0.293048477014196
500000	0.293048477019344
501000	0.293048477024308
502000	0.293048477029091
503000	0.293048477033699
504000	0.293048477038139
505000	0.293048477042416
506000	0.293048477046537
507000	0.293048477050509
508000	0.293048477054337
509000	0.293048477058024
510000	0.293048477061577
511000	0.293048477065003
512000	0.293048477068301
513000	0.293048477071478
514000	0.293048477074541
515000	0.293048477077492
516000	0.293048477080337
517000	0.293048477083079
518000	0.293048477085717
519000	0.29304847708826
520000	0.293048477090713
521000	0.293048477093074
522000	0.29304847709535
523000	0.293048477097543
524000	0.293048477099657
525000	0.293048477101691
526000	0.293048477103654
527000	0.293048477105547
528000	0.293048477107365
529000	0.293048477109119
530000	0.29304847711081
531000	0.29304847711244
532000	0.293048477114011
533000	0.293048477115524
534000	0.293048477116981
535000	0.293048477118385
536000	0.293048477119737
537000	0.293048477121041
538000	0.293048477122299
539000	0.293048477123514
540000	0.29304847712468
541000	0.293048477125799
542000	0.293048477126882
543000	0.293048477127933
544000	0.293048477128932
545000	0.2930484771299
546000	0.293048477130844
547000	0.293048477131732
548000	0.293048477132604
549000	0.293048477133436
550000	0.293048477134241
551000	0.293048477135018
552000	0.293048477135763
553000	0.293048477136484
554000	0.293048477137178
555000	0.293048477137844
556000	0.293048477138495
557000	0.293048477139106
558000	0.293048477139716
559000	0.293048477140281
560000	0.293048477140837
561000	0.293048477141385
562000	0.293048477141884
563000	0.293048477142384
564000	0.293048477142876
565000	0.29304847714332
566000	0.293048477143764
567000	0.293048477144209
568000	0.29304847714461
569000	0.293048477144999
570000	0.293048477145387
571000	0.293048477145776
572000	0.293048477146114
573000	0.293048477146447
574000	0.29304847714678
575000	0.293048477147113
576000	0.293048477147422
577000	0.2930484771477
578000	0.293048477147977
579000	0.293048477148255
580000	0.293048477148532
581000	0.293048477148808
582000	0.29304847714903
583000	0.293048477149252
584000	0.293048477149474
585000	0.293048477149696
586000	0.293048477149918
587000	0.29304847715014
588000	0.293048477150345
589000	0.293048477150512
590000	0.293048477150678
591000	0.293048477150845
592000	0.293048477151011
593000	0.293048477151178
594000	0.293048477151344
595000	0.293048477151511
596000	0.293048477151677
597000	0.293048477151826
598000	0.293048477151937
599000	0.293048477152048
600000	0.293048477152159
601000	0.29304847715227
602000	0.293048477152381
603000	0.293048477152492
604000	0.293048477152603
605000	0.293048477152714
606000	0.293048477152825
607000	0.293048477152936
608000	0.293048477153047
609000	0.293048477153158
610000	0.293048477153269
611000	0.293048477153333
612000	0.293048477153388
613000	0.293048477153444
614000	0.293048477153499
615000	0.293048477153555
616000	0.29304847715361
617000	0.293048477153666
618000	0.293048477153721
619000	0.293048477153777
620000	0.293048477153832
621000	0.293048477153888
622000	0.293048477153943
623000	0.293048477153999
624000	0.293048477154054
625000	0.29304847715411
626000	0.293048477154165
627000	0.293048477154221
628000	0.293048477154276
629000	0.293048477154332
630000	0.293048477154387
631000	0.293048477154443
632000	0.293048477154498
633000	0.293048477154554
634000	0.293048477154609
635000	0.293048477154665
636000	0.29304847715472
637000	0.293048477154776
638000	0.29304847715478
639000	0.29304847715478
640000	0.29304847715478
641000	0.29304847715478
642000	0.29304847715478
643000	0.29304847715478
644000	0.29304847715478
645000	0.29304847715478
646000	0.29304847715478
647000	0.29304847715478
648000	0.29304847715478
649000	0.29304847715478
650000	0.29304847715478
651000	0.29304847715478
652000	0.29304847715478
653000	0.29304847715478
654000	0.29304847715478
655000	0.29304847715478
656000	0.29304847715478
657000	0.29304847715478
658000	0.29304847715478
659000	0.29304847715478
660000	0.29304847715478
661000	0.29304847715478
662000	0.29304847715478
663000	0.29304847715478
664000	0.29304847715478
665000	0.29304847715478
666000	0.29304847715478
667000	0.29304847715478
668000	0.29304847715478
669000	0.29304847715478
670000	0.29304847715478
671000	0.29304847715478
672000	0.29304847715478
673000	0.29304847715478
674000	0.29304847715478
675000	0.29304847715478
676000	0.29304847715478
677000	0.29304847715478
678000	0.29304847715478
679000	0.29304847715478
680000	0.29304847715478
681000	0.29304847715478
682000	0.29304847715478
683000	0.29304847715478
684000	0.29304847715478
685000	0.29304847715478
686000	0.29304847715478
687000	0.29304847715478
688000	0.29304847715478
689000	0.29304847715478
690000	0.29304847715478
691000	0.29304847715478
692000	0.29304847715478
693000	0.29304847715478
694000	0.29304847715478
695000	0.29304847715478
696000	0.29304847715478
697000	0.29304847715478
698000	0.29304847715478
699000	0.29304847715478
700000	0.29304847715478
701000	0.29304847715478
702000	0.29304847715478
703000	0.29304847715478
704000	0.29304847715478
705000	0.29304847715478
706000	0.29304847715478
707000	0.29304847715478
708000	0.29304847715478
709000	0.29304847715478
710000	0.29304847715478
711000	0.29304847715478
712000	0.29304847715478
713000	0.29304847715478
714000	0.29304847715478
715000	0.29304847715478
716000	0.29304847715478
717000	0.29304847715478
718000	0.29304847715478
719000	0.29304847715478
720000	0.29304847715478
721000	0.29304847715478
722000	0.29304847715478
723000	0.29304847715478
724000	0.29304847715478
725000	0.29304847715478
726000	0.29304847715478
727000	0.29304847715478
728000	0.29304847715478
729000	0.29304847715478
730000	0.29304847715478
731000	0.29304847715478
732000	0.29304847715478
733000	0.29304847715478
734000	0.29304847715478
735000	0.29304847715478
736000	0.29304847715478
737000	0.29304847715478
738000	0.29304847715478
739000	0.29304847715478
740000	0.29304847715478
741000	0.29304847715478
742000	0.29304847715478
743000	0.29304847715478
744000	0.29304847715478
745000	0.29304847715478
746000	0.29304847715478
747000	0.29304847715478
748000	0.29304847715478
749000	0.29304847715478
750000	0.29304847715478
751000	0.29304847715478
752000	0.29304847715478
753000	0.29304847715478
754000	0.29304847715478
755000	0.29304847715478
756000	0.29304847715478
757000	0.29304847715478
758000	0.29304847715478
759000	0.29304847715478
760000	0.29304847715478
761000	0.29304847715478
762000	0.29304847715478
763000	0.29304847715478
764000	0.29304847715478
765000	0.29304847715478
766000	0.29304847715478
767000	0.29304847715478
768000	0.29304847715478
769000	0.29304847715478
770000	0.29304847715478
771000	0.29304847715478
772000	0.29304847715478
773000	0.29304847715478
774000	0.29304847715478
775000	0.29304847715478
776000	0.29304847715478
777000	0.29304847715478
778000	0.29304847715478
779000	0.29304847715478
780000	0.29304847715478
781000	0.29304847715478
782000	0.29304847715478
783000	0.29304847715478
784000	0.29304847715478
785000	0.29304847715478
786000	0.29304847715478
787000	0.29304847715478
788000	0.29304847715478
789000	0.29304847715478
790000	0.29304847715478
791000	0.29304847715478
792000	0.29304847715478
793000	0.29304847715478
794000	0.29304847715478
795000	0.29304847715478
796000	0.29304847715478
797000	0.29304847715478
798000	0.29304847715478
799000	0.29304847715478
800000	0.29304847715478
801000	0.29304847715478
802000	0.29304847715478
803000	0.29304847715478
804000	0.29304847715478
805000	0.29304847715478
806000	0.29304847715478
807000	0.29304847715478
808000	0.29304847715478
809000	0.29304847715478
810000	0.29304847715478
811000	0.29304847715478
812000	0.29304847715478
813000	0.29304847715478
814000	0.29304847715478
815000	0.29304847715478
816000	0.29304847715478
817000	0.29304847715478
818000	0.29304847715478
819000	0.29304847715478
820000	0.29304847715478
821000	0.29304847715478
822000	0.29304847715478
823000	0.29304847715478
824000	0.29304847715478
825000	0.29304847715478
826000	0.29304847715478
827000	0.29304847715478
828000	0.29304847715478
829000	0.29304847715478
830000	0.29304847715478
831000	0.29304847715478
832000	0.29304847715478
833000	0.29304847715478
834000	0.29304847715478
835000	0.29304847715478
836000	0.29304847715478
837000	0.29304847715478
838000	0.29304847715478
839000	0.29304847715478
840000	0.29304847715478
841000	0.29304847715478
842000	0.29304847715478
843000	0.29304847715478
844000	0.29304847715478
845000	0.29304847715478
846000	0.29304847715478
847000	0.29304847715478
848000	0.29304847715478
849000	0.29304847715478
850000	0.29304847715478
851000	0.29304847715478
852000	0.29304847715478
853000	0.29304847715478
854000	0.29304847715478
855000	0.29304847715478
856000	0.29304847715478
857000	0.29304847715478
858000	0.29304847715478
859000	0.29304847715478
860000	0.29304847715478
861000	0.29304847715478
862000	0.29304847715478
863000	0.29304847715478
864000	0.29304847715478
865000	0.29304847715478
866000	0.29304847715478
867000	0.29304847715478
868000	0.29304847715478
869000	0.29304847715478
870000	0.29304847715478
871000	0.29304847715478
872000	0.29304847715478
873000	0.29304847715478
874000	0.29304847715478
875000	0.29304847715478
876000	0.29304847715478
877000	0.29304847715478
878000	0.29304847715478
879000	0.29304847715478
880000	0.29304847715478
881000	0.29304847715478
882000	0.29304847715478
883000	0.29304847715478
884000	0.29304847715478
885000	0.29304847715478
886000	0.29304847715478
887000	0.29304847715478
888000	0.29304847715478
889000	0.29304847715478
890000	0.29304847715478
891000	0.29304847715478
892000	0.29304847715478
893000	0.29304847715478
894000	0.29304847715478
895000	0.29304847715478
896000	0.29304847715478
897000	0.29304847715478
898000	0.29304847715478
899000	0.29304847715478
900000	0.29304847715478
901000	0.29304847715478
902000	0.29304847715478
903000	0.29304847715478
904000	0.29304847715478
905000	0.29304847715478
906000	0.29304847715478
907000	0.29304847715478
908000	0.29304847715478
909000	0.29304847715478
910000	0.29304847715478
911000	0.29304847715478
912000	0.29304847715478
913000	0.29304847715478
914000	0.29304847715478
915000	0.29304847715478
916000	0.29304847715478
917000	0.29304847715478
918000	0.29304847715478
919000	0.29304847715478
920000	0.29304847715478
921000	0.29304847715478
922000	0.29304847715478
923000	0.29304847715478
924000	0.29304847715478
925000	0.29304847715478
926000	0.29304847715478
927000	0.29304847715478
928000	0.29304847715478
929000	0.29304847715478
930000	0.29304847715478
931000	0.29304847715478
932000	0.29304847715478
933000	0.29304847715478
934000	0.29304847715478
935000	0.29304847715478
936000	0.29304847715478
937000	0.29304847715478
938000	0.29304847715478
939000	0.29304847715478
940000	0.29304847715478
941000	0.29304847715478
942000	0.29304847715478
943000	0.29304847715478
944000	0.29304847715478
945000	0.29304847715478
946000	0.29304847715478
947000	0.29304847715478
948000	0.29304847715478
949000	0.29304847715478
950000	0.29304847715478
951000	0.29304847715478
952000	0.29304847715478
953000	0.29304847715478
954000	0.29304847715478
955000	0.29304847715478
956000	0.29304847715478
957000	0.29304847715478
958000	0.29304847715478
959000	0.29304847715478
960000	0.29304847715478
961000	0.29304847715478
962000	0.29304847715478
963000	0.29304847715478
964000	0.29304847715478
965000	0.29304847715478
966000	0.29304847715478
967000	0.29304847715478
968000	0.29304847715478
969000	0.29304847715478
970000	0.29304847715478
971000	0.29304847715478
972000	0.29304847715478
973000	0.29304847715478
974000	0.29304847715478
975000	0.29304847715478
976000	0.29304847715478
977000	0.29304847715478
978000	0.29304847715478
979000	0.29304847715478
980000	0.29304847715478
981000	0.29304847715478
982000	0.29304847715478
983000	0.29304847715478
984000	0.29304847715478
985000	0.29304847715478
986000	0.29304847715478
987000	0.29304847715478
988000	0.29304847715478
989000	0.29304847715478
990000	0.29304847715478
991000	0.29304847715478
992000	0.29304847715478
993000	0.29304847715478
994000	0.29304847715478
995000	0.29304847715478
996000	0.29304847715478
997000	0.29304847715478
998000	0.29304847715478
999000	0.29304847715478
