0	0.220000627726512
1000	0.220580324405856
2000	0.22107387766131
3000	0.221494276802949
4000	0.221852502920244
5000	0.22215785218265
6000	0.222418203884965
7000	0.222640243442171
8000	0.222829648487866
9000	0.222991244623593
10000	0.223129136102448
11000	0.223246815731838
12000	0.22334725748751
13000	0.223432994698306
14000	0.223506186153576
15000	0.223568672075768
16000	0.223622021568815
17000	0.223667572882439
18000	0.22370646761099
19000	0.22373967976326
20000	0.223768040489195
21000	0.223792259124627
22000	0.223812941111286
23000	0.223830603262621
24000	0.223845686773379
25000	0.223858568309932
26000	0.223869569467069
27000	0.223878964833754
28000	0.223886988873831
29000	0.223893841796804
30000	0.223899694567665
31000	0.223904693182555
32000	0.223908962318246
33000	0.223912608447435
34000	0.223915722498251
35000	0.22391838212481
36000	0.223920653645814
37000	0.223922593699812
38000	0.223924250658589
39000	0.223925665834062
40000	0.22392687450891
41000	0.223927906816664
42000	0.223928788493302
43000	0.223929541519093
44000	0.223930184666748
45000	0.223930733969533
46000	0.223931203121074
47000	0.223931603816782
48000	0.223931946045466
49000	0.223932238338366
50000	0.22393248798186
51000	0.223932701199113
52000	0.223932883305225
53000	0.223933038839741
54000	0.223933171679815
55000	0.223933285136866
56000	0.223933382039128
57000	0.223933464802159
58000	0.223933535489053
59000	0.223933595861869
60000	0.223933647425559
61000	0.223933691465485
62000	0.223933729079455
63000	0.223933761205096
64000	0.223933788643221
65000	0.223933812077796
66000	0.223933832092986
67000	0.223933849187722
68000	0.223933863788132
69000	0.223933876258169
70000	0.223933886908679
71000	0.223933896005154
72000	0.223933903774345
73000	0.223933910409919
74000	0.223933916077283
75000	0.223933920917712
76000	0.223933925051865
77000	0.223933928582797
78000	0.223933931598523
79000	0.22393393417422
80000	0.223933936374091
81000	0.223933938252976
82000	0.223933939857709
83000	0.223933941228292
84000	0.223933942398891
85000	0.223933943398686
86000	0.223933944252599
87000	0.223933944981916
88000	0.223933945604818
89000	0.22393394613683
90000	0.223933946591215
91000	0.223933946979301
92000	0.22393394731076
93000	0.223933947593856
94000	0.223933947835644
95000	0.223933948042152
96000	0.22393394821853
97000	0.223933948369171
98000	0.223933948497831
99000	0.223933948607719
100000	0.223933948701572
101000	0.223933948781732
102000	0.223933948850195
103000	0.223933948908668
104000	0.22393394895861
105000	0.223933949001264
106000	0.223933949037695
107000	0.22393394906881
108000	0.223933949095385
109000	0.223933949118082
110000	0.223933949137468
111000	0.223933949154025
112000	0.223933949168166
113000	0.223933949180244
114000	0.223933949190559
115000	0.223933949199369
116000	0.223933949206894
117000	0.223933949213321
118000	0.22393394921881
119000	0.223933949223498
120000	0.223933949227503
121000	0.223933949230922
122000	0.223933949233843
123000	0.223933949236338
124000	0.223933949238468
125000	0.223933949240289
126000	0.223933949241843
127000	0.22393394924317
128000	0.223933949244304
129000	0.223933949245272
130000	0.2239339492461
131000	0.223933949246806
132000	0.223933949247408
133000	0.223933949247924
134000	0.223933949248364
135000	0.223933949248741
136000	0.223933949249061
137000	0.223933949249334
138000	0.223933949249568
139000	0.223933949249769
140000	0.22393394924994
141000	0.223933949250084
142000	0.223933949250208
143000	0.223933949250319
144000	0.223933949250404
145000	0.223933949250487
146000	0.223933949250547
147000	0.223933949250602
148000	0.223933949250658
149000	0.223933949250695
150000	0.223933949250723
151000	0.22393394925075
152000	0.223933949250778
153000	0.223933949250806
154000	0.223933949250834
155000	0.223933949250852
156000	0.223933949250852
157000	0.223933949250852
158000	0.223933949250852
159000	0.223933949250852
160000	0.223933949250852
161000	0.223933949250852
162000	0.223933949250852
163000	0.223933949250852
164000	0.223933949250852
165000	0.223933949250852
166000	0.223933949250852
167000	0.223933949250852
168000	0.223933949250852
169000	0.223933949250852
170000	0.223933949250852
171000	0.223933949250852
172000	0.223933949250852
173000	0.223933949250852
174000	0.223933949250852
175000	0.223933949250852
176000	0.223933949250852
177000	0.223933949250852
178000	0.223933949250852
179000	0.223933949250852
180000	0.223933949250852
181000	0.223933949250852
182000	0.223933949250852
183000	0.223933949250852
184000	0.223933949250852
185000	0.223933949250852
186000	0.223933949250852
187000	0.223933949250852
188000	0.223933949250852
189000	0.223933949250852
190000	0.223933949250852
191000	0.223933949250852
192000	0.223933949250852
193000	0.223933949250852
194000	0.223933949250852
195000	0.223933949250852
196000	0.223933949250852
197000	0.223933949250852
198000	0.223933949250852
199000	0.223933949250852
200000	0.223933949250852
201000	0.223933949250852
202000	0.223933949250852
203000	0.223933949250852
204000	0.223933949250852
205000	0.223933949250852
206000	0.223933949250852
207000	0.223933949250852
208000	0.223933949250852
209000	0.223933949250852
210000	0.223933949250852
211000	0.223933949250852
212000	0.223933949250852
213000	0.223933949250852
214000	0.223933949250852
215000	0.223933949250852
216000	0.223933949250852
217000	0.223933949250852
218000	0.223933949250852
219000	0.223933949250852
220000	0.223933949250852
221000	0.223933949250852
222000	0.223933949250852
223000	0.223933949250852
224000	0.223933949250852
225000	0.223933949250852
226000	0.223933949250852
227000	0.223933949250852
228000	0.223933949250852
229000	0.223933949250852
230000	0.223933949250852
231000	0.223933949250852
232000	0.223933949250852
233000	0.223933949250852
234000	0.223933949250852
235000	0.223933949250852
236000	0.223933949250852
237000	0.223933949250852
238000	0.223933949250852
239000	0.223933949250852
240000	0.223933949250852
241000	0.223933949250852
242000	0.223933949250852
243000	0.223933949250852
244000	0.223933949250852
245000	0.223933949250852
246000	0.223933949250852
247000	0.223933949250852
248000	0.223933949250852
249000	0.223933949250852
250000	0.223933949250852
251000	0.223933949250852
252000	0.223933949250852
253000	0.223933949250852
254000	0.223933949250852
255000	0.223933949250852
256000	0.223933949250852
257000	0.223933949250852
258000	0.223933949250852
259000	0.223933949250852
260000	0.223933949250852
261000	0.223933949250852
262000	0.223933949250852
263000	0.223933949250852
264000	0.223933949250852
265000	0.223933949250852
266000	0.223933949250852
267000	0.223933949250852
268000	0.223933949250852
269000	0.223933949250852
270000	0.223933949250852
271000	0.223933949250852
272000	0.223933949250852
273000	0.223933949250852
274000	0.223933949250852
275000	0.223933949250852
276000	0.223933949250852
277000	0.223933949250852
278000	0.223933949250852
279000	0.223933949250852
280000	0.223933949250852
281000	0.223933949250852
282000	0.223933949250852
283000	0.223933949250852
284000	0.223933949250852
285000	0.223933949250852
286000	0.223933949250852
287000	0.223933949250852
288000	0.223933949250852
289000	0.223933949250852
290000	0.223933949250852
291000	0.223933949250852
292000	0.223933949250852
293000	0.223933949250852
294000	0.223933949250852
295000	0.223933949250852
296000	0.223933949250852
297000	0.223933949250852
298000	0.223933949250852
299000	0.223933949250852
300000	0.223933949250852
301000	0.223933949250852
302000	0.223933949250852
303000	0.223933949250852
304000	0.223933949250852
305000	0.223933949250852
306000	0.223933949250852
307000	0.223933949250852
308000	0.223933949250852
309000	0.223933949250852
310000	0.223933949250852
311000	0.223933949250852
312000	0.223933949250852
313000	0.223933949250852
314000	0.223933949250852
315000	0.223933949250852
316000	0.223933949250852
317000	0.223933949250852
318000	0.223933949250852
319000	0.223933949250852
320000	0.223933949250852
321000	0.223933949250852
322000	0.223933949250852
323000	0.223933949250852
324000	0.223933949250852
325000	0.223933949250852
326000	0.223933949250852
327000	0.223933949250852
328000	0.223933949250852
329000	0.223933949250852
330000	0.223933949250852
331000	0.223933949250852
332000	0.223933949250852
333000	0.223933949250852
334000	0.223933949250852
335000	0.223933949250852
336000	0.223933949250852
337000	0.223933949250852
338000	0.223933949250852
339000	0.223933949250852
340000	0.223933949250852
341000	0.223933949250852
342000	0.223933949250852
343000	0.223933949250852
344000	0.223933949250852
345000	0.223933949250852
346000	0.223933949250852
347000	0.223933949250852
348000	0.223933949250852
349000	0.223933949250852
350000	0.223933949250852
351000	0.223933949250852
352000	0.223933949250852
353000	0.223933949250852
354000	0.223933949250852
355000	0.223933949250852
356000	0.223933949250852
357000	0.223933949250852
358000	0.223933949250852
359000	0.223933949250852
360000	0.223933949250852
361000	0.223933949250852
362000	0.223933949250852
363000	0.223933949250852
364000	0.223933949250852
365000	0.223933949250852
366000	0.223933949250852
367000	0.223933949250852
368000	0.223933949250852
369000	0.223933949250852
370000	0.223933949250852
371000	0.223933949250852
372000	0.223933949250852
373000	0.223933949250852
374000	0.223933949250852
375000	0.223933949250852
376000	0.223933949250852
377000	0.223933949250852
378000	0.223933949250852
379000	0.223933949250852
380000	0.223933949250852
381000	0.223933949250852
382000	0.223933949250852
383000	0.223933949250852
384000	0.223933949250852
385000	0.223933949250852
386000	0.223933949250852
387000	0.223933949250852
388000	0.223933949250852
389000	0.223933949250852
390000	0.223933949250852
391000	0.223933949250852
392000	0.223933949250852
393000	0.223933949250852
394000	0.223933949250852
395000	0.223933949250852
396000	0.223933949250852
397000	0.223933949250852
398000	0.223933949250852
399000	0.223933949250852
400000	0.223933949250852
401000	0.223933949250852
402000	0.223933949250852
403000	0.223933949250852
404000	0.223933949250852
405000	0.223933949250852
406000	0.223933949250852
407000	0.223933949250852
408000	0.223933949250852
409000	0.223933949250852
410000	0.223933949250852
411000	0.223933949250852
412000	0.223933949250852
413000	0.223933949250852
414000	0.223933949250852
415000	0.223933949250852
416000	0.223933949250852
417000	0.223933949250852
418000	0.223933949250852
419000	0.223933949250852
420000	0.223933949250852
421000	0.223933949250852
422000	0.223933949250852
423000	0.223933949250852
424000	0.223933949250852
425000	0.223933949250852
426000	0.223933949250852
427000	0.223933949250852
428000	0.223933949250852
429000	0.223933949250852
430000	0.223933949250852
431000	0.223933949250852
432000	0.223933949250852
433000	0.223933949250852
434000	0.223933949250852
435000	0.223933949250852
436000	0.223933949250852
437000	0.223933949250852
438000	0.223933949250852
439000	0.223933949250852
440000	0.223933949250852
441000	0.223933949250852
442000	0.223933949250852
443000	0.223933949250852
444000	0.223933949250852
445000	0.223933949250852
446000	0.223933949250852
447000	0.223933949250852
448000	0.223933949250852
449000	0.223933949250852
450000	0.223933949250852
451000	0.223933949250852
452000	0.223933949250852
453000	0.223933949250852
454000	0.223933949250852
455000	0.223933949250852
456000	0.223933949250852
457000	0.223933949250852
458000	0.223933949250852
459000	0.223933949250852
460000	0.223933949250852
461000	0.223933949250852
462000	0.223933949250852
463000	0.223933949250852
464000	0.223933949250852
465000	0.223933949250852
466000	0.223933949250852
467000	0.223933949250852
468000	0.223933949250852
469000	0.223933949250852
470000	0.223933949250852
471000	0.223933949250852
472000	0.223933949250852
473000	0.223933949250852
474000	0.223933949250852
475000	0.223933949250852
476000	0.223933949250852
477000	0.223933949250852
478000	0.223933949250852
479000	0.223933949250852
480000	0.223933949250852
481000	0.223933949250852
482000	0.223933949250852
483000	0.223933949250852
484000	0.223933949250852
485000	0.223933949250852
486000	0.223933949250852
487000	0.223933949250852
488000	0.223933949250852
489000	0.223933949250852
490000	0.223933949250852
491000	0.223933949250852
492000	0.223933949250852
493000	0.223933949250852
494000	0.223933949250852
495000	0.223933949250852
496000	0.223933949250852
497000	0.223933949250852
498000	0.223933949250852
499000	0.223933949250852
500000	0.223933949250852
501000	0.223933949250852
502000	0.223933949250852
503000	0.223933949250852
504000	0.223933949250852
505000	0.223933949250852
506000	0.223933949250852
507000	0.223933949250852
508000	0.223933949250852
509000	0.223933949250852
510000	0.223933949250852
511000	0.223933949250852
512000	0.223933949250852
513000	0.223933949250852
514000	0.223933949250852
515000	0.223933949250852
516000	0.223933949250852
517000	0.223933949250852
518000	0.223933949250852
519000	0.223933949250852
520000	0.223933949250852
521000	0.223933949250852
522000	0.223933949250852
523000	0.223933949250852
524000	0.223933949250852
525000	0.223933949250852
526000	0.223933949250852
527000	0.223933949250852
528000	0.223933949250852
529000	0.223933949250852
530000	0.223933949250852
531000	0.223933949250852
532000	0.223933949250852
533000	0.223933949250852
534000	0.223933949250852
535000	0.223933949250852
536000	0.223933949250852
537000	0.223933949250852
538000	0.223933949250852
539000	0.223933949250852
540000	0.223933949250852
541000	0.223933949250852
542000	0.223933949250852
543000	0.223933949250852
544000	0.223933949250852
545000	0.223933949250852
546000	0.223933949250852
547000	0.223933949250852
548000	0.223933949250852
549000	0.223933949250852
550000	0.223933949250852
551000	0.223933949250852
552000	0.223933949250852
553000	0.223933949250852
554000	0.223933949250852
555000	0.223933949250852
556000	0.223933949250852
557000	0.223933949250852
558000	0.223933949250852
559000	0.223933949250852
560000	0.223933949250852
561000	0.223933949250852
562000	0.223933949250852
563000	0.223933949250852
564000	0.223933949250852
565000	0.223933949250852
566000	0.223933949250852
567000	0.223933949250852
568000	0.223933949250852
569000	0.223933949250852
570000	0.223933949250852
571000	0.223933949250852
572000	0.223933949250852
573000	0.223933949250852
574000	0.223933949250852
575000	0.223933949250852
576000	0.223933949250852
577000	0.223933949250852
578000	0.223933949250852
579000	0.223933949250852
580000	0.223933949250852
581000	0.223933949250852
582000	0.223933949250852
583000	0.223933949250852
584000	0.223933949250852
585000	0.223933949250852
586000	0.223933949250852
587000	0.223933949250852
588000	0.223933949250852
589000	0.223933949250852
590000	0.223933949250852
591000	0.223933949250852
592000	0.223933949250852
593000	0.223933949250852
594000	0.223933949250852
595000	0.223933949250852
596000	0.223933949250852
597000	0.223933949250852
598000	0.223933949250852
599000	0.223933949250852
600000	0.223933949250852
601000	0.223933949250852
602000	0.223933949250852
603000	0.223933949250852
604000	0.223933949250852
605000	0.223933949250852
606000	0.223933949250852
607000	0.223933949250852
608000	0.223933949250852
609000	0.223933949250852
610000	0.223933949250852
611000	0.223933949250852
612000	0.223933949250852
613000	0.223933949250852
614000	0.223933949250852
615000	0.223933949250852
616000	0.223933949250852
617000	0.223933949250852
618000	0.223933949250852
619000	0.223933949250852
620000	0.223933949250852
621000	0.223933949250852
622000	0.223933949250852
623000	0.223933949250852
624000	0.223933949250852
625000	0.223933949250852
626000	0.223933949250852
627000	0.223933949250852
628000	0.223933949250852
629000	0.223933949250852
630000	0.223933949250852
631000	0.223933949250852
632000	0.223933949250852
633000	0.223933949250852
634000	0.223933949250852
635000	0.223933949250852
636000	0.223933949250852
637000	0.223933949250852
638000	0.223933949250852
639000	0.223933949250852
640000	0.223933949250852
641000	0.223933949250852
642000	0.223933949250852
643000	0.223933949250852
644000	0.223933949250852
645000	0.223933949250852
646000	0.223933949250852
647000	0.223933949250852
648000	0.223933949250852
649000	0.223933949250852
650000	0.223933949250852
651000	0.223933949250852
652000	0.223933949250852
653000	0.223933949250852
654000	0.223933949250852
655000	0.223933949250852
656000	0.223933949250852
657000	0.223933949250852
658000	0.223933949250852
659000	0.223933949250852
660000	0.223933949250852
661000	0.223933949250852
662000	0.223933949250852
663000	0.223933949250852
664000	0.223933949250852
665000	0.223933949250852
666000	0.223933949250852
667000	0.223933949250852
668000	0.223933949250852
669000	0.223933949250852
670000	0.223933949250852
671000	0.223933949250852
672000	0.223933949250852
673000	0.223933949250852
674000	0.223933949250852
675000	0.223933949250852
676000	0.223933949250852
677000	0.223933949250852
678000	0.223933949250852
679000	0.223933949250852
680000	0.223933949250852
681000	0.223933949250852
682000	0.223933949250852
683000	0.223933949250852
684000	0.223933949250852
685000	0.223933949250852
686000	0.223933949250852
687000	0.223933949250852
688000	0.223933949250852
689000	0.223933949250852
690000	0.223933949250852
691000	0.223933949250852
692000	0.223933949250852
693000	0.223933949250852
694000	0.223933949250852
695000	0.223933949250852
696000	0.223933949250852
697000	0.223933949250852
698000	0.223933949250852
699000	0.223933949250852
700000	0.223933949250852
701000	0.223933949250852
702000	0.223933949250852
703000	0.223933949250852
704000	0.223933949250852
705000	0.223933949250852
706000	0.223933949250852
707000	0.223933949250852
708000	0.223933949250852
709000	0.223933949250852
710000	0.223933949250852
711000	0.223933949250852
712000	0.223933949250852
713000	0.223933949250852
714000	0.223933949250852
715000	0.223933949250852
716000	0.223933949250852
717000	0.223933949250852
718000	0.223933949250852
719000	0.223933949250852
720000	0.223933949250852
721000	0.223933949250852
722000	0.223933949250852
723000	0.223933949250852
724000	0.223933949250852
725000	0.223933949250852
726000	0.223933949250852
727000	0.223933949250852
728000	0.223933949250852
729000	0.223933949250852
730000	0.223933949250852
731000	0.223933949250852
732000	0.223933949250852
733000	0.223933949250852
734000	0.223933949250852
735000	0.223933949250852
736000	0.223933949250852
737000	0.223933949250852
738000	0.223933949250852
739000	0.223933949250852
740000	0.223933949250852
741000	0.223933949250852
742000	0.223933949250852
743000	0.223933949250852
744000	0.223933949250852
745000	0.223933949250852
746000	0.223933949250852
747000	0.223933949250852
748000	0.223933949250852
749000	0.223933949250852
750000	0.223933949250852
751000	0.223933949250852
752000	0.223933949250852
753000	0.223933949250852
754000	0.223933949250852
755000	0.223933949250852
756000	0.223933949250852
757000	0.223933949250852
758000	0.223933949250852
759000	0.223933949250852
760000	0.223933949250852
761000	0.223933949250852
762000	0.223933949250852
763000	0.223933949250852
764000	0.223933949250852
765000	0.223933949250852
766000	0.223933949250852
767000	0.223933949250852
768000	0.223933949250852
769000	0.223933949250852
770000	0.223933949250852
771000	0.223933949250852
772000	0.223933949250852
773000	0.223933949250852
774000	0.223933949250852
775000	0.223933949250852
776000	0.223933949250852
777000	0.223933949250852
778000	0.223933949250852
779000	0.223933949250852
780000	0.223933949250852
781000	0.223933949250852
782000	0.223933949250852
783000	0.223933949250852
784000	0.223933949250852
785000	0.223933949250852
786000	0.223933949250852
787000	0.223933949250852
788000	0.223933949250852
789000	0.223933949250852
790000	0.223933949250852
791000	0.223933949250852
792000	0.223933949250852
793000	0.223933949250852
794000	0.223933949250852
795000	0.223933949250852
796000	0.223933949250852
797000	0.223933949250852
798000	0.223933949250852
799000	0.223933949250852
800000	0.223933949250852
801000	0.223933949250852
802000	0.223933949250852
803000	0.223933949250852
804000	0.223933949250852
805000	0.223933949250852
806000	0.223933949250852
807000	0.223933949250852
808000	0.223933949250852
809000	0.223933949250852
810000	0.223933949250852
811000	0.223933949250852
812000	0.223933949250852
813000	0.223933949250852
814000	0.223933949250852
815000	0.223933949250852
816000	0.223933949250852
817000	0.223933949250852
818000	0.223933949250852
819000	0.223933949250852
820000	0.223933949250852
821000	0.223933949250852
822000	0.223933949250852
823000	0.223933949250852
824000	0.223933949250852
825000	0.223933949250852
826000	0.223933949250852
827000	0.223933949250852
828000	0.223933949250852
829000	0.223933949250852
830000	0.223933949250852
831000	0.223933949250852
832000	0.223933949250852
833000	0.223933949250852
834000	0.223933949250852
835000	0.223933949250852
836000	0.223933949250852
837000	0.223933949250852
838000	0.223933949250852
839000	0.223933949250852
840000	0.223933949250852
841000	0.223933949250852
842000	0.223933949250852
843000	0.223933949250852
844000	0.223933949250852
845000	0.223933949250852
846000	0.223933949250852
847000	0.223933949250852
848000	0.223933949250852
849000	0.223933949250852
850000	0.223933949250852
851000	0.223933949250852
852000	0.223933949250852
853000	0.223933949250852
854000	0.223933949250852
855000	0.223933949250852
856000	0.223933949250852
857000	0.223933949250852
858000	0.223933949250852
859000	0.223933949250852
860000	0.223933949250852
861000	0.223933949250852
862000	0.223933949250852
863000	0.223933949250852
864000	0.223933949250852
865000	0.223933949250852
866000	0.223933949250852
867000	0.223933949250852
868000	0.223933949250852
869000	0.223933949250852
870000	0.223933949250852
871000	0.223933949250852
872000	0.223933949250852
873000	0.223933949250852
874000	0.223933949250852
875000	0.223933949250852
876000	0.223933949250852
877000	0.223933949250852
878000	0.223933949250852
879000	0.223933949250852
880000	0.223933949250852
881000	0.223933949250852
882000	0.223933949250852
883000	0.223933949250852
884000	0.223933949250852
885000	0.223933949250852
886000	0.223933949250852
887000	0.223933949250852
888000	0.223933949250852
889000	0.223933949250852
890000	0.223933949250852
891000	0.223933949250852
892000	0.223933949250852
893000	0.223933949250852
894000	0.223933949250852
895000	0.223933949250852
896000	0.223933949250852
897000	0.223933949250852
898000	0.223933949250852
899000	0.223933949250852
900000	0.223933949250852
901000	0.223933949250852
902000	0.223933949250852
903000	0.223933949250852
904000	0.223933949250852
905000	0.223933949250852
906000	0.223933949250852
907000	0.223933949250852
908000	0.223933949250852
909000	0.223933949250852
910000	0.223933949250852
911000	0.223933949250852
912000	0.223933949250852
913000	0.223933949250852
914000	0.223933949250852
915000	0.223933949250852
916000	0.223933949250852
917000	0.223933949250852
918000	0.223933949250852
919000	0.223933949250852
920000	0.223933949250852
921000	0.223933949250852
922000	0.223933949250852
923000	0.223933949250852
924000	0.223933949250852
925000	0.223933949250852
926000	0.223933949250852
927000	0.223933949250852
928000	0.223933949250852
929000	0.223933949250852
930000	0.223933949250852
931000	0.223933949250852
932000	0.223933949250852
933000	0.223933949250852
934000	0.223933949250852
935000	0.223933949250852
936000	0.223933949250852
937000	0.223933949250852
938000	0.223933949250852
939000	0.223933949250852
940000	0.223933949250852
941000	0.223933949250852
942000	0.223933949250852
943000	0.223933949250852
944000	0.223933949250852
945000	0.223933949250852
946000	0.223933949250852
947000	0.223933949250852
948000	0.223933949250852
949000	0.223933949250852
950000	0.223933949250852
951000	0.223933949250852
952000	0.223933949250852
953000	0.223933949250852
954000	0.223933949250852
955000	0.223933949250852
956000	0.223933949250852
957000	0.223933949250852
958000	0.223933949250852
959000	0.223933949250852
960000	0.223933949250852
961000	0.223933949250852
962000	0.223933949250852
963000	0.223933949250852
964000	0.223933949250852
965000	0.223933949250852
966000	0.223933949250852
967000	0.223933949250852
968000	0.223933949250852
969000	0.223933949250852
970000	0.223933949250852
971000	0.223933949250852
972000	0.223933949250852
973000	0.223933949250852
974000	0.223933949250852
975000	0.223933949250852
976000	0.223933949250852
977000	0.223933949250852
978000	0.223933949250852
979000	0.223933949250852
980000	0.223933949250852
981000	0.223933949250852
982000	0.223933949250852
983000	0.223933949250852
984000	0.223933949250852
985000	0.223933949250852
986000	0.223933949250852
987000	0.223933949250852
988000	0.223933949250852
989000	0.223933949250852
990000	0.223933949250852
991000	0.223933949250852
992000	0.223933949250852
993000	0.223933949250852
994000	0.223933949250852
995000	0.223933949250852
996000	0.223933949250852
997000	0.223933949250852
998000	0.223933949250852
999000	0.223933949250852
