0	0.200000261401305
1000	0.20024007816869
2000	0.200441463848376
3000	0.200610595031158
4000	0.200752650414831
5000	0.20087197352126
6000	0.200972208454492
7000	0.20105641328567
8000	0.201127154838069
9000	0.201186587985489
10000	0.201236522038878
11000	0.201278476355452
12000	0.201313726942771
13000	0.201343345532239
14000	0.201368232350442
15000	0.201389143613009
16000	0.20140671459674
17000	0.201421479005241
18000	0.201433885226482
19000	0.201444309983157
20000	0.201453069795451
21000	0.20146043060783
22000	0.201466615874658
23000	0.201471813351903
24000	0.201476180802342
25000	0.201479850788357
26000	0.201482934698413
27000	0.201485526129881
28000	0.201487703731183
29000	0.201489533589749
30000	0.201491071238404
31000	0.201492363341202
32000	0.201493449109927
33000	0.201494361494316
34000	0.201495128182165
35000	0.201495772439684
36000	0.201496313817638
37000	0.20149676874469
38000	0.201497151026003
39000	0.201497472262192
40000	0.20149774220138
41000	0.201497969035026
42000	0.201498159646511
43000	0.201498319820024
44000	0.201498454416091
45000	0.201498567519079
46000	0.201498662561132
47000	0.201498742426329
48000	0.201498809538199
49000	0.201498865933267
50000	0.201498913322855
51000	0.201498953145008
52000	0.201498986608139
53000	0.201499014727691
54000	0.201499038356958
55000	0.201499058212972
56000	0.201499074898269
57000	0.201499088919165
58000	0.201499100701128
59000	0.201499110601682
60000	0.201499118921261
61000	0.201499125912324
62000	0.201499131787016
63000	0.201499136723604
64000	0.201499140871891
65000	0.201499144357757
66000	0.201499147286981
67000	0.20149914974845
68000	0.201499151816859
69000	0.201499153554972
70000	0.201499155015534
71000	0.201499156242866
72000	0.20149915727421
73000	0.201499158140864
74000	0.201499158869126
75000	0.201499159481095
76000	0.201499159995341
77000	0.20149916042747
78000	0.201499160790594
79000	0.201499161095732
80000	0.201499161352145
81000	0.201499161567612
82000	0.201499161748672
83000	0.20149916190082
84000	0.201499162028671
85000	0.201499162136107
86000	0.201499162226386
87000	0.201499162302249
88000	0.201499162365999
89000	0.201499162419568
90000	0.201499162464583
91000	0.201499162502409
92000	0.201499162534196
93000	0.201499162560906
94000	0.201499162583352
95000	0.201499162602213
96000	0.201499162618062
97000	0.20149916263138
98000	0.201499162642572
99000	0.201499162651976
100000	0.201499162659879
101000	0.20149916266652
102000	0.2014991626721
103000	0.201499162676789
104000	0.20149916268073
105000	0.201499162684041
106000	0.201499162686823
107000	0.201499162689161
108000	0.201499162691126
109000	0.201499162692777
110000	0.201499162694165
111000	0.201499162695331
112000	0.20149916269631
113000	0.201499162697133
114000	0.201499162697825
115000	0.201499162698406
116000	0.201499162698894
117000	0.201499162699306
118000	0.20149916269965
119000	0.201499162699941
120000	0.201499162700182
121000	0.201499162700387
122000	0.20149916270056
123000	0.201499162700703
124000	0.201499162700823
125000	0.201499162700928
126000	0.201499162701011
127000	0.201499162701085
128000	0.20149916270114
129000	0.201499162701196
130000	0.201499162701239
131000	0.201499162701267
132000	0.201499162701294
133000	0.201499162701322
134000	0.20149916270135
135000	0.201499162701378
136000	0.201499162701386
137000	0.201499162701386
138000	0.201499162701386
139000	0.201499162701386
140000	0.201499162701386
141000	0.201499162701386
142000	0.201499162701386
143000	0.201499162701386
144000	0.201499162701386
145000	0.201499162701386
146000	0.201499162701386
147000	0.201499162701386
148000	0.201499162701386
149000	0.201499162701386
150000	0.201499162701386
151000	0.201499162701386
152000	0.201499162701386
153000	0.201499162701386
154000	0.201499162701386
155000	0.201499162701386
156000	0.201499162701386
157000	0.201499162701386
158000	0.201499162701386
159000	0.201499162701386
160000	0.201499162701386
161000	0.201499162701386
162000	0.201499162701386
163000	0.201499162701386
164000	0.201499162701386
165000	0.201499162701386
166000	0.201499162701386
167000	0.201499162701386
168000	0.201499162701386
169000	0.201499162701386
170000	0.201499162701386
171000	0.201499162701386
172000	0.201499162701386
173000	0.201499162701386
174000	0.201499162701386
175000	0.201499162701386
176000	0.201499162701386
177000	0.201499162701386
178000	0.201499162701386
179000	0.201499162701386
180000	0.201499162701386
181000	0.201499162701386
182000	0.201499162701386
183000	0.201499162701386
184000	0.201499162701386
185000	0.201499162701386
186000	0.201499162701386
187000	0.201499162701386
188000	0.201499162701386
189000	0.201499162701386
190000	0.201499162701386
191000	0.201499162701386
192000	0.201499162701386
193000	0.201499162701386
194000	0.201499162701386
195000	0.201499162701386
196000	0.201499162701386
197000	0.201499162701386
198000	0.201499162701386
199000	0.201499162701386
200000	0.201499162701386
201000	0.201499162701386
202000	0.201499162701386
203000	0.201499162701386
204000	0.201499162701386
205000	0.201499162701386
206000	0.201499162701386
207000	0.201499162701386
208000	0.201499162701386
209000	0.201499162701386
210000	0.201499162701386
211000	0.201499162701386
212000	0.201499162701386
213000	0.201499162701386
214000	0.201499162701386
215000	0.201499162701386
216000	0.201499162701386
217000	0.201499162701386
218000	0.201499162701386
219000	0.201499162701386
220000	0.201499162701386
221000	0.201499162701386
222000	0.201499162701386
223000	0.201499162701386
224000	0.201499162701386
225000	0.201499162701386
226000	0.201499162701386
227000	0.201499162701386
228000	0.201499162701386
229000	0.201499162701386
230000	0.201499162701386
231000	0.201499162701386
232000	0.201499162701386
233000	0.201499162701386
234000	0.201499162701386
235000	0.201499162701386
236000	0.201499162701386
237000	0.201499162701386
238000	0.201499162701386
239000	0.201499162701386
240000	0.201499162701386
241000	0.201499162701386
242000	0.201499162701386
243000	0.201499162701386
244000	0.201499162701386
245000	0.201499162701386
246000	0.201499162701386
247000	0.201499162701386
248000	0.201499162701386
249000	0.201499162701386
250000	0.201499162701386
251000	0.201499162701386
252000	0.201499162701386
253000	0.201499162701386
254000	0.201499162701386
255000	0.201499162701386
256000	0.201499162701386
257000	0.201499162701386
258000	0.201499162701386
259000	0.201499162701386
260000	0.201499162701386
261000	0.201499162701386
262000	0.201499162701386
263000	0.201499162701386
264000	0.201499162701386
265000	0.201499162701386
266000	0.201499162701386
267000	0.201499162701386
268000	0.201499162701386
269000	0.201499162701386
270000	0.201499162701386
271000	0.201499162701386
272000	0.201499162701386
273000	0.201499162701386
274000	0.201499162701386
275000	0.201499162701386
276000	0.201499162701386
277000	0.201499162701386
278000	0.201499162701386
279000	0.201499162701386
280000	0.201499162701386
281000	0.201499162701386
282000	0.201499162701386
283000	0.201499162701386
284000	0.201499162701386
285000	0.201499162701386
286000	0.201499162701386
287000	0.201499162701386
288000	0.201499162701386
289000	0.201499162701386
290000	0.201499162701386
291000	0.201499162701386
292000	0.201499162701386
293000	0.201499162701386
294000	0.201499162701386
295000	0.201499162701386
296000	0.201499162701386
297000	0.201499162701386
298000	0.201499162701386
299000	0.201499162701386
300000	0.201499162701386
301000	0.201499162701386
302000	0.201499162701386
303000	0.201499162701386
304000	0.201499162701386
305000	0.201499162701386
306000	0.201499162701386
307000	0.201499162701386
308000	0.201499162701386
309000	0.201499162701386
310000	0.201499162701386
311000	0.201499162701386
312000	0.201499162701386
313000	0.201499162701386
314000	0.201499162701386
315000	0.201499162701386
316000	0.201499162701386
317000	0.201499162701386
318000	0.201499162701386
319000	0.201499162701386
320000	0.201499162701386
321000	0.201499162701386
322000	0.201499162701386
323000	0.201499162701386
324000	0.201499162701386
325000	0.201499162701386
326000	0.201499162701386
327000	0.201499162701386
328000	0.201499162701386
329000	0.201499162701386
330000	0.201499162701386
331000	0.201499162701386
332000	0.201499162701386
333000	0.201499162701386
334000	0.201499162701386
335000	0.201499162701386
336000	0.201499162701386
337000	0.201499162701386
338000	0.201499162701386
339000	0.201499162701386
340000	0.201499162701386
341000	0.201499162701386
342000	0.201499162701386
343000	0.201499162701386
344000	0.201499162701386
345000	0.201499162701386
346000	0.201499162701386
347000	0.201499162701386
348000	0.201499162701386
349000	0.201499162701386
350000	0.201499162701386
351000	0.201499162701386
352000	0.201499162701386
353000	0.201499162701386
354000	0.201499162701386
355000	0.201499162701386
356000	0.201499162701386
357000	0.201499162701386
358000	0.201499162701386
359000	0.201499162701386
360000	0.201499162701386
361000	0.201499162701386
362000	0.201499162701386
363000	0.201499162701386
364000	0.201499162701386
365000	0.201499162701386
366000	0.201499162701386
367000	0.201499162701386
368000	0.201499162701386
369000	0.201499162701386
370000	0.201499162701386
371000	0.201499162701386
372000	0.201499162701386
373000	0.201499162701386
374000	0.201499162701386
375000	0.201499162701386
376000	0.201499162701386
377000	0.201499162701386
378000	0.201499162701386
379000	0.201499162701386
380000	0.201499162701386
381000	0.201499162701386
382000	0.201499162701386
383000	0.201499162701386
384000	0.201499162701386
385000	0.201499162701386
386000	0.201499162701386
387000	0.201499162701386
388000	0.201499162701386
389000	0.201499162701386
390000	0.201499162701386
391000	0.201499162701386
392000	0.201499162701386
393000	0.201499162701386
394000	0.201499162701386
395000	0.201499162701386
396000	0.201499162701386
397000	0.201499162701386
398000	0.201499162701386
399000	0.201499162701386
400000	0.201499162701386
401000	0.201499162701386
402000	0.201499162701386
403000	0.201499162701386
404000	0.201499162701386
405000	0.201499162701386
406000	0.201499162701386
407000	0.201499162701386
408000	0.201499162701386
409000	0.201499162701386
410000	0.201499162701386
411000	0.201499162701386
412000	0.201499162701386
413000	0.201499162701386
414000	0.201499162701386
415000	0.201499162701386
416000	0.201499162701386
417000	0.201499162701386
418000	0.201499162701386
419000	0.201499162701386
420000	0.201499162701386
421000	0.201499162701386
422000	0.201499162701386
423000	0.201499162701386
424000	0.201499162701386
425000	0.201499162701386
426000	0.201499162701386
427000	0.201499162701386
428000	0.201499162701386
429000	0.201499162701386
430000	0.201499162701386
431000	0.201499162701386
432000	0.201499162701386
433000	0.201499162701386
434000	0.201499162701386
435000	0.201499162701386
436000	0.201499162701386
437000	0.201499162701386
438000	0.201499162701386
439000	0.201499162701386
440000	0.201499162701386
441000	0.201499162701386
442000	0.201499162701386
443000	0.201499162701386
444000	0.201499162701386
445000	0.201499162701386
446000	0.201499162701386
447000	0.201499162701386
448000	0.201499162701386
449000	0.201499162701386
450000	0.201499162701386
451000	0.201499162701386
452000	0.201499162701386
453000	0.201499162701386
454000	0.201499162701386
455000	0.201499162701386
456000	0.201499162701386
457000	0.201499162701386
458000	0.201499162701386
459000	0.201499162701386
460000	0.201499162701386
461000	0.201499162701386
462000	0.201499162701386
463000	0.201499162701386
464000	0.201499162701386
465000	0.201499162701386
466000	0.201499162701386
467000	0.201499162701386
468000	0.201499162701386
469000	0.201499162701386
470000	0.201499162701386
471000	0.201499162701386
472000	0.201499162701386
473000	0.201499162701386
474000	0.201499162701386
475000	0.201499162701386
476000	0.201499162701386
477000	0.201499162701386
478000	0.201499162701386
479000	0.201499162701386
480000	0.201499162701386
481000	0.201499162701386
482000	0.201499162701386
483000	0.201499162701386
484000	0.201499162701386
485000	0.201499162701386
486000	0.201499162701386
487000	0.201499162701386
488000	0.201499162701386
489000	0.201499162701386
490000	0.201499162701386
491000	0.201499162701386
492000	0.201499162701386
493000	0.201499162701386
494000	0.201499162701386
495000	0.201499162701386
496000	0.201499162701386
497000	0.201499162701386
498000	0.201499162701386
499000	0.201499162701386
500000	0.201499162701386
501000	0.201499162701386
502000	0.201499162701386
503000	0.201499162701386
504000	0.201499162701386
505000	0.201499162701386
506000	0.201499162701386
507000	0.201499162701386
508000	0.201499162701386
509000	0.201499162701386
510000	0.201499162701386
511000	0.201499162701386
512000	0.201499162701386
513000	0.201499162701386
514000	0.201499162701386
515000	0.201499162701386
516000	0.201499162701386
517000	0.201499162701386
518000	0.201499162701386
519000	0.201499162701386
520000	0.201499162701386
521000	0.201499162701386
522000	0.201499162701386
523000	0.201499162701386
524000	0.201499162701386
525000	0.201499162701386
526000	0.201499162701386
527000	0.201499162701386
528000	0.201499162701386
529000	0.201499162701386
530000	0.201499162701386
531000	0.201499162701386
532000	0.201499162701386
533000	0.201499162701386
534000	0.201499162701386
535000	0.201499162701386
536000	0.201499162701386
537000	0.201499162701386
538000	0.201499162701386
539000	0.201499162701386
540000	0.201499162701386
541000	0.201499162701386
542000	0.201499162701386
543000	0.201499162701386
544000	0.201499162701386
545000	0.201499162701386
546000	0.201499162701386
547000	0.201499162701386
548000	0.201499162701386
549000	0.201499162701386
550000	0.201499162701386
551000	0.201499162701386
552000	0.201499162701386
553000	0.201499162701386
554000	0.201499162701386
555000	0.201499162701386
556000	0.201499162701386
557000	0.201499162701386
558000	0.201499162701386
559000	0.201499162701386
560000	0.201499162701386
561000	0.201499162701386
562000	0.201499162701386
563000	0.201499162701386
564000	0.201499162701386
565000	0.201499162701386
566000	0.201499162701386
567000	0.201499162701386
568000	0.201499162701386
569000	0.201499162701386
570000	0.201499162701386
571000	0.201499162701386
572000	0.201499162701386
573000	0.201499162701386
574000	0.201499162701386
575000	0.201499162701386
576000	0.201499162701386
577000	0.201499162701386
578000	0.201499162701386
579000	0.201499162701386
580000	0.201499162701386
581000	0.201499162701386
582000	0.201499162701386
583000	0.201499162701386
584000	0.201499162701386
585000	0.201499162701386
586000	0.201499162701386
587000	0.201499162701386
588000	0.201499162701386
589000	0.201499162701386
590000	0.201499162701386
591000	0.201499162701386
592000	0.201499162701386
593000	0.201499162701386
594000	0.201499162701386
595000	0.201499162701386
596000	0.201499162701386
597000	0.201499162701386
598000	0.201499162701386
599000	0.201499162701386
600000	0.201499162701386
601000	0.201499162701386
602000	0.201499162701386
603000	0.201499162701386
604000	0.201499162701386
605000	0.201499162701386
606000	0.201499162701386
607000	0.201499162701386
608000	0.201499162701386
609000	0.201499162701386
610000	0.201499162701386
611000	0.201499162701386
612000	0.201499162701386
613000	0.201499162701386
614000	0.201499162701386
615000	0.201499162701386
616000	0.201499162701386
617000	0.201499162701386
618000	0.201499162701386
619000	0.201499162701386
620000	0.201499162701386
621000	0.201499162701386
622000	0.201499162701386
623000	0.201499162701386
624000	0.201499162701386
625000	0.201499162701386
626000	0.201499162701386
627000	0.201499162701386
628000	0.201499162701386
629000	0.201499162701386
630000	0.201499162701386
631000	0.201499162701386
632000	0.201499162701386
633000	0.201499162701386
634000	0.201499162701386
635000	0.201499162701386
636000	0.201499162701386
637000	0.201499162701386
638000	0.201499162701386
639000	0.201499162701386
640000	0.201499162701386
641000	0.201499162701386
642000	0.201499162701386
643000	0.201499162701386
644000	0.201499162701386
645000	0.201499162701386
646000	0.201499162701386
647000	0.201499162701386
648000	0.201499162701386
649000	0.201499162701386
650000	0.201499162701386
651000	0.201499162701386
652000	0.201499162701386
653000	0.201499162701386
654000	0.201499162701386
655000	0.201499162701386
656000	0.201499162701386
657000	0.201499162701386
658000	0.201499162701386
659000	0.201499162701386
660000	0.201499162701386
661000	0.201499162701386
662000	0.201499162701386
663000	0.201499162701386
664000	0.201499162701386
665000	0.201499162701386
666000	0.201499162701386
667000	0.201499162701386
668000	0.201499162701386
669000	0.201499162701386
670000	0.201499162701386
671000	0.201499162701386
672000	0.201499162701386
673000	0.201499162701386
674000	0.201499162701386
675000	0.201499162701386
676000	0.201499162701386
677000	0.201499162701386
678000	0.201499162701386
679000	0.201499162701386
680000	0.201499162701386
681000	0.201499162701386
682000	0.201499162701386
683000	0.201499162701386
684000	0.201499162701386
685000	0.201499162701386
686000	0.201499162701386
687000	0.201499162701386
688000	0.201499162701386
689000	0.201499162701386
690000	0.201499162701386
691000	0.201499162701386
692000	0.201499162701386
693000	0.201499162701386
694000	0.201499162701386
695000	0.201499162701386
696000	0.201499162701386
697000	0.201499162701386
698000	0.201499162701386
699000	0.201499162701386
700000	0.201499162701386
701000	0.201499162701386
702000	0.201499162701386
703000	0.201499162701386
704000	0.201499162701386
705000	0.201499162701386
706000	0.201499162701386
707000	0.201499162701386
708000	0.201499162701386
709000	0.201499162701386
710000	0.201499162701386
711000	0.201499162701386
712000	0.201499162701386
713000	0.201499162701386
714000	0.201499162701386
715000	0.201499162701386
716000	0.201499162701386
717000	0.201499162701386
718000	0.201499162701386
719000	0.201499162701386
720000	0.201499162701386
721000	0.201499162701386
722000	0.201499162701386
723000	0.201499162701386
724000	0.201499162701386
725000	0.201499162701386
726000	0.201499162701386
727000	0.201499162701386
728000	0.201499162701386
729000	0.201499162701386
730000	0.201499162701386
731000	0.201499162701386
732000	0.201499162701386
733000	0.201499162701386
734000	0.201499162701386
735000	0.201499162701386
736000	0.201499162701386
737000	0.201499162701386
738000	0.201499162701386
739000	0.201499162701386
740000	0.201499162701386
741000	0.201499162701386
742000	0.201499162701386
743000	0.201499162701386
744000	0.201499162701386
745000	0.201499162701386
746000	0.201499162701386
747000	0.201499162701386
748000	0.201499162701386
749000	0.201499162701386
750000	0.201499162701386
751000	0.201499162701386
752000	0.201499162701386
753000	0.201499162701386
754000	0.201499162701386
755000	0.201499162701386
756000	0.201499162701386
757000	0.201499162701386
758000	0.201499162701386
759000	0.201499162701386
760000	0.201499162701386
761000	0.201499162701386
762000	0.201499162701386
763000	0.201499162701386
764000	0.201499162701386
765000	0.201499162701386
766000	0.201499162701386
767000	0.201499162701386
768000	0.201499162701386
769000	0.201499162701386
770000	0.201499162701386
771000	0.201499162701386
772000	0.201499162701386
773000	0.201499162701386
774000	0.201499162701386
775000	0.201499162701386
776000	0.201499162701386
777000	0.201499162701386
778000	0.201499162701386
779000	0.201499162701386
780000	0.201499162701386
781000	0.201499162701386
782000	0.201499162701386
783000	0.201499162701386
784000	0.201499162701386
785000	0.201499162701386
786000	0.201499162701386
787000	0.201499162701386
788000	0.201499162701386
789000	0.201499162701386
790000	0.201499162701386
791000	0.201499162701386
792000	0.201499162701386
793000	0.201499162701386
794000	0.201499162701386
795000	0.201499162701386
796000	0.201499162701386
797000	0.201499162701386
798000	0.201499162701386
799000	0.201499162701386
800000	0.201499162701386
801000	0.201499162701386
802000	0.201499162701386
803000	0.201499162701386
804000	0.201499162701386
805000	0.201499162701386
806000	0.201499162701386
807000	0.201499162701386
808000	0.201499162701386
809000	0.201499162701386
810000	0.201499162701386
811000	0.201499162701386
812000	0.201499162701386
813000	0.201499162701386
814000	0.201499162701386
815000	0.201499162701386
816000	0.201499162701386
817000	0.201499162701386
818000	0.201499162701386
819000	0.201499162701386
820000	0.201499162701386
821000	0.201499162701386
822000	0.201499162701386
823000	0.201499162701386
824000	0.201499162701386
825000	0.201499162701386
826000	0.201499162701386
827000	0.201499162701386
828000	0.201499162701386
829000	0.201499162701386
830000	0.201499162701386
831000	0.201499162701386
832000	0.201499162701386
833000	0.201499162701386
834000	0.201499162701386
835000	0.201499162701386
836000	0.201499162701386
837000	0.201499162701386
838000	0.201499162701386
839000	0.201499162701386
840000	0.201499162701386
841000	0.201499162701386
842000	0.201499162701386
843000	0.201499162701386
844000	0.201499162701386
845000	0.201499162701386
846000	0.201499162701386
847000	0.201499162701386
848000	0.201499162701386
849000	0.201499162701386
850000	0.201499162701386
851000	0.201499162701386
852000	0.201499162701386
853000	0.201499162701386
854000	0.201499162701386
855000	0.201499162701386
856000	0.201499162701386
857000	0.201499162701386
858000	0.201499162701386
859000	0.201499162701386
860000	0.201499162701386
861000	0.201499162701386
862000	0.201499162701386
863000	0.201499162701386
864000	0.201499162701386
865000	0.201499162701386
866000	0.201499162701386
867000	0.201499162701386
868000	0.201499162701386
869000	0.201499162701386
870000	0.201499162701386
871000	0.201499162701386
872000	0.201499162701386
873000	0.201499162701386
874000	0.201499162701386
875000	0.201499162701386
876000	0.201499162701386
877000	0.201499162701386
878000	0.201499162701386
879000	0.201499162701386
880000	0.201499162701386
881000	0.201499162701386
882000	0.201499162701386
883000	0.201499162701386
884000	0.201499162701386
885000	0.201499162701386
886000	0.201499162701386
887000	0.201499162701386
888000	0.201499162701386
889000	0.201499162701386
890000	0.201499162701386
891000	0.201499162701386
892000	0.201499162701386
893000	0.201499162701386
894000	0.201499162701386
895000	0.201499162701386
896000	0.201499162701386
897000	0.201499162701386
898000	0.201499162701386
899000	0.201499162701386
900000	0.201499162701386
901000	0.201499162701386
902000	0.201499162701386
903000	0.201499162701386
904000	0.201499162701386
905000	0.201499162701386
906000	0.201499162701386
907000	0.201499162701386
908000	0.201499162701386
909000	0.201499162701386
910000	0.201499162701386
911000	0.201499162701386
912000	0.201499162701386
913000	0.201499162701386
914000	0.201499162701386
915000	0.201499162701386
916000	0.201499162701386
917000	0.201499162701386
918000	0.201499162701386
919000	0.201499162701386
920000	0.201499162701386
921000	0.201499162701386
922000	0.201499162701386
923000	0.201499162701386
924000	0.201499162701386
925000	0.201499162701386
926000	0.201499162701386
927000	0.201499162701386
928000	0.201499162701386
929000	0.201499162701386
930000	0.201499162701386
931000	0.201499162701386
932000	0.201499162701386
933000	0.201499162701386
934000	0.201499162701386
935000	0.201499162701386
936000	0.201499162701386
937000	0.201499162701386
938000	0.201499162701386
939000	0.201499162701386
940000	0.201499162701386
941000	0.201499162701386
942000	0.201499162701386
943000	0.201499162701386
944000	0.201499162701386
945000	0.201499162701386
946000	0.201499162701386
947000	0.201499162701386
948000	0.201499162701386
949000	0.201499162701386
950000	0.201499162701386
951000	0.201499162701386
952000	0.201499162701386
953000	0.201499162701386
954000	0.201499162701386
955000	0.201499162701386
956000	0.201499162701386
957000	0.201499162701386
958000	0.201499162701386
959000	0.201499162701386
960000	0.201499162701386
961000	0.201499162701386
962000	0.201499162701386
963000	0.201499162701386
964000	0.201499162701386
965000	0.201499162701386
966000	0.201499162701386
967000	0.201499162701386
968000	0.201499162701386
969000	0.201499162701386
970000	0.201499162701386
971000	0.201499162701386
972000	0.201499162701386
973000	0.201499162701386
974000	0.201499162701386
975000	0.201499162701386
976000	0.201499162701386
977000	0.201499162701386
978000	0.201499162701386
979000	0.201499162701386
980000	0.201499162701386
981000	0.201499162701386
982000	0.201499162701386
983000	0.201499162701386
984000	0.201499162701386
985000	0.201499162701386
986000	0.201499162701386
987000	0.201499162701386
988000	0.201499162701386
989000	0.201499162701386
990000	0.201499162701386
991000	0.201499162701386
992000	0.201499162701386
993000	0.201499162701386
994000	0.201499162701386
995000	0.201499162701386
996000	0.201499162701386
997000	0.201499162701386
998000	0.201499162701386
999000	0.201499162701386
