0	0.210000412364301
1000	0.210379807654164
2000	0.210700307334582
3000	0.210971115090237
4000	0.211199979333079
5000	0.211393427992724
6000	0.211556964159831
7000	0.211695229441233
8000	0.211812140601394
9000	0.211911004039905
10000	0.211994611833009
11000	0.212065322405258
12000	0.212125128361716
13000	0.212175713575534
14000	0.212218501270084
15000	0.21225469454313
16000	0.212285310540506
17000	0.212311209288497
18000	0.212333118029842
19000	0.212351651771834
20000	0.212367330641324
21000	0.212380594546572
22000	0.212391815566574
23000	0.212401308422011
24000	0.212409339326275
25000	0.212416133468152
26000	0.212421881338443
27000	0.212426744079622
28000	0.212430858009779
29000	0.212434338448545
30000	0.212437282952891
31000	0.212439774053968
32000	0.212441881572007
33000	0.212443664574417
34000	0.212445173032106
35000	0.212446449220591
36000	0.212447528905226
37000	0.212448442343842
38000	0.212449215134936
39000	0.212449868935209
40000	0.212450422066588
41000	0.212450890029759
42000	0.212451285938603
43000	0.212451620887737
44000	0.212451904263448
45000	0.212452144006746
46000	0.212452346835915
47000	0.212452518434778
48000	0.212452663611993
49000	0.212452786435801
50000	0.212452890348039
51000	0.212452978260587
52000	0.212453052636973
53000	0.212453115561403
54000	0.212453168797173
55000	0.212453213836076
56000	0.212453251940208
57000	0.212453284177337
58000	0.212453311450824
59000	0.212453334524935
60000	0.21245335404626
61000	0.212453370561831
62000	0.212453384534454
63000	0.212453396355673
64000	0.212453406356746
65000	0.212453414817926
66000	0.212453421976315
67000	0.212453428032506
68000	0.21245343315621
69000	0.212453437491003
70000	0.212453441158355
71000	0.212453444261035
72000	0.212453446885988
73000	0.212453449106769
74000	0.21245345098561
75000	0.212453452575161
76000	0.212453453919964
77000	0.212453455057704
78000	0.212453456020264
79000	0.212453456834615
80000	0.212453457523578
81000	0.21245345810646
82000	0.212453458599594
83000	0.212453459016799
84000	0.212453459369765
85000	0.212453459668384
86000	0.212453459921025
87000	0.212453460134765
88000	0.212453460315595
89000	0.212453460468582
90000	0.212453460598014
91000	0.212453460707516
92000	0.212453460800158
93000	0.212453460878536
94000	0.212453460944846
95000	0.212453461000946
96000	0.212453461048408
97000	0.212453461088562
98000	0.212453461122534
99000	0.212453461151275
100000	0.21245346117559
101000	0.212453461196162
102000	0.212453461213566
103000	0.21245346122829
104000	0.212453461240747
105000	0.212453461251287
106000	0.212453461260203
107000	0.212453461267747
108000	0.212453461274129
109000	0.212453461279528
110000	0.212453461284096
111000	0.212453461287961
112000	0.21245346129123
113000	0.212453461293996
114000	0.212453461296337
115000	0.212453461298317
116000	0.212453461299992
117000	0.212453461301408
118000	0.212453461302608
119000	0.212453461303622
120000	0.21245346130448
121000	0.212453461305206
122000	0.21245346130582
123000	0.21245346130634
124000	0.21245346130678
125000	0.212453461307151
126000	0.212453461307466
127000	0.212453461307731
128000	0.212453461307958
129000	0.212453461308147
130000	0.212453461308309
131000	0.212453461308447
132000	0.212453461308559
133000	0.212453461308656
134000	0.212453461308739
135000	0.212453461308809
136000	0.212453461308864
137000	0.21245346130892
138000	0.212453461308961
139000	0.212453461308989
140000	0.212453461309016
141000	0.212453461309044
142000	0.212453461309072
143000	0.2124534613091
144000	0.212453461309113
145000	0.212453461309113
146000	0.212453461309113
147000	0.212453461309113
148000	0.212453461309113
149000	0.212453461309113
150000	0.212453461309113
151000	0.212453461309113
152000	0.212453461309113
153000	0.212453461309113
154000	0.212453461309113
155000	0.212453461309113
156000	0.212453461309113
157000	0.212453461309113
158000	0.212453461309113
159000	0.212453461309113
160000	0.212453461309113
161000	0.212453461309113
162000	0.212453461309113
163000	0.212453461309113
164000	0.212453461309113
165000	0.212453461309113
166000	0.212453461309113
167000	0.212453461309113
168000	0.212453461309113
169000	0.212453461309113
170000	0.212453461309113
171000	0.212453461309113
172000	0.212453461309113
173000	0.212453461309113
174000	0.212453461309113
175000	0.212453461309113
176000	0.212453461309113
177000	0.212453461309113
178000	0.212453461309113
179000	0.212453461309113
180000	0.212453461309113
181000	0.212453461309113
182000	0.212453461309113
183000	0.212453461309113
184000	0.212453461309113
185000	0.212453461309113
186000	0.212453461309113
187000	0.212453461309113
188000	0.212453461309113
189000	0.212453461309113
190000	0.212453461309113
191000	0.212453461309113
192000	0.212453461309113
193000	0.212453461309113
194000	0.212453461309113
195000	0.212453461309113
196000	0.212453461309113
197000	0.212453461309113
198000	0.212453461309113
199000	0.212453461309113
200000	0.212453461309113
201000	0.212453461309113
202000	0.212453461309113
203000	0.212453461309113
204000	0.212453461309113
205000	0.212453461309113
206000	0.212453461309113
207000	0.212453461309113
208000	0.212453461309113
209000	0.212453461309113
210000	0.212453461309113
211000	0.212453461309113
212000	0.212453461309113
213000	0.212453461309113
214000	0.212453461309113
215000	0.212453461309113
216000	0.212453461309113
217000	0.212453461309113
218000	0.212453461309113
219000	0.212453461309113
220000	0.212453461309113
221000	0.212453461309113
222000	0.212453461309113
223000	0.212453461309113
224000	0.212453461309113
225000	0.212453461309113
226000	0.212453461309113
227000	0.212453461309113
228000	0.212453461309113
229000	0.212453461309113
230000	0.212453461309113
231000	0.212453461309113
232000	0.212453461309113
233000	0.212453461309113
234000	0.212453461309113
235000	0.212453461309113
236000	0.212453461309113
237000	0.212453461309113
238000	0.212453461309113
239000	0.212453461309113
240000	0.212453461309113
241000	0.212453461309113
242000	0.212453461309113
243000	0.212453461309113
244000	0.212453461309113
245000	0.212453461309113
246000	0.212453461309113
247000	0.212453461309113
248000	0.212453461309113
249000	0.212453461309113
250000	0.212453461309113
251000	0.212453461309113
252000	0.212453461309113
253000	0.212453461309113
254000	0.212453461309113
255000	0.212453461309113
256000	0.212453461309113
257000	0.212453461309113
258000	0.212453461309113
259000	0.212453461309113
260000	0.212453461309113
261000	0.212453461309113
262000	0.212453461309113
263000	0.212453461309113
264000	0.212453461309113
265000	0.212453461309113
266000	0.212453461309113
267000	0.212453461309113
268000	0.212453461309113
269000	0.212453461309113
270000	0.212453461309113
271000	0.212453461309113
272000	0.212453461309113
273000	0.212453461309113
274000	0.212453461309113
275000	0.212453461309113
276000	0.212453461309113
277000	0.212453461309113
278000	0.212453461309113
279000	0.212453461309113
280000	0.212453461309113
281000	0.212453461309113
282000	0.212453461309113
283000	0.212453461309113
284000	0.212453461309113
285000	0.212453461309113
286000	0.212453461309113
287000	0.212453461309113
288000	0.212453461309113
289000	0.212453461309113
290000	0.212453461309113
291000	0.212453461309113
292000	0.212453461309113
293000	0.212453461309113
294000	0.212453461309113
295000	0.212453461309113
296000	0.212453461309113
297000	0.212453461309113
298000	0.212453461309113
299000	0.212453461309113
300000	0.212453461309113
301000	0.212453461309113
302000	0.212453461309113
303000	0.212453461309113
304000	0.212453461309113
305000	0.212453461309113
306000	0.212453461309113
307000	0.212453461309113
308000	0.212453461309113
309000	0.212453461309113
310000	0.212453461309113
311000	0.212453461309113
312000	0.212453461309113
313000	0.212453461309113
314000	0.212453461309113
315000	0.212453461309113
316000	0.212453461309113
317000	0.212453461309113
318000	0.212453461309113
319000	0.212453461309113
320000	0.212453461309113
321000	0.212453461309113
322000	0.212453461309113
323000	0.212453461309113
324000	0.212453461309113
325000	0.212453461309113
326000	0.212453461309113
327000	0.212453461309113
328000	0.212453461309113
329000	0.212453461309113
330000	0.212453461309113
331000	0.212453461309113
332000	0.212453461309113
333000	0.212453461309113
334000	0.212453461309113
335000	0.212453461309113
336000	0.212453461309113
337000	0.212453461309113
338000	0.212453461309113
339000	0.212453461309113
340000	0.212453461309113
341000	0.212453461309113
342000	0.212453461309113
343000	0.212453461309113
344000	0.212453461309113
345000	0.212453461309113
346000	0.212453461309113
347000	0.212453461309113
348000	0.212453461309113
349000	0.212453461309113
350000	0.212453461309113
351000	0.212453461309113
352000	0.212453461309113
353000	0.212453461309113
354000	0.212453461309113
355000	0.212453461309113
356000	0.212453461309113
357000	0.212453461309113
358000	0.212453461309113
359000	0.212453461309113
360000	0.212453461309113
361000	0.212453461309113
362000	0.212453461309113
363000	0.212453461309113
364000	0.212453461309113
365000	0.212453461309113
366000	0.212453461309113
367000	0.212453461309113
368000	0.212453461309113
369000	0.212453461309113
370000	0.212453461309113
371000	0.212453461309113
372000	0.212453461309113
373000	0.212453461309113
374000	0.212453461309113
375000	0.212453461309113
376000	0.212453461309113
377000	0.212453461309113
378000	0.212453461309113
379000	0.212453461309113
380000	0.212453461309113
381000	0.212453461309113
382000	0.212453461309113
383000	0.212453461309113
384000	0.212453461309113
385000	0.212453461309113
386000	0.212453461309113
387000	0.212453461309113
388000	0.212453461309113
389000	0.212453461309113
390000	0.212453461309113
391000	0.212453461309113
392000	0.212453461309113
393000	0.212453461309113
394000	0.212453461309113
395000	0.212453461309113
396000	0.212453461309113
397000	0.212453461309113
398000	0.212453461309113
399000	0.212453461309113
400000	0.212453461309113
401000	0.212453461309113
402000	0.212453461309113
403000	0.212453461309113
404000	0.212453461309113
405000	0.212453461309113
406000	0.212453461309113
407000	0.212453461309113
408000	0.212453461309113
409000	0.212453461309113
410000	0.212453461309113
411000	0.212453461309113
412000	0.212453461309113
413000	0.212453461309113
414000	0.212453461309113
415000	0.212453461309113
416000	0.212453461309113
417000	0.212453461309113
418000	0.212453461309113
419000	0.212453461309113
420000	0.212453461309113
421000	0.212453461309113
422000	0.212453461309113
423000	0.212453461309113
424000	0.212453461309113
425000	0.212453461309113
426000	0.212453461309113
427000	0.212453461309113
428000	0.212453461309113
429000	0.212453461309113
430000	0.212453461309113
431000	0.212453461309113
432000	0.212453461309113
433000	0.212453461309113
434000	0.212453461309113
435000	0.212453461309113
436000	0.212453461309113
437000	0.212453461309113
438000	0.212453461309113
439000	0.212453461309113
440000	0.212453461309113
441000	0.212453461309113
442000	0.212453461309113
443000	0.212453461309113
444000	0.212453461309113
445000	0.212453461309113
446000	0.212453461309113
447000	0.212453461309113
448000	0.212453461309113
449000	0.212453461309113
450000	0.212453461309113
451000	0.212453461309113
452000	0.212453461309113
453000	0.212453461309113
454000	0.212453461309113
455000	0.212453461309113
456000	0.212453461309113
457000	0.212453461309113
458000	0.212453461309113
459000	0.212453461309113
460000	0.212453461309113
461000	0.212453461309113
462000	0.212453461309113
463000	0.212453461309113
464000	0.212453461309113
465000	0.212453461309113
466000	0.212453461309113
467000	0.212453461309113
468000	0.212453461309113
469000	0.212453461309113
470000	0.212453461309113
471000	0.212453461309113
472000	0.212453461309113
473000	0.212453461309113
474000	0.212453461309113
475000	0.212453461309113
476000	0.212453461309113
477000	0.212453461309113
478000	0.212453461309113
479000	0.212453461309113
480000	0.212453461309113
481000	0.212453461309113
482000	0.212453461309113
483000	0.212453461309113
484000	0.212453461309113
485000	0.212453461309113
486000	0.212453461309113
487000	0.212453461309113
488000	0.212453461309113
489000	0.212453461309113
490000	0.212453461309113
491000	0.212453461309113
492000	0.212453461309113
493000	0.212453461309113
494000	0.212453461309113
495000	0.212453461309113
496000	0.212453461309113
497000	0.212453461309113
498000	0.212453461309113
499000	0.212453461309113
500000	0.212453461309113
501000	0.212453461309113
502000	0.212453461309113
503000	0.212453461309113
504000	0.212453461309113
505000	0.212453461309113
506000	0.212453461309113
507000	0.212453461309113
508000	0.212453461309113
509000	0.212453461309113
510000	0.212453461309113
511000	0.212453461309113
512000	0.212453461309113
513000	0.212453461309113
514000	0.212453461309113
515000	0.212453461309113
516000	0.212453461309113
517000	0.212453461309113
518000	0.212453461309113
519000	0.212453461309113
520000	0.212453461309113
521000	0.212453461309113
522000	0.212453461309113
523000	0.212453461309113
524000	0.212453461309113
525000	0.212453461309113
526000	0.212453461309113
527000	0.212453461309113
528000	0.212453461309113
529000	0.212453461309113
530000	0.212453461309113
531000	0.212453461309113
532000	0.212453461309113
533000	0.212453461309113
534000	0.212453461309113
535000	0.212453461309113
536000	0.212453461309113
537000	0.212453461309113
538000	0.212453461309113
539000	0.212453461309113
540000	0.212453461309113
541000	0.212453461309113
542000	0.212453461309113
543000	0.212453461309113
544000	0.212453461309113
545000	0.212453461309113
546000	0.212453461309113
547000	0.212453461309113
548000	0.212453461309113
549000	0.212453461309113
550000	0.212453461309113
551000	0.212453461309113
552000	0.212453461309113
553000	0.212453461309113
554000	0.212453461309113
555000	0.212453461309113
556000	0.212453461309113
557000	0.212453461309113
558000	0.212453461309113
559000	0.212453461309113
560000	0.212453461309113
561000	0.212453461309113
562000	0.212453461309113
563000	0.212453461309113
564000	0.212453461309113
565000	0.212453461309113
566000	0.212453461309113
567000	0.212453461309113
568000	0.212453461309113
569000	0.212453461309113
570000	0.212453461309113
571000	0.212453461309113
572000	0.212453461309113
573000	0.212453461309113
574000	0.212453461309113
575000	0.212453461309113
576000	0.212453461309113
577000	0.212453461309113
578000	0.212453461309113
579000	0.212453461309113
580000	0.212453461309113
581000	0.212453461309113
582000	0.212453461309113
583000	0.212453461309113
584000	0.212453461309113
585000	0.212453461309113
586000	0.212453461309113
587000	0.212453461309113
588000	0.212453461309113
589000	0.212453461309113
590000	0.212453461309113
591000	0.212453461309113
592000	0.212453461309113
593000	0.212453461309113
594000	0.212453461309113
595000	0.212453461309113
596000	0.212453461309113
597000	0.212453461309113
598000	0.212453461309113
599000	0.212453461309113
600000	0.212453461309113
601000	0.212453461309113
602000	0.212453461309113
603000	0.212453461309113
604000	0.212453461309113
605000	0.212453461309113
606000	0.212453461309113
607000	0.212453461309113
608000	0.212453461309113
609000	0.212453461309113
610000	0.212453461309113
611000	0.212453461309113
612000	0.212453461309113
613000	0.212453461309113
614000	0.212453461309113
615000	0.212453461309113
616000	0.212453461309113
617000	0.212453461309113
618000	0.212453461309113
619000	0.212453461309113
620000	0.212453461309113
621000	0.212453461309113
622000	0.212453461309113
623000	0.212453461309113
624000	0.212453461309113
625000	0.212453461309113
626000	0.212453461309113
627000	0.212453461309113
628000	0.212453461309113
629000	0.212453461309113
630000	0.212453461309113
631000	0.212453461309113
632000	0.212453461309113
633000	0.212453461309113
634000	0.212453461309113
635000	0.212453461309113
636000	0.212453461309113
637000	0.212453461309113
638000	0.212453461309113
639000	0.212453461309113
640000	0.212453461309113
641000	0.212453461309113
642000	0.212453461309113
643000	0.212453461309113
644000	0.212453461309113
645000	0.212453461309113
646000	0.212453461309113
647000	0.212453461309113
648000	0.212453461309113
649000	0.212453461309113
650000	0.212453461309113
651000	0.212453461309113
652000	0.212453461309113
653000	0.212453461309113
654000	0.212453461309113
655000	0.212453461309113
656000	0.212453461309113
657000	0.212453461309113
658000	0.212453461309113
659000	0.212453461309113
660000	0.212453461309113
661000	0.212453461309113
662000	0.212453461309113
663000	0.212453461309113
664000	0.212453461309113
665000	0.212453461309113
666000	0.212453461309113
667000	0.212453461309113
668000	0.212453461309113
669000	0.212453461309113
670000	0.212453461309113
671000	0.212453461309113
672000	0.212453461309113
673000	0.212453461309113
674000	0.212453461309113
675000	0.212453461309113
676000	0.212453461309113
677000	0.212453461309113
678000	0.212453461309113
679000	0.212453461309113
680000	0.212453461309113
681000	0.212453461309113
682000	0.212453461309113
683000	0.212453461309113
684000	0.212453461309113
685000	0.212453461309113
686000	0.212453461309113
687000	0.212453461309113
688000	0.212453461309113
689000	0.212453461309113
690000	0.212453461309113
691000	0.212453461309113
692000	0.212453461309113
693000	0.212453461309113
694000	0.212453461309113
695000	0.212453461309113
696000	0.212453461309113
697000	0.212453461309113
698000	0.212453461309113
699000	0.212453461309113
700000	0.212453461309113
701000	0.212453461309113
702000	0.212453461309113
703000	0.212453461309113
704000	0.212453461309113
705000	0.212453461309113
706000	0.212453461309113
707000	0.212453461309113
708000	0.212453461309113
709000	0.212453461309113
710000	0.212453461309113
711000	0.212453461309113
712000	0.212453461309113
713000	0.212453461309113
714000	0.212453461309113
715000	0.212453461309113
716000	0.212453461309113
717000	0.212453461309113
718000	0.212453461309113
719000	0.212453461309113
720000	0.212453461309113
721000	0.212453461309113
722000	0.212453461309113
723000	0.212453461309113
724000	0.212453461309113
725000	0.212453461309113
726000	0.212453461309113
727000	0.212453461309113
728000	0.212453461309113
729000	0.212453461309113
730000	0.212453461309113
731000	0.212453461309113
732000	0.212453461309113
733000	0.212453461309113
734000	0.212453461309113
735000	0.212453461309113
736000	0.212453461309113
737000	0.212453461309113
738000	0.212453461309113
739000	0.212453461309113
740000	0.212453461309113
741000	0.212453461309113
742000	0.212453461309113
743000	0.212453461309113
744000	0.212453461309113
745000	0.212453461309113
746000	0.212453461309113
747000	0.212453461309113
748000	0.212453461309113
749000	0.212453461309113
750000	0.212453461309113
751000	0.212453461309113
752000	0.212453461309113
753000	0.212453461309113
754000	0.212453461309113
755000	0.212453461309113
756000	0.212453461309113
757000	0.212453461309113
758000	0.212453461309113
759000	0.212453461309113
760000	0.212453461309113
761000	0.212453461309113
762000	0.212453461309113
763000	0.212453461309113
764000	0.212453461309113
765000	0.212453461309113
766000	0.212453461309113
767000	0.212453461309113
768000	0.212453461309113
769000	0.212453461309113
770000	0.212453461309113
771000	0.212453461309113
772000	0.212453461309113
773000	0.212453461309113
774000	0.212453461309113
775000	0.212453461309113
776000	0.212453461309113
777000	0.212453461309113
778000	0.212453461309113
779000	0.212453461309113
780000	0.212453461309113
781000	0.212453461309113
782000	0.212453461309113
783000	0.212453461309113
784000	0.212453461309113
785000	0.212453461309113
786000	0.212453461309113
787000	0.212453461309113
788000	0.212453461309113
789000	0.212453461309113
790000	0.212453461309113
791000	0.212453461309113
792000	0.212453461309113
793000	0.212453461309113
794000	0.212453461309113
795000	0.212453461309113
796000	0.212453461309113
797000	0.212453461309113
798000	0.212453461309113
799000	0.212453461309113
800000	0.212453461309113
801000	0.212453461309113
802000	0.212453461309113
803000	0.212453461309113
804000	0.212453461309113
805000	0.212453461309113
806000	0.212453461309113
807000	0.212453461309113
808000	0.212453461309113
809000	0.212453461309113
810000	0.212453461309113
811000	0.212453461309113
812000	0.212453461309113
813000	0.212453461309113
814000	0.212453461309113
815000	0.212453461309113
816000	0.212453461309113
817000	0.212453461309113
818000	0.212453461309113
819000	0.212453461309113
820000	0.212453461309113
821000	0.212453461309113
822000	0.212453461309113
823000	0.212453461309113
824000	0.212453461309113
825000	0.212453461309113
826000	0.212453461309113
827000	0.212453461309113
828000	0.212453461309113
829000	0.212453461309113
830000	0.212453461309113
831000	0.212453461309113
832000	0.212453461309113
833000	0.212453461309113
834000	0.212453461309113
835000	0.212453461309113
836000	0.212453461309113
837000	0.212453461309113
838000	0.212453461309113
839000	0.212453461309113
840000	0.212453461309113
841000	0.212453461309113
842000	0.212453461309113
843000	0.212453461309113
844000	0.212453461309113
845000	0.212453461309113
846000	0.212453461309113
847000	0.212453461309113
848000	0.212453461309113
849000	0.212453461309113
850000	0.212453461309113
851000	0.212453461309113
852000	0.212453461309113
853000	0.212453461309113
854000	0.212453461309113
855000	0.212453461309113
856000	0.212453461309113
857000	0.212453461309113
858000	0.212453461309113
859000	0.212453461309113
860000	0.212453461309113
861000	0.212453461309113
862000	0.212453461309113
863000	0.212453461309113
864000	0.212453461309113
865000	0.212453461309113
866000	0.212453461309113
867000	0.212453461309113
868000	0.212453461309113
869000	0.212453461309113
870000	0.212453461309113
871000	0.212453461309113
872000	0.212453461309113
873000	0.212453461309113
874000	0.212453461309113
875000	0.212453461309113
876000	0.212453461309113
877000	0.212453461309113
878000	0.212453461309113
879000	0.212453461309113
880000	0.212453461309113
881000	0.212453461309113
882000	0.212453461309113
883000	0.212453461309113
884000	0.212453461309113
885000	0.212453461309113
886000	0.212453461309113
887000	0.212453461309113
888000	0.212453461309113
889000	0.212453461309113
890000	0.212453461309113
891000	0.212453461309113
892000	0.212453461309113
893000	0.212453461309113
894000	0.212453461309113
895000	0.212453461309113
896000	0.212453461309113
897000	0.212453461309113
898000	0.212453461309113
899000	0.212453461309113
900000	0.212453461309113
901000	0.212453461309113
902000	0.212453461309113
903000	0.212453461309113
904000	0.212453461309113
905000	0.212453461309113
906000	0.212453461309113
907000	0.212453461309113
908000	0.212453461309113
909000	0.212453461309113
910000	0.212453461309113
911000	0.212453461309113
912000	0.212453461309113
913000	0.212453461309113
914000	0.212453461309113
915000	0.212453461309113
916000	0.212453461309113
917000	0.212453461309113
918000	0.212453461309113
919000	0.212453461309113
920000	0.212453461309113
921000	0.212453461309113
922000	0.212453461309113
923000	0.212453461309113
924000	0.212453461309113
925000	0.212453461309113
926000	0.212453461309113
927000	0.212453461309113
928000	0.212453461309113
929000	0.212453461309113
930000	0.212453461309113
931000	0.212453461309113
932000	0.212453461309113
933000	0.212453461309113
934000	0.212453461309113
935000	0.212453461309113
936000	0.212453461309113
937000	0.212453461309113
938000	0.212453461309113
939000	0.212453461309113
940000	0.212453461309113
941000	0.212453461309113
942000	0.212453461309113
943000	0.212453461309113
944000	0.212453461309113
945000	0.212453461309113
946000	0.212453461309113
947000	0.212453461309113
948000	0.212453461309113
949000	0.212453461309113
950000	0.212453461309113
951000	0.212453461309113
952000	0.212453461309113
953000	0.212453461309113
954000	0.212453461309113
955000	0.212453461309113
956000	0.212453461309113
957000	0.212453461309113
958000	0.212453461309113
959000	0.212453461309113
960000	0.212453461309113
961000	0.212453461309113
962000	0.212453461309113
963000	0.212453461309113
964000	0.212453461309113
965000	0.212453461309113
966000	0.212453461309113
967000	0.212453461309113
968000	0.212453461309113
969000	0.212453461309113
970000	0.212453461309113
971000	0.212453461309113
972000	0.212453461309113
973000	0.212453461309113
974000	0.212453461309113
975000	0.212453461309113
976000	0.212453461309113
977000	0.212453461309113
978000	0.212453461309113
979000	0.212453461309113
980000	0.212453461309113
981000	0.212453461309113
982000	0.212453461309113
983000	0.212453461309113
984000	0.212453461309113
985000	0.212453461309113
986000	0.212453461309113
987000	0.212453461309113
988000	0.212453461309113
989000	0.212453461309113
990000	0.212453461309113
991000	0.212453461309113
992000	0.212453461309113
993000	0.212453461309113
994000	0.212453461309113
995000	0.212453461309113
996000	0.212453461309113
997000	0.212453461309113
998000	0.212453461309113
999000	0.212453461309113
