0	0.330012337674056
1000	0.342686264526868
2000	0.356362395623442
3000	0.371642322239525
4000	0.389335326553691
5000	0.410557653107795
6000	0.436817226680968
7000	0.469939320425267
8000	0.511484728418854
9000	0.561366155720586
10000	0.616573215423924
11000	0.672099731169563
12000	0.723625366552138
13000	0.768966748946481
14000	0.807692868983432
15000	0.840265028283557
16000	0.867455197680741
17000	0.890070407445852
18000	0.908847931565041
19000	0.924426227397143
20000	0.937345351642603
21000	0.94805725275479
22000	0.956938263592015
23000	0.964301020571201
24000	0.97040495885284
25000	0.975465253838259
26000	0.979660328178483
27000	0.98313811216268
28000	0.98602124814968
29000	0.988411410787142
30000	0.990392890756328
31000	0.992035566618005
32000	0.993397368856334
33000	0.994526322740434
34000	0.995462241938488
35000	0.996238132568917
36000	0.996881357187244
37000	0.997414599751245
38000	0.997856665592338
39000	0.998223144603963
40000	0.998526961034597
41000	0.998778829274222
42000	0.998987631707974
43000	0.999160731962321
44000	0.999304234590694
45000	0.999423200356676
46000	0.999521824706878
47000	0.999603585727559
48000	0.999671366802812
49000	0.999727558299987
50000	0.999774141868377
51000	0.999812760324069
52000	0.999844775585494
53000	0.999871316702836
54000	0.999893319675118
55000	0.999911560459145
56000	0.999926682334392
57000	0.999939218588901
58000	0.999949611326214
59000	0.999958227056594
60000	0.999965369622382
61000	0.9999712909133
62000	0.999976199749589
63000	0.999980269246264
64000	0.999983642918195
65000	0.999986439741291
66000	0.999988758348313
67000	0.999990680507256
68000	0.999992274004976
69000	0.99999359503776
70000	0.999994690193152
71000	0.999995598092898
72000	0.999996350754991
73000	0.999996974722814
74000	0.999997492001213
75000	0.99999792083253
76000	0.999998276339928
77000	0.999998571060732
78000	0.999998815388565
79000	0.999999017939892
80000	0.999999185857888
81000	0.999999325064351
82000	0.999999440468533
83000	0.999999536140276
84000	0.999999615453542
85000	0.999999681205393
86000	0.999999735714634
87000	0.999999780903588
88000	0.999999818365888
89000	0.999999849422679
90000	0.99999987516921
91000	0.99999989651346
92000	0.999999914208153
93000	0.999999928877311
94000	0.999999941038258
95000	0.999999951119857
96000	0.999999959477649
97000	0.999999966406382
98000	0.999999972150401
99000	0.999999976912276
100000	0.999999980859943
101000	0.999999984132615
102000	0.999999986845706
103000	0.999999989094899
104000	0.999999990959512
105000	0.999999992505304
106000	0.999999993786789
107000	0.999999994849157
108000	0.999999995729877
109000	0.999999996460005
110000	0.999999997065292
111000	0.999999997567084
112000	0.999999997983077
113000	0.999999998327942
114000	0.999999998613839
115000	0.999999998850853
116000	0.99999999904734
117000	0.999999999210231
118000	0.99999999934527
119000	0.999999999457219
120000	0.999999999550027
121000	0.999999999626966
122000	0.999999999690749
123000	0.999999999743627
124000	0.999999999787463
125000	0.999999999823804
126000	0.999999999853931
127000	0.999999999878907
128000	0.999999999899612
129000	0.999999999916777
130000	0.999999999931007
131000	0.999999999942804
132000	0.999999999952583
133000	0.999999999960691
134000	0.999999999967411
135000	0.999999999972984
136000	0.999999999977603
137000	0.999999999981433
138000	0.999999999984606
139000	0.99999999998724
140000	0.999999999989419
141000	0.999999999991228
142000	0.999999999992728
143000	0.999999999993969
144000	0.999999999995004
145000	0.999999999995851
146000	0.99999999999656
147000	0.999999999997146
148000	0.999999999997628
149000	0.999999999998036
150000	0.999999999998369
151000	0.999999999998641
152000	0.999999999998863
153000	0.999999999999085
154000	0.99999999999921
155000	0.999999999999321
156000	0.999999999999432
157000	0.999999999999543
158000	0.999999999999654
159000	0.999999999999704
160000	0.999999999999704
161000	0.999999999999704
162000	0.999999999999704
163000	0.999999999999704
164000	0.999999999999704
165000	0.999999999999704
166000	0.999999999999704
167000	0.999999999999704
168000	0.999999999999704
169000	0.999999999999704
170000	0.999999999999704
171000	0.999999999999704
172000	0.999999999999704
173000	0.999999999999704
174000	0.999999999999704
175000	0.999999999999704
176000	0.999999999999704
177000	0.999999999999704
178000	0.999999999999704
179000	0.999999999999704
180000	0.999999999999704
181000	0.999999999999704
182000	0.999999999999704
183000	0.999999999999704
184000	0.999999999999704
185000	0.999999999999704
186000	0.999999999999704
187000	0.999999999999704
188000	0.999999999999704
189000	0.999999999999704
190000	0.999999999999704
191000	0.999999999999704
192000	0.999999999999704
193000	0.999999999999704
194000	0.999999999999704
195000	0.999999999999704
196000	0.999999999999704
197000	0.999999999999704
198000	0.999999999999704
199000	0.999999999999704
200000	0.999999999999704
201000	0.999999999999704
202000	0.999999999999704
203000	0.999999999999704
204000	0.999999999999704
205000	0.999999999999704
206000	0.999999999999704
207000	0.999999999999704
208000	0.999999999999704
209000	0.999999999999704
210000	0.999999999999704
211000	0.999999999999704
212000	0.999999999999704
213000	0.999999999999704
214000	0.999999999999704
215000	0.999999999999704
216000	0.999999999999704
217000	0.999999999999704
218000	0.999999999999704
219000	0.999999999999704
220000	0.999999999999704
221000	0.999999999999704
222000	0.999999999999704
223000	0.999999999999704
224000	0.999999999999704
225000	0.999999999999704
226000	0.999999999999704
227000	0.999999999999704
228000	0.999999999999704
229000	0.999999999999704
230000	0.999999999999704
231000	0.999999999999704
232000	0.999999999999704
233000	0.999999999999704
234000	0.999999999999704
235000	0.999999999999704
236000	0.999999999999704
237000	0.999999999999704
238000	0.999999999999704
239000	0.999999999999704
240000	0.999999999999704
241000	0.999999999999704
242000	0.999999999999704
243000	0.999999999999704
244000	0.999999999999704
245000	0.999999999999704
246000	0.999999999999704
247000	0.999999999999704
248000	0.999999999999704
249000	0.999999999999704
250000	0.999999999999704
251000	0.999999999999704
252000	0.999999999999704
253000	0.999999999999704
254000	0.999999999999704
255000	0.999999999999704
256000	0.999999999999704
257000	0.999999999999704
258000	0.999999999999704
259000	0.999999999999704
260000	0.999999999999704
261000	0.999999999999704
262000	0.999999999999704
263000	0.999999999999704
264000	0.999999999999704
265000	0.999999999999704
266000	0.999999999999704
267000	0.999999999999704
268000	0.999999999999704
269000	0.999999999999704
270000	0.999999999999704
271000	0.999999999999704
272000	0.999999999999704
273000	0.999999999999704
274000	0.999999999999704
275000	0.999999999999704
276000	0.999999999999704
277000	0.999999999999704
278000	0.999999999999704
279000	0.999999999999704
280000	0.999999999999704
281000	0.999999999999704
282000	0.999999999999704
283000	0.999999999999704
284000	0.999999999999704
285000	0.999999999999704
286000	0.999999999999704
287000	0.999999999999704
288000	0.999999999999704
289000	0.999999999999704
290000	0.999999999999704
291000	0.999999999999704
292000	0.999999999999704
293000	0.999999999999704
294000	0.999999999999704
295000	0.999999999999704
296000	0.999999999999704
297000	0.999999999999704
298000	0.999999999999704
299000	0.999999999999704
300000	0.999999999999704
301000	0.999999999999704
302000	0.999999999999704
303000	0.999999999999704
304000	0.999999999999704
305000	0.999999999999704
306000	0.999999999999704
307000	0.999999999999704
308000	0.999999999999704
309000	0.999999999999704
310000	0.999999999999704
311000	0.999999999999704
312000	0.999999999999704
313000	0.999999999999704
314000	0.999999999999704
315000	0.999999999999704
316000	0.999999999999704
317000	0.999999999999704
318000	0.999999999999704
319000	0.999999999999704
320000	0.999999999999704
321000	0.999999999999704
322000	0.999999999999704
323000	0.999999999999704
324000	0.999999999999704
325000	0.999999999999704
326000	0.999999999999704
327000	0.999999999999704
328000	0.999999999999704
329000	0.999999999999704
330000	0.999999999999704
331000	0.999999999999704
332000	0.999999999999704
333000	0.999999999999704
334000	0.999999999999704
335000	0.999999999999704
336000	0.999999999999704
337000	0.999999999999704
338000	0.999999999999704
339000	0.999999999999704
340000	0.999999999999704
341000	0.999999999999704
342000	0.999999999999704
343000	0.999999999999704
344000	0.999999999999704
345000	0.999999999999704
346000	0.999999999999704
347000	0.999999999999704
348000	0.999999999999704
349000	0.999999999999704
350000	0.999999999999704
351000	0.999999999999704
352000	0.999999999999704
353000	0.999999999999704
354000	0.999999999999704
355000	0.999999999999704
356000	0.999999999999704
357000	0.999999999999704
358000	0.999999999999704
359000	0.999999999999704
360000	0.999999999999704
361000	0.999999999999704
362000	0.999999999999704
363000	0.999999999999704
364000	0.999999999999704
365000	0.999999999999704
366000	0.999999999999704
367000	0.999999999999704
368000	0.999999999999704
369000	0.999999999999704
370000	0.999999999999704
371000	0.999999999999704
372000	0.999999999999704
373000	0.999999999999704
374000	0.999999999999704
375000	0.999999999999704
376000	0.999999999999704
377000	0.999999999999704
378000	0.999999999999704
379000	0.999999999999704
380000	0.999999999999704
381000	0.999999999999704
382000	0.999999999999704
383000	0.999999999999704
384000	0.999999999999704
385000	0.999999999999704
386000	0.999999999999704
387000	0.999999999999704
388000	0.999999999999704
389000	0.999999999999704
390000	0.999999999999704
391000	0.999999999999704
392000	0.999999999999704
393000	0.999999999999704
394000	0.999999999999704
395000	0.999999999999704
396000	0.999999999999704
397000	0.999999999999704
398000	0.999999999999704
399000	0.999999999999704
400000	0.999999999999704
401000	0.999999999999704
402000	0.999999999999704
403000	0.999999999999704
404000	0.999999999999704
405000	0.999999999999704
406000	0.999999999999704
407000	0.999999999999704
408000	0.999999999999704
409000	0.999999999999704
410000	0.999999999999704
411000	0.999999999999704
412000	0.999999999999704
413000	0.999999999999704
414000	0.999999999999704
415000	0.999999999999704
416000	0.999999999999704
417000	0.999999999999704
418000	0.999999999999704
419000	0.999999999999704
420000	0.999999999999704
421000	0.999999999999704
422000	0.999999999999704
423000	0.999999999999704
424000	0.999999999999704
425000	0.999999999999704
426000	0.999999999999704
427000	0.999999999999704
428000	0.999999999999704
429000	0.999999999999704
430000	0.999999999999704
431000	0.999999999999704
432000	0.999999999999704
433000	0.999999999999704
434000	0.999999999999704
435000	0.999999999999704
436000	0.999999999999704
437000	0.999999999999704
438000	0.999999999999704
439000	0.999999999999704
440000	0.999999999999704
441000	0.999999999999704
442000	0.999999999999704
443000	0.999999999999704
444000	0.999999999999704
445000	0.999999999999704
446000	0.999999999999704
447000	0.999999999999704
448000	0.999999999999704
449000	0.999999999999704
450000	0.999999999999704
451000	0.999999999999704
452000	0.999999999999704
453000	0.999999999999704
454000	0.999999999999704
455000	0.999999999999704
456000	0.999999999999704
457000	0.999999999999704
458000	0.999999999999704
459000	0.999999999999704
460000	0.999999999999704
461000	0.999999999999704
462000	0.999999999999704
463000	0.999999999999704
464000	0.999999999999704
465000	0.999999999999704
466000	0.999999999999704
467000	0.999999999999704
468000	0.999999999999704
469000	0.999999999999704
470000	0.999999999999704
471000	0.999999999999704
472000	0.999999999999704
473000	0.999999999999704
474000	0.999999999999704
475000	0.999999999999704
476000	0.999999999999704
477000	0.999999999999704
478000	0.999999999999704
479000	0.999999999999704
480000	0.999999999999704
481000	0.999999999999704
482000	0.999999999999704
483000	0.999999999999704
484000	0.999999999999704
485000	0.999999999999704
486000	0.999999999999704
487000	0.999999999999704
488000	0.999999999999704
489000	0.999999999999704
490000	0.999999999999704
491000	0.999999999999704
492000	0.999999999999704
493000	0.999999999999704
494000	0.999999999999704
495000	0.999999999999704
496000	0.999999999999704
497000	0.999999999999704
498000	0.999999999999704
499000	0.999999999999704
500000	0.999999999999704
501000	0.999999999999704
502000	0.999999999999704
503000	0.999999999999704
504000	0.999999999999704
505000	0.999999999999704
506000	0.999999999999704
507000	0.999999999999704
508000	0.999999999999704
509000	0.999999999999704
510000	0.999999999999704
511000	0.999999999999704
512000	0.999999999999704
513000	0.999999999999704
514000	0.999999999999704
515000	0.999999999999704
516000	0.999999999999704
517000	0.999999999999704
518000	0.999999999999704
519000	0.999999999999704
520000	0.999999999999704
521000	0.999999999999704
522000	0.999999999999704
523000	0.999999999999704
524000	0.999999999999704
525000	0.999999999999704
526000	0.999999999999704
527000	0.999999999999704
528000	0.999999999999704
529000	0.999999999999704
530000	0.999999999999704
531000	0.999999999999704
532000	0.999999999999704
533000	0.999999999999704
534000	0.999999999999704
535000	0.999999999999704
536000	0.999999999999704
537000	0.999999999999704
538000	0.999999999999704
539000	0.999999999999704
540000	0.999999999999704
541000	0.999999999999704
542000	0.999999999999704
543000	0.999999999999704
544000	0.999999999999704
545000	0.999999999999704
546000	0.999999999999704
547000	0.999999999999704
548000	0.999999999999704
549000	0.999999999999704
550000	0.999999999999704
551000	0.999999999999704
552000	0.999999999999704
553000	0.999999999999704
554000	0.999999999999704
555000	0.999999999999704
556000	0.999999999999704
557000	0.999999999999704
558000	0.999999999999704
559000	0.999999999999704
560000	0.999999999999704
561000	0.999999999999704
562000	0.999999999999704
563000	0.999999999999704
564000	0.999999999999704
565000	0.999999999999704
566000	0.999999999999704
567000	0.999999999999704
568000	0.999999999999704
569000	0.999999999999704
570000	0.999999999999704
571000	0.999999999999704
572000	0.999999999999704
573000	0.999999999999704
574000	0.999999999999704
575000	0.999999999999704
576000	0.999999999999704
577000	0.999999999999704
578000	0.999999999999704
579000	0.999999999999704
580000	0.999999999999704
581000	0.999999999999704
582000	0.999999999999704
583000	0.999999999999704
584000	0.999999999999704
585000	0.999999999999704
586000	0.999999999999704
587000	0.999999999999704
588000	0.999999999999704
589000	0.999999999999704
590000	0.999999999999704
591000	0.999999999999704
592000	0.999999999999704
593000	0.999999999999704
594000	0.999999999999704
595000	0.999999999999704
596000	0.999999999999704
597000	0.999999999999704
598000	0.999999999999704
599000	0.999999999999704
600000	0.999999999999704
601000	0.999999999999704
602000	0.999999999999704
603000	0.999999999999704
604000	0.999999999999704
605000	0.999999999999704
606000	0.999999999999704
607000	0.999999999999704
608000	0.999999999999704
609000	0.999999999999704
610000	0.999999999999704
611000	0.999999999999704
612000	0.999999999999704
613000	0.999999999999704
614000	0.999999999999704
615000	0.999999999999704
616000	0.999999999999704
617000	0.999999999999704
618000	0.999999999999704
619000	0.999999999999704
620000	0.999999999999704
621000	0.999999999999704
622000	0.999999999999704
623000	0.999999999999704
624000	0.999999999999704
625000	0.999999999999704
626000	0.999999999999704
627000	0.999999999999704
628000	0.999999999999704
629000	0.999999999999704
630000	0.999999999999704
631000	0.999999999999704
632000	0.999999999999704
633000	0.999999999999704
634000	0.999999999999704
635000	0.999999999999704
636000	0.999999999999704
637000	0.999999999999704
638000	0.999999999999704
639000	0.999999999999704
640000	0.999999999999704
641000	0.999999999999704
642000	0.999999999999704
643000	0.999999999999704
644000	0.999999999999704
645000	0.999999999999704
646000	0.999999999999704
647000	0.999999999999704
648000	0.999999999999704
649000	0.999999999999704
650000	0.999999999999704
651000	0.999999999999704
652000	0.999999999999704
653000	0.999999999999704
654000	0.999999999999704
655000	0.999999999999704
656000	0.999999999999704
657000	0.999999999999704
658000	0.999999999999704
659000	0.999999999999704
660000	0.999999999999704
661000	0.999999999999704
662000	0.999999999999704
663000	0.999999999999704
664000	0.999999999999704
665000	0.999999999999704
666000	0.999999999999704
667000	0.999999999999704
668000	0.999999999999704
669000	0.999999999999704
670000	0.999999999999704
671000	0.999999999999704
672000	0.999999999999704
673000	0.999999999999704
674000	0.999999999999704
675000	0.999999999999704
676000	0.999999999999704
677000	0.999999999999704
678000	0.999999999999704
679000	0.999999999999704
680000	0.999999999999704
681000	0.999999999999704
682000	0.999999999999704
683000	0.999999999999704
684000	0.999999999999704
685000	0.999999999999704
686000	0.999999999999704
687000	0.999999999999704
688000	0.999999999999704
689000	0.999999999999704
690000	0.999999999999704
691000	0.999999999999704
692000	0.999999999999704
693000	0.999999999999704
694000	0.999999999999704
695000	0.999999999999704
696000	0.999999999999704
697000	0.999999999999704
698000	0.999999999999704
699000	0.999999999999704
700000	0.999999999999704
701000	0.999999999999704
702000	0.999999999999704
703000	0.999999999999704
704000	0.999999999999704
705000	0.999999999999704
706000	0.999999999999704
707000	0.999999999999704
708000	0.999999999999704
709000	0.999999999999704
710000	0.999999999999704
711000	0.999999999999704
712000	0.999999999999704
713000	0.999999999999704
714000	0.999999999999704
715000	0.999999999999704
716000	0.999999999999704
717000	0.999999999999704
718000	0.999999999999704
719000	0.999999999999704
720000	0.999999999999704
721000	0.999999999999704
722000	0.999999999999704
723000	0.999999999999704
724000	0.999999999999704
725000	0.999999999999704
726000	0.999999999999704
727000	0.999999999999704
728000	0.999999999999704
729000	0.999999999999704
730000	0.999999999999704
731000	0.999999999999704
732000	0.999999999999704
733000	0.999999999999704
734000	0.999999999999704
735000	0.999999999999704
736000	0.999999999999704
737000	0.999999999999704
738000	0.999999999999704
739000	0.999999999999704
740000	0.999999999999704
741000	0.999999999999704
742000	0.999999999999704
743000	0.999999999999704
744000	0.999999999999704
745000	0.999999999999704
746000	0.999999999999704
747000	0.999999999999704
748000	0.999999999999704
749000	0.999999999999704
750000	0.999999999999704
751000	0.999999999999704
752000	0.999999999999704
753000	0.999999999999704
754000	0.999999999999704
755000	0.999999999999704
756000	0.999999999999704
757000	0.999999999999704
758000	0.999999999999704
759000	0.999999999999704
760000	0.999999999999704
761000	0.999999999999704
762000	0.999999999999704
763000	0.999999999999704
764000	0.999999999999704
765000	0.999999999999704
766000	0.999999999999704
767000	0.999999999999704
768000	0.999999999999704
769000	0.999999999999704
770000	0.999999999999704
771000	0.999999999999704
772000	0.999999999999704
773000	0.999999999999704
774000	0.999999999999704
775000	0.999999999999704
776000	0.999999999999704
777000	0.999999999999704
778000	0.999999999999704
779000	0.999999999999704
780000	0.999999999999704
781000	0.999999999999704
782000	0.999999999999704
783000	0.999999999999704
784000	0.999999999999704
785000	0.999999999999704
786000	0.999999999999704
787000	0.999999999999704
788000	0.999999999999704
789000	0.999999999999704
790000	0.999999999999704
791000	0.999999999999704
792000	0.999999999999704
793000	0.999999999999704
794000	0.999999999999704
795000	0.999999999999704
796000	0.999999999999704
797000	0.999999999999704
798000	0.999999999999704
799000	0.999999999999704
800000	0.999999999999704
801000	0.999999999999704
802000	0.999999999999704
803000	0.999999999999704
804000	0.999999999999704
805000	0.999999999999704
806000	0.999999999999704
807000	0.999999999999704
808000	0.999999999999704
809000	0.999999999999704
810000	0.999999999999704
811000	0.999999999999704
812000	0.999999999999704
813000	0.999999999999704
814000	0.999999999999704
815000	0.999999999999704
816000	0.999999999999704
817000	0.999999999999704
818000	0.999999999999704
819000	0.999999999999704
820000	0.999999999999704
821000	0.999999999999704
822000	0.999999999999704
823000	0.999999999999704
824000	0.999999999999704
825000	0.999999999999704
826000	0.999999999999704
827000	0.999999999999704
828000	0.999999999999704
829000	0.999999999999704
830000	0.999999999999704
831000	0.999999999999704
832000	0.999999999999704
833000	0.999999999999704
834000	0.999999999999704
835000	0.999999999999704
836000	0.999999999999704
837000	0.999999999999704
838000	0.999999999999704
839000	0.999999999999704
840000	0.999999999999704
841000	0.999999999999704
842000	0.999999999999704
843000	0.999999999999704
844000	0.999999999999704
845000	0.999999999999704
846000	0.999999999999704
847000	0.999999999999704
848000	0.999999999999704
849000	0.999999999999704
850000	0.999999999999704
851000	0.999999999999704
852000	0.999999999999704
853000	0.999999999999704
854000	0.999999999999704
855000	0.999999999999704
856000	0.999999999999704
857000	0.999999999999704
858000	0.999999999999704
859000	0.999999999999704
860000	0.999999999999704
861000	0.999999999999704
862000	0.999999999999704
863000	0.999999999999704
864000	0.999999999999704
865000	0.999999999999704
866000	0.999999999999704
867000	0.999999999999704
868000	0.999999999999704
869000	0.999999999999704
870000	0.999999999999704
871000	0.999999999999704
872000	0.999999999999704
873000	0.999999999999704
874000	0.999999999999704
875000	0.999999999999704
876000	0.999999999999704
877000	0.999999999999704
878000	0.999999999999704
879000	0.999999999999704
880000	0.999999999999704
881000	0.999999999999704
882000	0.999999999999704
883000	0.999999999999704
884000	0.999999999999704
885000	0.999999999999704
886000	0.999999999999704
887000	0.999999999999704
888000	0.999999999999704
889000	0.999999999999704
890000	0.999999999999704
891000	0.999999999999704
892000	0.999999999999704
893000	0.999999999999704
894000	0.999999999999704
895000	0.999999999999704
896000	0.999999999999704
897000	0.999999999999704
898000	0.999999999999704
899000	0.999999999999704
900000	0.999999999999704
901000	0.999999999999704
902000	0.999999999999704
903000	0.999999999999704
904000	0.999999999999704
905000	0.999999999999704
906000	0.999999999999704
907000	0.999999999999704
908000	0.999999999999704
909000	0.999999999999704
910000	0.999999999999704
911000	0.999999999999704
912000	0.999999999999704
913000	0.999999999999704
914000	0.999999999999704
915000	0.999999999999704
916000	0.999999999999704
917000	0.999999999999704
918000	0.999999999999704
919000	0.999999999999704
920000	0.999999999999704
921000	0.999999999999704
922000	0.999999999999704
923000	0.999999999999704
924000	0.999999999999704
925000	0.999999999999704
926000	0.999999999999704
927000	0.999999999999704
928000	0.999999999999704
929000	0.999999999999704
930000	0.999999999999704
931000	0.999999999999704
932000	0.999999999999704
933000	0.999999999999704
934000	0.999999999999704
935000	0.999999999999704
936000	0.999999999999704
937000	0.999999999999704
938000	0.999999999999704
939000	0.999999999999704
940000	0.999999999999704
941000	0.999999999999704
942000	0.999999999999704
943000	0.999999999999704
944000	0.999999999999704
945000	0.999999999999704
946000	0.999999999999704
947000	0.999999999999704
948000	0.999999999999704
949000	0.999999999999704
950000	0.999999999999704
951000	0.999999999999704
952000	0.999999999999704
953000	0.999999999999704
954000	0.999999999999704
955000	0.999999999999704
956000	0.999999999999704
957000	0.999999999999704
958000	0.999999999999704
959000	0.999999999999704
960000	0.999999999999704
961000	0.999999999999704
962000	0.999999999999704
963000	0.999999999999704
964000	0.999999999999704
965000	0.999999999999704
966000	0.999999999999704
967000	0.999999999999704
968000	0.999999999999704
969000	0.999999999999704
970000	0.999999999999704
971000	0.999999999999704
972000	0.999999999999704
973000	0.999999999999704
974000	0.999999999999704
975000	0.999999999999704
976000	0.999999999999704
977000	0.999999999999704
978000	0.999999999999704
979000	0.999999999999704
980000	0.999999999999704
981000	0.999999999999704
982000	0.999999999999704
983000	0.999999999999704
984000	0.999999999999704
985000	0.999999999999704
986000	0.999999999999704
987000	0.999999999999704
988000	0.999999999999704
989000	0.999999999999704
990000	0.999999999999704
991000	0.999999999999704
992000	0.999999999999704
993000	0.999999999999704
994000	0.999999999999704
995000	0.999999999999704
996000	0.999999999999704
997000	0.999999999999704
998000	0.999999999999704
999000	0.999999999999704
