0	0.380024987646947
1000	0.4070234685089
2000	0.439297070983318
3000	0.478741748383952
4000	0.52640266970901
5000	0.580927973609884
6000	0.638141744628717
7000	0.693123291708389
8000	0.742596692651938
9000	0.785371968370959
10000	0.821573641652773
11000	0.851885207146782
12000	0.877133219734311
13000	0.898111242634564
14000	0.915520816639186
15000	0.929960857585042
16000	0.941934702896872
17000	0.95186230778467
18000	0.96009287250278
19000	0.966916301048871
20000	0.972573089391939
21000	0.977262675372242
22000	0.981150420602649
23000	0.984373421954027
24000	0.987045338520143
25000	0.989260396828357
26000	0.991096712621977
27000	0.992619045216076
28000	0.99388108111389
29000	0.994927327242327
30000	0.995794680504766
31000	0.996513728976079
32000	0.997109830617299
33000	0.997604007547739
34000	0.998013687410373
35000	0.998353317974813
36000	0.998634876652244
37000	0.998868292890748
38000	0.999061798347209
39000	0.999222217184904
40000	0.999355206734439
41000	0.999465457005164
42000	0.999556856083043
43000	0.999632627247887
44000	0.999695442645536
45000	0.999747517523756
46000	0.999790688355162
47000	0.999826477602262
48000	0.999856147408615
49000	0.999880744109593
50000	0.999901135132431
51000	0.999918039586923
52000	0.999932053625551
53000	0.99994367146739
54000	0.99995330282724
55000	0.999961287364633
56000	0.999967906662256
57000	0.999973394156254
58000	0.999977943368588
59000	0.999981714731775
60000	0.999984841246706
61000	0.999987433173054
62000	0.999989581917696
63000	0.999991363258251
64000	0.99999284001548
65000	0.9999940642687
66000	0.999995079192424
67000	0.999995920578951
68000	0.99999661810062
69000	0.99999719635623
70000	0.999997675738537
71000	0.999998073153444
72000	0.999998402616183
73000	0.999998675745584
74000	0.99999890217383
75000	0.99999908988614
76000	0.999999245502374
77000	0.999999374510495
78000	0.999999481460104
79000	0.999999570122886
80000	0.99999964362562
81000	0.999999704560457
82000	0.999999755076322
83000	0.99999979695471
84000	0.999999831672501
85000	0.999999860454057
86000	0.999999884314385
87000	0.999999904094943
88000	0.999999920493312
89000	0.9999999340878
90000	0.999999945357826
91000	0.999999954700842
92000	0.999999962446338
93000	0.999999968867469
94000	0.999999974190678
95000	0.999999978603697
96000	0.999999982262154
97000	0.999999985295069
98000	0.999999987809399
99000	0.999999989893814
100000	0.999999991621826
101000	0.999999993054372
102000	0.999999994241972
103000	0.999999995226511
104000	0.999999996042708
105000	0.999999996719348
106000	0.999999997280295
107000	0.999999997745325
108000	0.999999998130842
109000	0.999999998450443
110000	0.999999998715395
111000	0.999999998935044
112000	0.999999999117136
113000	0.999999999268092
114000	0.999999999393237
115000	0.999999999496985
116000	0.999999999582993
117000	0.999999999654295
118000	0.999999999713405
119000	0.999999999762409
120000	0.999999999803034
121000	0.999999999836712
122000	0.999999999864632
123000	0.999999999887778
124000	0.999999999906966
125000	0.999999999922873
126000	0.999999999936061
127000	0.999999999946994
128000	0.999999999956057
129000	0.999999999963571
130000	0.999999999969799
131000	0.999999999974963
132000	0.999999999979243
133000	0.999999999982792
134000	0.999999999985733
135000	0.999999999988172
136000	0.999999999990197
137000	0.999999999991871
138000	0.999999999993262
139000	0.999999999994415
140000	0.999999999995364
141000	0.999999999996164
142000	0.999999999996816
143000	0.999999999997364
144000	0.999999999997808
145000	0.999999999998171
146000	0.999999999998504
147000	0.999999999998731
148000	0.999999999998953
149000	0.999999999999144
150000	0.999999999999255
151000	0.999999999999366
152000	0.999999999999477
153000	0.999999999999588
154000	0.999999999999699
155000	0.999999999999704
156000	0.999999999999704
157000	0.999999999999704
158000	0.999999999999704
159000	0.999999999999704
160000	0.999999999999704
161000	0.999999999999704
162000	0.999999999999704
163000	0.999999999999704
164000	0.999999999999704
165000	0.999999999999704
166000	0.999999999999704
167000	0.999999999999704
168000	0.999999999999704
169000	0.999999999999704
170000	0.999999999999704
171000	0.999999999999704
172000	0.999999999999704
173000	0.999999999999704
174000	0.999999999999704
175000	0.999999999999704
176000	0.999999999999704
177000	0.999999999999704
178000	0.999999999999704
179000	0.999999999999704
180000	0.999999999999704
181000	0.999999999999704
182000	0.999999999999704
183000	0.999999999999704
184000	0.999999999999704
185000	0.999999999999704
186000	0.999999999999704
187000	0.999999999999704
188000	0.999999999999704
189000	0.999999999999704
190000	0.999999999999704
191000	0.999999999999704
192000	0.999999999999704
193000	0.999999999999704
194000	0.999999999999704
195000	0.999999999999704
196000	0.999999999999704
197000	0.999999999999704
198000	0.999999999999704
199000	0.999999999999704
200000	0.999999999999704
201000	0.999999999999704
202000	0.999999999999704
203000	0.999999999999704
204000	0.999999999999704
205000	0.999999999999704
206000	0.999999999999704
207000	0.999999999999704
208000	0.999999999999704
209000	0.999999999999704
210000	0.999999999999704
211000	0.999999999999704
212000	0.999999999999704
213000	0.999999999999704
214000	0.999999999999704
215000	0.999999999999704
216000	0.999999999999704
217000	0.999999999999704
218000	0.999999999999704
219000	0.999999999999704
220000	0.999999999999704
221000	0.999999999999704
222000	0.999999999999704
223000	0.999999999999704
224000	0.999999999999704
225000	0.999999999999704
226000	0.999999999999704
227000	0.999999999999704
228000	0.999999999999704
229000	0.999999999999704
230000	0.999999999999704
231000	0.999999999999704
232000	0.999999999999704
233000	0.999999999999704
234000	0.999999999999704
235000	0.999999999999704
236000	0.999999999999704
237000	0.999999999999704
238000	0.999999999999704
239000	0.999999999999704
240000	0.999999999999704
241000	0.999999999999704
242000	0.999999999999704
243000	0.999999999999704
244000	0.999999999999704
245000	0.999999999999704
246000	0.999999999999704
247000	0.999999999999704
248000	0.999999999999704
249000	0.999999999999704
250000	0.999999999999704
251000	0.999999999999704
252000	0.999999999999704
253000	0.999999999999704
254000	0.999999999999704
255000	0.999999999999704
256000	0.999999999999704
257000	0.999999999999704
258000	0.999999999999704
259000	0.999999999999704
260000	0.999999999999704
261000	0.999999999999704
262000	0.999999999999704
263000	0.999999999999704
264000	0.999999999999704
265000	0.999999999999704
266000	0.999999999999704
267000	0.999999999999704
268000	0.999999999999704
269000	0.999999999999704
270000	0.999999999999704
271000	0.999999999999704
272000	0.999999999999704
273000	0.999999999999704
274000	0.999999999999704
275000	0.999999999999704
276000	0.999999999999704
277000	0.999999999999704
278000	0.999999999999704
279000	0.999999999999704
280000	0.999999999999704
281000	0.999999999999704
282000	0.999999999999704
283000	0.999999999999704
284000	0.999999999999704
285000	0.999999999999704
286000	0.999999999999704
287000	0.999999999999704
288000	0.999999999999704
289000	0.999999999999704
290000	0.999999999999704
291000	0.999999999999704
292000	0.999999999999704
293000	0.999999999999704
294000	0.999999999999704
295000	0.999999999999704
296000	0.999999999999704
297000	0.999999999999704
298000	0.999999999999704
299000	0.999999999999704
300000	0.999999999999704
301000	0.999999999999704
302000	0.999999999999704
303000	0.999999999999704
304000	0.999999999999704
305000	0.999999999999704
306000	0.999999999999704
307000	0.999999999999704
308000	0.999999999999704
309000	0.999999999999704
310000	0.999999999999704
311000	0.999999999999704
312000	0.999999999999704
313000	0.999999999999704
314000	0.999999999999704
315000	0.999999999999704
316000	0.999999999999704
317000	0.999999999999704
318000	0.999999999999704
319000	0.999999999999704
320000	0.999999999999704
321000	0.999999999999704
322000	0.999999999999704
323000	0.999999999999704
324000	0.999999999999704
325000	0.999999999999704
326000	0.999999999999704
327000	0.999999999999704
328000	0.999999999999704
329000	0.999999999999704
330000	0.999999999999704
331000	0.999999999999704
332000	0.999999999999704
333000	0.999999999999704
334000	0.999999999999704
335000	0.999999999999704
336000	0.999999999999704
337000	0.999999999999704
338000	0.999999999999704
339000	0.999999999999704
340000	0.999999999999704
341000	0.999999999999704
342000	0.999999999999704
343000	0.999999999999704
344000	0.999999999999704
345000	0.999999999999704
346000	0.999999999999704
347000	0.999999999999704
348000	0.999999999999704
349000	0.999999999999704
350000	0.999999999999704
351000	0.999999999999704
352000	0.999999999999704
353000	0.999999999999704
354000	0.999999999999704
355000	0.999999999999704
356000	0.999999999999704
357000	0.999999999999704
358000	0.999999999999704
359000	0.999999999999704
360000	0.999999999999704
361000	0.999999999999704
362000	0.999999999999704
363000	0.999999999999704
364000	0.999999999999704
365000	0.999999999999704
366000	0.999999999999704
367000	0.999999999999704
368000	0.999999999999704
369000	0.999999999999704
370000	0.999999999999704
371000	0.999999999999704
372000	0.999999999999704
373000	0.999999999999704
374000	0.999999999999704
375000	0.999999999999704
376000	0.999999999999704
377000	0.999999999999704
378000	0.999999999999704
379000	0.999999999999704
380000	0.999999999999704
381000	0.999999999999704
382000	0.999999999999704
383000	0.999999999999704
384000	0.999999999999704
385000	0.999999999999704
386000	0.999999999999704
387000	0.999999999999704
388000	0.999999999999704
389000	0.999999999999704
390000	0.999999999999704
391000	0.999999999999704
392000	0.999999999999704
393000	0.999999999999704
394000	0.999999999999704
395000	0.999999999999704
396000	0.999999999999704
397000	0.999999999999704
398000	0.999999999999704
399000	0.999999999999704
400000	0.999999999999704
401000	0.999999999999704
402000	0.999999999999704
403000	0.999999999999704
404000	0.999999999999704
405000	0.999999999999704
406000	0.999999999999704
407000	0.999999999999704
408000	0.999999999999704
409000	0.999999999999704
410000	0.999999999999704
411000	0.999999999999704
412000	0.999999999999704
413000	0.999999999999704
414000	0.999999999999704
415000	0.999999999999704
416000	0.999999999999704
417000	0.999999999999704
418000	0.999999999999704
419000	0.999999999999704
420000	0.999999999999704
421000	0.999999999999704
422000	0.999999999999704
423000	0.999999999999704
424000	0.999999999999704
425000	0.999999999999704
426000	0.999999999999704
427000	0.999999999999704
428000	0.999999999999704
429000	0.999999999999704
430000	0.999999999999704
431000	0.999999999999704
432000	0.999999999999704
433000	0.999999999999704
434000	0.999999999999704
435000	0.999999999999704
436000	0.999999999999704
437000	0.999999999999704
438000	0.999999999999704
439000	0.999999999999704
440000	0.999999999999704
441000	0.999999999999704
442000	0.999999999999704
443000	0.999999999999704
444000	0.999999999999704
445000	0.999999999999704
446000	0.999999999999704
447000	0.999999999999704
448000	0.999999999999704
449000	0.999999999999704
450000	0.999999999999704
451000	0.999999999999704
452000	0.999999999999704
453000	0.999999999999704
454000	0.999999999999704
455000	0.999999999999704
456000	0.999999999999704
457000	0.999999999999704
458000	0.999999999999704
459000	0.999999999999704
460000	0.999999999999704
461000	0.999999999999704
462000	0.999999999999704
463000	0.999999999999704
464000	0.999999999999704
465000	0.999999999999704
466000	0.999999999999704
467000	0.999999999999704
468000	0.999999999999704
469000	0.999999999999704
470000	0.999999999999704
471000	0.999999999999704
472000	0.999999999999704
473000	0.999999999999704
474000	0.999999999999704
475000	0.999999999999704
476000	0.999999999999704
477000	0.999999999999704
478000	0.999999999999704
479000	0.999999999999704
480000	0.999999999999704
481000	0.999999999999704
482000	0.999999999999704
483000	0.999999999999704
484000	0.999999999999704
485000	0.999999999999704
486000	0.999999999999704
487000	0.999999999999704
488000	0.999999999999704
489000	0.999999999999704
490000	0.999999999999704
491000	0.999999999999704
492000	0.999999999999704
493000	0.999999999999704
494000	0.999999999999704
495000	0.999999999999704
496000	0.999999999999704
497000	0.999999999999704
498000	0.999999999999704
499000	0.999999999999704
500000	0.999999999999704
501000	0.999999999999704
502000	0.999999999999704
503000	0.999999999999704
504000	0.999999999999704
505000	0.999999999999704
506000	0.999999999999704
507000	0.999999999999704
508000	0.999999999999704
509000	0.999999999999704
510000	0.999999999999704
511000	0.999999999999704
512000	0.999999999999704
513000	0.999999999999704
514000	0.999999999999704
515000	0.999999999999704
516000	0.999999999999704
517000	0.999999999999704
518000	0.999999999999704
519000	0.999999999999704
520000	0.999999999999704
521000	0.999999999999704
522000	0.999999999999704
523000	0.999999999999704
524000	0.999999999999704
525000	0.999999999999704
526000	0.999999999999704
527000	0.999999999999704
528000	0.999999999999704
529000	0.999999999999704
530000	0.999999999999704
531000	0.999999999999704
532000	0.999999999999704
533000	0.999999999999704
534000	0.999999999999704
535000	0.999999999999704
536000	0.999999999999704
537000	0.999999999999704
538000	0.999999999999704
539000	0.999999999999704
540000	0.999999999999704
541000	0.999999999999704
542000	0.999999999999704
543000	0.999999999999704
544000	0.999999999999704
545000	0.999999999999704
546000	0.999999999999704
547000	0.999999999999704
548000	0.999999999999704
549000	0.999999999999704
550000	0.999999999999704
551000	0.999999999999704
552000	0.999999999999704
553000	0.999999999999704
554000	0.999999999999704
555000	0.999999999999704
556000	0.999999999999704
557000	0.999999999999704
558000	0.999999999999704
559000	0.999999999999704
560000	0.999999999999704
561000	0.999999999999704
562000	0.999999999999704
563000	0.999999999999704
564000	0.999999999999704
565000	0.999999999999704
566000	0.999999999999704
567000	0.999999999999704
568000	0.999999999999704
569000	0.999999999999704
570000	0.999999999999704
571000	0.999999999999704
572000	0.999999999999704
573000	0.999999999999704
574000	0.999999999999704
575000	0.999999999999704
576000	0.999999999999704
577000	0.999999999999704
578000	0.999999999999704
579000	0.999999999999704
580000	0.999999999999704
581000	0.999999999999704
582000	0.999999999999704
583000	0.999999999999704
584000	0.999999999999704
585000	0.999999999999704
586000	0.999999999999704
587000	0.999999999999704
588000	0.999999999999704
589000	0.999999999999704
590000	0.999999999999704
591000	0.999999999999704
592000	0.999999999999704
593000	0.999999999999704
594000	0.999999999999704
595000	0.999999999999704
596000	0.999999999999704
597000	0.999999999999704
598000	0.999999999999704
599000	0.999999999999704
600000	0.999999999999704
601000	0.999999999999704
602000	0.999999999999704
603000	0.999999999999704
604000	0.999999999999704
605000	0.999999999999704
606000	0.999999999999704
607000	0.999999999999704
608000	0.999999999999704
609000	0.999999999999704
610000	0.999999999999704
611000	0.999999999999704
612000	0.999999999999704
613000	0.999999999999704
614000	0.999999999999704
615000	0.999999999999704
616000	0.999999999999704
617000	0.999999999999704
618000	0.999999999999704
619000	0.999999999999704
620000	0.999999999999704
621000	0.999999999999704
622000	0.999999999999704
623000	0.999999999999704
624000	0.999999999999704
625000	0.999999999999704
626000	0.999999999999704
627000	0.999999999999704
628000	0.999999999999704
629000	0.999999999999704
630000	0.999999999999704
631000	0.999999999999704
632000	0.999999999999704
633000	0.999999999999704
634000	0.999999999999704
635000	0.999999999999704
636000	0.999999999999704
637000	0.999999999999704
638000	0.999999999999704
639000	0.999999999999704
640000	0.999999999999704
641000	0.999999999999704
642000	0.999999999999704
643000	0.999999999999704
644000	0.999999999999704
645000	0.999999999999704
646000	0.999999999999704
647000	0.999999999999704
648000	0.999999999999704
649000	0.999999999999704
650000	0.999999999999704
651000	0.999999999999704
652000	0.999999999999704
653000	0.999999999999704
654000	0.999999999999704
655000	0.999999999999704
656000	0.999999999999704
657000	0.999999999999704
658000	0.999999999999704
659000	0.999999999999704
660000	0.999999999999704
661000	0.999999999999704
662000	0.999999999999704
663000	0.999999999999704
664000	0.999999999999704
665000	0.999999999999704
666000	0.999999999999704
667000	0.999999999999704
668000	0.999999999999704
669000	0.999999999999704
670000	0.999999999999704
671000	0.999999999999704
672000	0.999999999999704
673000	0.999999999999704
674000	0.999999999999704
675000	0.999999999999704
676000	0.999999999999704
677000	0.999999999999704
678000	0.999999999999704
679000	0.999999999999704
680000	0.999999999999704
681000	0.999999999999704
682000	0.999999999999704
683000	0.999999999999704
684000	0.999999999999704
685000	0.999999999999704
686000	0.999999999999704
687000	0.999999999999704
688000	0.999999999999704
689000	0.999999999999704
690000	0.999999999999704
691000	0.999999999999704
692000	0.999999999999704
693000	0.999999999999704
694000	0.999999999999704
695000	0.999999999999704
696000	0.999999999999704
697000	0.999999999999704
698000	0.999999999999704
699000	0.999999999999704
700000	0.999999999999704
701000	0.999999999999704
702000	0.999999999999704
703000	0.999999999999704
704000	0.999999999999704
705000	0.999999999999704
706000	0.999999999999704
707000	0.999999999999704
708000	0.999999999999704
709000	0.999999999999704
710000	0.999999999999704
711000	0.999999999999704
712000	0.999999999999704
713000	0.999999999999704
714000	0.999999999999704
715000	0.999999999999704
716000	0.999999999999704
717000	0.999999999999704
718000	0.999999999999704
719000	0.999999999999704
720000	0.999999999999704
721000	0.999999999999704
722000	0.999999999999704
723000	0.999999999999704
724000	0.999999999999704
725000	0.999999999999704
726000	0.999999999999704
727000	0.999999999999704
728000	0.999999999999704
729000	0.999999999999704
730000	0.999999999999704
731000	0.999999999999704
732000	0.999999999999704
733000	0.999999999999704
734000	0.999999999999704
735000	0.999999999999704
736000	0.999999999999704
737000	0.999999999999704
738000	0.999999999999704
739000	0.999999999999704
740000	0.999999999999704
741000	0.999999999999704
742000	0.999999999999704
743000	0.999999999999704
744000	0.999999999999704
745000	0.999999999999704
746000	0.999999999999704
747000	0.999999999999704
748000	0.999999999999704
749000	0.999999999999704
750000	0.999999999999704
751000	0.999999999999704
752000	0.999999999999704
753000	0.999999999999704
754000	0.999999999999704
755000	0.999999999999704
756000	0.999999999999704
757000	0.999999999999704
758000	0.999999999999704
759000	0.999999999999704
760000	0.999999999999704
761000	0.999999999999704
762000	0.999999999999704
763000	0.999999999999704
764000	0.999999999999704
765000	0.999999999999704
766000	0.999999999999704
767000	0.999999999999704
768000	0.999999999999704
769000	0.999999999999704
770000	0.999999999999704
771000	0.999999999999704
772000	0.999999999999704
773000	0.999999999999704
774000	0.999999999999704
775000	0.999999999999704
776000	0.999999999999704
777000	0.999999999999704
778000	0.999999999999704
779000	0.999999999999704
780000	0.999999999999704
781000	0.999999999999704
782000	0.999999999999704
783000	0.999999999999704
784000	0.999999999999704
785000	0.999999999999704
786000	0.999999999999704
787000	0.999999999999704
788000	0.999999999999704
789000	0.999999999999704
790000	0.999999999999704
791000	0.999999999999704
792000	0.999999999999704
793000	0.999999999999704
794000	0.999999999999704
795000	0.999999999999704
796000	0.999999999999704
797000	0.999999999999704
798000	0.999999999999704
799000	0.999999999999704
800000	0.999999999999704
801000	0.999999999999704
802000	0.999999999999704
803000	0.999999999999704
804000	0.999999999999704
805000	0.999999999999704
806000	0.999999999999704
807000	0.999999999999704
808000	0.999999999999704
809000	0.999999999999704
810000	0.999999999999704
811000	0.999999999999704
812000	0.999999999999704
813000	0.999999999999704
814000	0.999999999999704
815000	0.999999999999704
816000	0.999999999999704
817000	0.999999999999704
818000	0.999999999999704
819000	0.999999999999704
820000	0.999999999999704
821000	0.999999999999704
822000	0.999999999999704
823000	0.999999999999704
824000	0.999999999999704
825000	0.999999999999704
826000	0.999999999999704
827000	0.999999999999704
828000	0.999999999999704
829000	0.999999999999704
830000	0.999999999999704
831000	0.999999999999704
832000	0.999999999999704
833000	0.999999999999704
834000	0.999999999999704
835000	0.999999999999704
836000	0.999999999999704
837000	0.999999999999704
838000	0.999999999999704
839000	0.999999999999704
840000	0.999999999999704
841000	0.999999999999704
842000	0.999999999999704
843000	0.999999999999704
844000	0.999999999999704
845000	0.999999999999704
846000	0.999999999999704
847000	0.999999999999704
848000	0.999999999999704
849000	0.999999999999704
850000	0.999999999999704
851000	0.999999999999704
852000	0.999999999999704
853000	0.999999999999704
854000	0.999999999999704
855000	0.999999999999704
856000	0.999999999999704
857000	0.999999999999704
858000	0.999999999999704
859000	0.999999999999704
860000	0.999999999999704
861000	0.999999999999704
862000	0.999999999999704
863000	0.999999999999704
864000	0.999999999999704
865000	0.999999999999704
866000	0.999999999999704
867000	0.999999999999704
868000	0.999999999999704
869000	0.999999999999704
870000	0.999999999999704
871000	0.999999999999704
872000	0.999999999999704
873000	0.999999999999704
874000	0.999999999999704
875000	0.999999999999704
876000	0.999999999999704
877000	0.999999999999704
878000	0.999999999999704
879000	0.999999999999704
880000	0.999999999999704
881000	0.999999999999704
882000	0.999999999999704
883000	0.999999999999704
884000	0.999999999999704
885000	0.999999999999704
886000	0.999999999999704
887000	0.999999999999704
888000	0.999999999999704
889000	0.999999999999704
890000	0.999999999999704
891000	0.999999999999704
892000	0.999999999999704
893000	0.999999999999704
894000	0.999999999999704
895000	0.999999999999704
896000	0.999999999999704
897000	0.999999999999704
898000	0.999999999999704
899000	0.999999999999704
900000	0.999999999999704
901000	0.999999999999704
902000	0.999999999999704
903000	0.999999999999704
904000	0.999999999999704
905000	0.999999999999704
906000	0.999999999999704
907000	0.999999999999704
908000	0.999999999999704
909000	0.999999999999704
910000	0.999999999999704
911000	0.999999999999704
912000	0.999999999999704
913000	0.999999999999704
914000	0.999999999999704
915000	0.999999999999704
916000	0.999999999999704
917000	0.999999999999704
918000	0.999999999999704
919000	0.999999999999704
920000	0.999999999999704
921000	0.999999999999704
922000	0.999999999999704
923000	0.999999999999704
924000	0.999999999999704
925000	0.999999999999704
926000	0.999999999999704
927000	0.999999999999704
928000	0.999999999999704
929000	0.999999999999704
930000	0.999999999999704
931000	0.999999999999704
932000	0.999999999999704
933000	0.999999999999704
934000	0.999999999999704
935000	0.999999999999704
936000	0.999999999999704
937000	0.999999999999704
938000	0.999999999999704
939000	0.999999999999704
940000	0.999999999999704
941000	0.999999999999704
942000	0.999999999999704
943000	0.999999999999704
944000	0.999999999999704
945000	0.999999999999704
946000	0.999999999999704
947000	0.999999999999704
948000	0.999999999999704
949000	0.999999999999704
950000	0.999999999999704
951000	0.999999999999704
952000	0.999999999999704
953000	0.999999999999704
954000	0.999999999999704
955000	0.999999999999704
956000	0.999999999999704
957000	0.999999999999704
958000	0.999999999999704
959000	0.999999999999704
960000	0.999999999999704
961000	0.999999999999704
962000	0.999999999999704
963000	0.999999999999704
964000	0.999999999999704
965000	0.999999999999704
966000	0.999999999999704
967000	0.999999999999704
968000	0.999999999999704
969000	0.999999999999704
970000	0.999999999999704
971000	0.999999999999704
972000	0.999999999999704
973000	0.999999999999704
974000	0.999999999999704
975000	0.999999999999704
976000	0.999999999999704
977000	0.999999999999704
978000	0.999999999999704
979000	0.999999999999704
980000	0.999999999999704
981000	0.999999999999704
982000	0.999999999999704
983000	0.999999999999704
984000	0.999999999999704
985000	0.999999999999704
986000	0.999999999999704
987000	0.999999999999704
988000	0.999999999999704
989000	0.999999999999704
990000	0.999999999999704
991000	0.999999999999704
992000	0.999999999999704
993000	0.999999999999704
994000	0.999999999999704
995000	0.999999999999704
996000	0.999999999999704
997000	0.999999999999704
998000	0.999999999999704
999000	0.999999999999704
