0	0.03
1000	0.0300000000000035
2000	0.0300000000000069
3000	0.0300000000000104
4000	0.0300000000000139
5000	0.0300000000000151
6000	0.0300000000000151
7000	0.0300000000000151
8000	0.0300000000000151
9000	0.0300000000000151
10000	0.0300000000000151
11000	0.0300000000000151
12000	0.0300000000000151
13000	0.0300000000000151
14000	0.0300000000000151
15000	0.0300000000000151
16000	0.0300000000000151
17000	0.0300000000000151
18000	0.0300000000000151
19000	0.0300000000000151
20000	0.0300000000000151
21000	0.0300000000000151
22000	0.0300000000000151
23000	0.0300000000000151
24000	0.0300000000000151
25000	0.0300000000000151
26000	0.0300000000000151
27000	0.0300000000000151
28000	0.0300000000000151
29000	0.0300000000000151
30000	0.0300000000000151
31000	0.0300000000000151
32000	0.0300000000000151
33000	0.0300000000000151
34000	0.0300000000000151
35000	0.0300000000000151
36000	0.0300000000000151
37000	0.0300000000000151
38000	0.0300000000000151
39000	0.0300000000000151
40000	0.0300000000000151
41000	0.0300000000000151
42000	0.0300000000000151
43000	0.0300000000000151
44000	0.0300000000000151
45000	0.0300000000000151
46000	0.0300000000000151
47000	0.0300000000000151
48000	0.0300000000000151
49000	0.0300000000000151
50000	0.0300000000000151
51000	0.0300000000000151
52000	0.0300000000000151
53000	0.0300000000000151
54000	0.0300000000000151
55000	0.0300000000000151
56000	0.0300000000000151
57000	0.0300000000000151
58000	0.0300000000000151
59000	0.0300000000000151
60000	0.0300000000000151
61000	0.0300000000000151
62000	0.0300000000000151
63000	0.0300000000000151
64000	0.0300000000000151
65000	0.0300000000000151
66000	0.0300000000000151
67000	0.0300000000000151
68000	0.0300000000000151
69000	0.0300000000000151
70000	0.0300000000000151
71000	0.0300000000000151
72000	0.0300000000000151
73000	0.0300000000000151
74000	0.0300000000000151
75000	0.0300000000000151
76000	0.0300000000000151
77000	0.0300000000000151
78000	0.0300000000000151
79000	0.0300000000000151
80000	0.0300000000000151
81000	0.0300000000000151
82000	0.0300000000000151
83000	0.0300000000000151
84000	0.0300000000000151
85000	0.0300000000000151
86000	0.0300000000000151
87000	0.0300000000000151
88000	0.0300000000000151
89000	0.0300000000000151
90000	0.0300000000000151
91000	0.0300000000000151
92000	0.0300000000000151
93000	0.0300000000000151
94000	0.0300000000000151
95000	0.0300000000000151
96000	0.0300000000000151
97000	0.0300000000000151
98000	0.0300000000000151
99000	0.0300000000000151
100000	0.0300000000000151
101000	0.0300000000000151
102000	0.0300000000000151
103000	0.0300000000000151
104000	0.0300000000000151
105000	0.0300000000000151
106000	0.0300000000000151
107000	0.0300000000000151
108000	0.0300000000000151
109000	0.0300000000000151
110000	0.0300000000000151
111000	0.0300000000000151
112000	0.0300000000000151
113000	0.0300000000000151
114000	0.0300000000000151
115000	0.0300000000000151
116000	0.0300000000000151
117000	0.0300000000000151
118000	0.0300000000000151
119000	0.0300000000000151
120000	0.0300000000000151
121000	0.0300000000000151
122000	0.0300000000000151
123000	0.0300000000000151
124000	0.0300000000000151
125000	0.0300000000000151
126000	0.0300000000000151
127000	0.0300000000000151
128000	0.0300000000000151
129000	0.0300000000000151
130000	0.0300000000000151
131000	0.0300000000000151
132000	0.0300000000000151
133000	0.0300000000000151
134000	0.0300000000000151
135000	0.0300000000000151
136000	0.0300000000000151
137000	0.0300000000000151
138000	0.0300000000000151
139000	0.0300000000000151
140000	0.0300000000000151
141000	0.0300000000000151
142000	0.0300000000000151
143000	0.0300000000000151
144000	0.0300000000000151
145000	0.0300000000000151
146000	0.0300000000000151
147000	0.0300000000000151
148000	0.0300000000000151
149000	0.0300000000000151
150000	0.0300000000000151
151000	0.0300000000000151
152000	0.0300000000000151
153000	0.0300000000000151
154000	0.0300000000000151
155000	0.0300000000000151
156000	0.0300000000000151
157000	0.0300000000000151
158000	0.0300000000000151
159000	0.0300000000000151
160000	0.0300000000000151
161000	0.0300000000000151
162000	0.0300000000000151
163000	0.0300000000000151
164000	0.0300000000000151
165000	0.0300000000000151
166000	0.0300000000000151
167000	0.0300000000000151
168000	0.0300000000000151
169000	0.0300000000000151
170000	0.0300000000000151
171000	0.0300000000000151
172000	0.0300000000000151
173000	0.0300000000000151
174000	0.0300000000000151
175000	0.0300000000000151
176000	0.0300000000000151
177000	0.0300000000000151
178000	0.0300000000000151
179000	0.0300000000000151
180000	0.0300000000000151
181000	0.0300000000000151
182000	0.0300000000000151
183000	0.0300000000000151
184000	0.0300000000000151
185000	0.0300000000000151
186000	0.0300000000000151
187000	0.0300000000000151
188000	0.0300000000000151
189000	0.0300000000000151
190000	0.0300000000000151
191000	0.0300000000000151
192000	0.0300000000000151
193000	0.0300000000000151
194000	0.0300000000000151
195000	0.0300000000000151
196000	0.0300000000000151
197000	0.0300000000000151
198000	0.0300000000000151
199000	0.0300000000000151
200000	0.0300000000000151
201000	0.0300000000000151
202000	0.0300000000000151
203000	0.0300000000000151
204000	0.0300000000000151
205000	0.0300000000000151
206000	0.0300000000000151
207000	0.0300000000000151
208000	0.0300000000000151
209000	0.0300000000000151
210000	0.0300000000000151
211000	0.0300000000000151
212000	0.0300000000000151
213000	0.0300000000000151
214000	0.0300000000000151
215000	0.0300000000000151
216000	0.0300000000000151
217000	0.0300000000000151
218000	0.0300000000000151
219000	0.0300000000000151
220000	0.0300000000000151
221000	0.0300000000000151
222000	0.0300000000000151
223000	0.0300000000000151
224000	0.0300000000000151
225000	0.0300000000000151
226000	0.0300000000000151
227000	0.0300000000000151
228000	0.0300000000000151
229000	0.0300000000000151
230000	0.0300000000000151
231000	0.0300000000000151
232000	0.0300000000000151
233000	0.0300000000000151
234000	0.0300000000000151
235000	0.0300000000000151
236000	0.0300000000000151
237000	0.0300000000000151
238000	0.0300000000000151
239000	0.0300000000000151
240000	0.0300000000000151
241000	0.0300000000000151
242000	0.0300000000000151
243000	0.0300000000000151
244000	0.0300000000000151
245000	0.0300000000000151
246000	0.0300000000000151
247000	0.0300000000000151
248000	0.0300000000000151
249000	0.0300000000000151
250000	0.0300000000000151
251000	0.0300000000000151
252000	0.0300000000000151
253000	0.0300000000000151
254000	0.0300000000000151
255000	0.0300000000000151
256000	0.0300000000000151
257000	0.0300000000000151
258000	0.0300000000000151
259000	0.0300000000000151
260000	0.0300000000000151
261000	0.0300000000000151
262000	0.0300000000000151
263000	0.0300000000000151
264000	0.0300000000000151
265000	0.0300000000000151
266000	0.0300000000000151
267000	0.0300000000000151
268000	0.0300000000000151
269000	0.0300000000000151
270000	0.0300000000000151
271000	0.0300000000000151
272000	0.0300000000000151
273000	0.0300000000000151
274000	0.0300000000000151
275000	0.0300000000000151
276000	0.0300000000000151
277000	0.0300000000000151
278000	0.0300000000000151
279000	0.0300000000000151
280000	0.0300000000000151
281000	0.0300000000000151
282000	0.0300000000000151
283000	0.0300000000000151
284000	0.0300000000000151
285000	0.0300000000000151
286000	0.0300000000000151
287000	0.0300000000000151
288000	0.0300000000000151
289000	0.0300000000000151
290000	0.0300000000000151
291000	0.0300000000000151
292000	0.0300000000000151
293000	0.0300000000000151
294000	0.0300000000000151
295000	0.0300000000000151
296000	0.0300000000000151
297000	0.0300000000000151
298000	0.0300000000000151
299000	0.0300000000000151
300000	0.0300000000000151
301000	0.0300000000000151
302000	0.0300000000000151
303000	0.0300000000000151
304000	0.0300000000000151
305000	0.0300000000000151
306000	0.0300000000000151
307000	0.0300000000000151
308000	0.0300000000000151
309000	0.0300000000000151
310000	0.0300000000000151
311000	0.0300000000000151
312000	0.0300000000000151
313000	0.0300000000000151
314000	0.0300000000000151
315000	0.0300000000000151
316000	0.0300000000000151
317000	0.0300000000000151
318000	0.0300000000000151
319000	0.0300000000000151
320000	0.0300000000000151
321000	0.0300000000000151
322000	0.0300000000000151
323000	0.0300000000000151
324000	0.0300000000000151
325000	0.0300000000000151
326000	0.0300000000000151
327000	0.0300000000000151
328000	0.0300000000000151
329000	0.0300000000000151
330000	0.0300000000000151
331000	0.0300000000000151
332000	0.0300000000000151
333000	0.0300000000000151
334000	0.0300000000000151
335000	0.0300000000000151
336000	0.0300000000000151
337000	0.0300000000000151
338000	0.0300000000000151
339000	0.0300000000000151
340000	0.0300000000000151
341000	0.0300000000000151
342000	0.0300000000000151
343000	0.0300000000000151
344000	0.0300000000000151
345000	0.0300000000000151
346000	0.0300000000000151
347000	0.0300000000000151
348000	0.0300000000000151
349000	0.0300000000000151
350000	0.0300000000000151
351000	0.0300000000000151
352000	0.0300000000000151
353000	0.0300000000000151
354000	0.0300000000000151
355000	0.0300000000000151
356000	0.0300000000000151
357000	0.0300000000000151
358000	0.0300000000000151
359000	0.0300000000000151
360000	0.0300000000000151
361000	0.0300000000000151
362000	0.0300000000000151
363000	0.0300000000000151
364000	0.0300000000000151
365000	0.0300000000000151
366000	0.0300000000000151
367000	0.0300000000000151
368000	0.0300000000000151
369000	0.0300000000000151
370000	0.0300000000000151
371000	0.0300000000000151
372000	0.0300000000000151
373000	0.0300000000000151
374000	0.0300000000000151
375000	0.0300000000000151
376000	0.0300000000000151
377000	0.0300000000000151
378000	0.0300000000000151
379000	0.0300000000000151
380000	0.0300000000000151
381000	0.0300000000000151
382000	0.0300000000000151
383000	0.0300000000000151
384000	0.0300000000000151
385000	0.0300000000000151
386000	0.0300000000000151
387000	0.0300000000000151
388000	0.0300000000000151
389000	0.0300000000000151
390000	0.0300000000000151
391000	0.0300000000000151
392000	0.0300000000000151
393000	0.0300000000000151
394000	0.0300000000000151
395000	0.0300000000000151
396000	0.0300000000000151
397000	0.0300000000000151
398000	0.0300000000000151
399000	0.0300000000000151
400000	0.0300000000000151
401000	0.0300000000000151
402000	0.0300000000000151
403000	0.0300000000000151
404000	0.0300000000000151
405000	0.0300000000000151
406000	0.0300000000000151
407000	0.0300000000000151
408000	0.0300000000000151
409000	0.0300000000000151
410000	0.0300000000000151
411000	0.0300000000000151
412000	0.0300000000000151
413000	0.0300000000000151
414000	0.0300000000000151
415000	0.0300000000000151
416000	0.0300000000000151
417000	0.0300000000000151
418000	0.0300000000000151
419000	0.0300000000000151
420000	0.0300000000000151
421000	0.0300000000000151
422000	0.0300000000000151
423000	0.0300000000000151
424000	0.0300000000000151
425000	0.0300000000000151
426000	0.0300000000000151
427000	0.0300000000000151
428000	0.0300000000000151
429000	0.0300000000000151
430000	0.0300000000000151
431000	0.0300000000000151
432000	0.0300000000000151
433000	0.0300000000000151
434000	0.0300000000000151
435000	0.0300000000000151
436000	0.0300000000000151
437000	0.0300000000000151
438000	0.0300000000000151
439000	0.0300000000000151
440000	0.0300000000000151
441000	0.0300000000000151
442000	0.0300000000000151
443000	0.0300000000000151
444000	0.0300000000000151
445000	0.0300000000000151
446000	0.0300000000000151
447000	0.0300000000000151
448000	0.0300000000000151
449000	0.0300000000000151
450000	0.0300000000000151
451000	0.0300000000000151
452000	0.0300000000000151
453000	0.0300000000000151
454000	0.0300000000000151
455000	0.0300000000000151
456000	0.0300000000000151
457000	0.0300000000000151
458000	0.0300000000000151
459000	0.0300000000000151
460000	0.0300000000000151
461000	0.0300000000000151
462000	0.0300000000000151
463000	0.0300000000000151
464000	0.0300000000000151
465000	0.0300000000000151
466000	0.0300000000000151
467000	0.0300000000000151
468000	0.0300000000000151
469000	0.0300000000000151
470000	0.0300000000000151
471000	0.0300000000000151
472000	0.0300000000000151
473000	0.0300000000000151
474000	0.0300000000000151
475000	0.0300000000000151
476000	0.0300000000000151
477000	0.0300000000000151
478000	0.0300000000000151
479000	0.0300000000000151
480000	0.0300000000000151
481000	0.0300000000000151
482000	0.0300000000000151
483000	0.0300000000000151
484000	0.0300000000000151
485000	0.0300000000000151
486000	0.0300000000000151
487000	0.0300000000000151
488000	0.0300000000000151
489000	0.0300000000000151
490000	0.0300000000000151
491000	0.0300000000000151
492000	0.0300000000000151
493000	0.0300000000000151
494000	0.0300000000000151
495000	0.0300000000000151
496000	0.0300000000000151
497000	0.0300000000000151
498000	0.0300000000000151
499000	0.0300000000000151
500000	0.0300000000000151
501000	0.0300000000000151
502000	0.0300000000000151
503000	0.0300000000000151
504000	0.0300000000000151
505000	0.0300000000000151
506000	0.0300000000000151
507000	0.0300000000000151
508000	0.0300000000000151
509000	0.0300000000000151
510000	0.0300000000000151
511000	0.0300000000000151
512000	0.0300000000000151
513000	0.0300000000000151
514000	0.0300000000000151
515000	0.0300000000000151
516000	0.0300000000000151
517000	0.0300000000000151
518000	0.0300000000000151
519000	0.0300000000000151
520000	0.0300000000000151
521000	0.0300000000000151
522000	0.0300000000000151
523000	0.0300000000000151
524000	0.0300000000000151
525000	0.0300000000000151
526000	0.0300000000000151
527000	0.0300000000000151
528000	0.0300000000000151
529000	0.0300000000000151
530000	0.0300000000000151
531000	0.0300000000000151
532000	0.0300000000000151
533000	0.0300000000000151
534000	0.0300000000000151
535000	0.0300000000000151
536000	0.0300000000000151
537000	0.0300000000000151
538000	0.0300000000000151
539000	0.0300000000000151
540000	0.0300000000000151
541000	0.0300000000000151
542000	0.0300000000000151
543000	0.0300000000000151
544000	0.0300000000000151
545000	0.0300000000000151
546000	0.0300000000000151
547000	0.0300000000000151
548000	0.0300000000000151
549000	0.0300000000000151
550000	0.0300000000000151
551000	0.0300000000000151
552000	0.0300000000000151
553000	0.0300000000000151
554000	0.0300000000000151
555000	0.0300000000000151
556000	0.0300000000000151
557000	0.0300000000000151
558000	0.0300000000000151
559000	0.0300000000000151
560000	0.0300000000000151
561000	0.0300000000000151
562000	0.0300000000000151
563000	0.0300000000000151
564000	0.0300000000000151
565000	0.0300000000000151
566000	0.0300000000000151
567000	0.0300000000000151
568000	0.0300000000000151
569000	0.0300000000000151
570000	0.0300000000000151
571000	0.0300000000000151
572000	0.0300000000000151
573000	0.0300000000000151
574000	0.0300000000000151
575000	0.0300000000000151
576000	0.0300000000000151
577000	0.0300000000000151
578000	0.0300000000000151
579000	0.0300000000000151
580000	0.0300000000000151
581000	0.0300000000000151
582000	0.0300000000000151
583000	0.0300000000000151
584000	0.0300000000000151
585000	0.0300000000000151
586000	0.0300000000000151
587000	0.0300000000000151
588000	0.0300000000000151
589000	0.0300000000000151
590000	0.0300000000000151
591000	0.0300000000000151
592000	0.0300000000000151
593000	0.0300000000000151
594000	0.0300000000000151
595000	0.0300000000000151
596000	0.0300000000000151
597000	0.0300000000000151
598000	0.0300000000000151
599000	0.0300000000000151
600000	0.0300000000000151
601000	0.0300000000000151
602000	0.0300000000000151
603000	0.0300000000000151
604000	0.0300000000000151
605000	0.0300000000000151
606000	0.0300000000000151
607000	0.0300000000000151
608000	0.0300000000000151
609000	0.0300000000000151
610000	0.0300000000000151
611000	0.0300000000000151
612000	0.0300000000000151
613000	0.0300000000000151
614000	0.0300000000000151
615000	0.0300000000000151
616000	0.0300000000000151
617000	0.0300000000000151
618000	0.0300000000000151
619000	0.0300000000000151
620000	0.0300000000000151
621000	0.0300000000000151
622000	0.0300000000000151
623000	0.0300000000000151
624000	0.0300000000000151
625000	0.0300000000000151
626000	0.0300000000000151
627000	0.0300000000000151
628000	0.0300000000000151
629000	0.0300000000000151
630000	0.0300000000000151
631000	0.0300000000000151
632000	0.0300000000000151
633000	0.0300000000000151
634000	0.0300000000000151
635000	0.0300000000000151
636000	0.0300000000000151
637000	0.0300000000000151
638000	0.0300000000000151
639000	0.0300000000000151
640000	0.0300000000000151
641000	0.0300000000000151
642000	0.0300000000000151
643000	0.0300000000000151
644000	0.0300000000000151
645000	0.0300000000000151
646000	0.0300000000000151
647000	0.0300000000000151
648000	0.0300000000000151
649000	0.0300000000000151
650000	0.0300000000000151
651000	0.0300000000000151
652000	0.0300000000000151
653000	0.0300000000000151
654000	0.0300000000000151
655000	0.0300000000000151
656000	0.0300000000000151
657000	0.0300000000000151
658000	0.0300000000000151
659000	0.0300000000000151
660000	0.0300000000000151
661000	0.0300000000000151
662000	0.0300000000000151
663000	0.0300000000000151
664000	0.0300000000000151
665000	0.0300000000000151
666000	0.0300000000000151
667000	0.0300000000000151
668000	0.0300000000000151
669000	0.0300000000000151
670000	0.0300000000000151
671000	0.0300000000000151
672000	0.0300000000000151
673000	0.0300000000000151
674000	0.0300000000000151
675000	0.0300000000000151
676000	0.0300000000000151
677000	0.0300000000000151
678000	0.0300000000000151
679000	0.0300000000000151
680000	0.0300000000000151
681000	0.0300000000000151
682000	0.0300000000000151
683000	0.0300000000000151
684000	0.0300000000000151
685000	0.0300000000000151
686000	0.0300000000000151
687000	0.0300000000000151
688000	0.0300000000000151
689000	0.0300000000000151
690000	0.0300000000000151
691000	0.0300000000000151
692000	0.0300000000000151
693000	0.0300000000000151
694000	0.0300000000000151
695000	0.0300000000000151
696000	0.0300000000000151
697000	0.0300000000000151
698000	0.0300000000000151
699000	0.0300000000000151
700000	0.0300000000000151
701000	0.0300000000000151
702000	0.0300000000000151
703000	0.0300000000000151
704000	0.0300000000000151
705000	0.0300000000000151
706000	0.0300000000000151
707000	0.0300000000000151
708000	0.0300000000000151
709000	0.0300000000000151
710000	0.0300000000000151
711000	0.0300000000000151
712000	0.0300000000000151
713000	0.0300000000000151
714000	0.0300000000000151
715000	0.0300000000000151
716000	0.0300000000000151
717000	0.0300000000000151
718000	0.0300000000000151
719000	0.0300000000000151
720000	0.0300000000000151
721000	0.0300000000000151
722000	0.0300000000000151
723000	0.0300000000000151
724000	0.0300000000000151
725000	0.0300000000000151
726000	0.0300000000000151
727000	0.0300000000000151
728000	0.0300000000000151
729000	0.0300000000000151
730000	0.0300000000000151
731000	0.0300000000000151
732000	0.0300000000000151
733000	0.0300000000000151
734000	0.0300000000000151
735000	0.0300000000000151
736000	0.0300000000000151
737000	0.0300000000000151
738000	0.0300000000000151
739000	0.0300000000000151
740000	0.0300000000000151
741000	0.0300000000000151
742000	0.0300000000000151
743000	0.0300000000000151
744000	0.0300000000000151
745000	0.0300000000000151
746000	0.0300000000000151
747000	0.0300000000000151
748000	0.0300000000000151
749000	0.0300000000000151
750000	0.0300000000000151
751000	0.0300000000000151
752000	0.0300000000000151
753000	0.0300000000000151
754000	0.0300000000000151
755000	0.0300000000000151
756000	0.0300000000000151
757000	0.0300000000000151
758000	0.0300000000000151
759000	0.0300000000000151
760000	0.0300000000000151
761000	0.0300000000000151
762000	0.0300000000000151
763000	0.0300000000000151
764000	0.0300000000000151
765000	0.0300000000000151
766000	0.0300000000000151
767000	0.0300000000000151
768000	0.0300000000000151
769000	0.0300000000000151
770000	0.0300000000000151
771000	0.0300000000000151
772000	0.0300000000000151
773000	0.0300000000000151
774000	0.0300000000000151
775000	0.0300000000000151
776000	0.0300000000000151
777000	0.0300000000000151
778000	0.0300000000000151
779000	0.0300000000000151
780000	0.0300000000000151
781000	0.0300000000000151
782000	0.0300000000000151
783000	0.0300000000000151
784000	0.0300000000000151
785000	0.0300000000000151
786000	0.0300000000000151
787000	0.0300000000000151
788000	0.0300000000000151
789000	0.0300000000000151
790000	0.0300000000000151
791000	0.0300000000000151
792000	0.0300000000000151
793000	0.0300000000000151
794000	0.0300000000000151
795000	0.0300000000000151
796000	0.0300000000000151
797000	0.0300000000000151
798000	0.0300000000000151
799000	0.0300000000000151
800000	0.0300000000000151
801000	0.0300000000000151
802000	0.0300000000000151
803000	0.0300000000000151
804000	0.0300000000000151
805000	0.0300000000000151
806000	0.0300000000000151
807000	0.0300000000000151
808000	0.0300000000000151
809000	0.0300000000000151
810000	0.0300000000000151
811000	0.0300000000000151
812000	0.0300000000000151
813000	0.0300000000000151
814000	0.0300000000000151
815000	0.0300000000000151
816000	0.0300000000000151
817000	0.0300000000000151
818000	0.0300000000000151
819000	0.0300000000000151
820000	0.0300000000000151
821000	0.0300000000000151
822000	0.0300000000000151
823000	0.0300000000000151
824000	0.0300000000000151
825000	0.0300000000000151
826000	0.0300000000000151
827000	0.0300000000000151
828000	0.0300000000000151
829000	0.0300000000000151
830000	0.0300000000000151
831000	0.0300000000000151
832000	0.0300000000000151
833000	0.0300000000000151
834000	0.0300000000000151
835000	0.0300000000000151
836000	0.0300000000000151
837000	0.0300000000000151
838000	0.0300000000000151
839000	0.0300000000000151
840000	0.0300000000000151
841000	0.0300000000000151
842000	0.0300000000000151
843000	0.0300000000000151
844000	0.0300000000000151
845000	0.0300000000000151
846000	0.0300000000000151
847000	0.0300000000000151
848000	0.0300000000000151
849000	0.0300000000000151
850000	0.0300000000000151
851000	0.0300000000000151
852000	0.0300000000000151
853000	0.0300000000000151
854000	0.0300000000000151
855000	0.0300000000000151
856000	0.0300000000000151
857000	0.0300000000000151
858000	0.0300000000000151
859000	0.0300000000000151
860000	0.0300000000000151
861000	0.0300000000000151
862000	0.0300000000000151
863000	0.0300000000000151
864000	0.0300000000000151
865000	0.0300000000000151
866000	0.0300000000000151
867000	0.0300000000000151
868000	0.0300000000000151
869000	0.0300000000000151
870000	0.0300000000000151
871000	0.0300000000000151
872000	0.0300000000000151
873000	0.0300000000000151
874000	0.0300000000000151
875000	0.0300000000000151
876000	0.0300000000000151
877000	0.0300000000000151
878000	0.0300000000000151
879000	0.0300000000000151
880000	0.0300000000000151
881000	0.0300000000000151
882000	0.0300000000000151
883000	0.0300000000000151
884000	0.0300000000000151
885000	0.0300000000000151
886000	0.0300000000000151
887000	0.0300000000000151
888000	0.0300000000000151
889000	0.0300000000000151
890000	0.0300000000000151
891000	0.0300000000000151
892000	0.0300000000000151
893000	0.0300000000000151
894000	0.0300000000000151
895000	0.0300000000000151
896000	0.0300000000000151
897000	0.0300000000000151
898000	0.0300000000000151
899000	0.0300000000000151
900000	0.0300000000000151
901000	0.0300000000000151
902000	0.0300000000000151
903000	0.0300000000000151
904000	0.0300000000000151
905000	0.0300000000000151
906000	0.0300000000000151
907000	0.0300000000000151
908000	0.0300000000000151
909000	0.0300000000000151
910000	0.0300000000000151
911000	0.0300000000000151
912000	0.0300000000000151
913000	0.0300000000000151
914000	0.0300000000000151
915000	0.0300000000000151
916000	0.0300000000000151
917000	0.0300000000000151
918000	0.0300000000000151
919000	0.0300000000000151
920000	0.0300000000000151
921000	0.0300000000000151
922000	0.0300000000000151
923000	0.0300000000000151
924000	0.0300000000000151
925000	0.0300000000000151
926000	0.0300000000000151
927000	0.0300000000000151
928000	0.0300000000000151
929000	0.0300000000000151
930000	0.0300000000000151
931000	0.0300000000000151
932000	0.0300000000000151
933000	0.0300000000000151
934000	0.0300000000000151
935000	0.0300000000000151
936000	0.0300000000000151
937000	0.0300000000000151
938000	0.0300000000000151
939000	0.0300000000000151
940000	0.0300000000000151
941000	0.0300000000000151
942000	0.0300000000000151
943000	0.0300000000000151
944000	0.0300000000000151
945000	0.0300000000000151
946000	0.0300000000000151
947000	0.0300000000000151
948000	0.0300000000000151
949000	0.0300000000000151
950000	0.0300000000000151
951000	0.0300000000000151
952000	0.0300000000000151
953000	0.0300000000000151
954000	0.0300000000000151
955000	0.0300000000000151
956000	0.0300000000000151
957000	0.0300000000000151
958000	0.0300000000000151
959000	0.0300000000000151
960000	0.0300000000000151
961000	0.0300000000000151
962000	0.0300000000000151
963000	0.0300000000000151
964000	0.0300000000000151
965000	0.0300000000000151
966000	0.0300000000000151
967000	0.0300000000000151
968000	0.0300000000000151
969000	0.0300000000000151
970000	0.0300000000000151
971000	0.0300000000000151
972000	0.0300000000000151
973000	0.0300000000000151
974000	0.0300000000000151
975000	0.0300000000000151
976000	0.0300000000000151
977000	0.0300000000000151
978000	0.0300000000000151
979000	0.0300000000000151
980000	0.0300000000000151
981000	0.0300000000000151
982000	0.0300000000000151
983000	0.0300000000000151
984000	0.0300000000000151
985000	0.0300000000000151
986000	0.0300000000000151
987000	0.0300000000000151
988000	0.0300000000000151
989000	0.0300000000000151
990000	0.0300000000000151
991000	0.0300000000000151
992000	0.0300000000000151
993000	0.0300000000000151
994000	0.0300000000000151
995000	0.0300000000000151
996000	0.0300000000000151
997000	0.0300000000000151
998000	0.0300000000000151
999000	0.0300000000000151
