0	0.0400000000000003
1000	0.0400000000002994
2000	0.0400000000005475
3000	0.040000000000753
4000	0.0400000000009235
5000	0.0400000000010649
6000	0.0400000000011819
7000	0.0400000000012789
8000	0.0400000000013596
9000	0.0400000000014261
10000	0.0400000000014813
11000	0.040000000001527
12000	0.0400000000015649
13000	0.0400000000015963
14000	0.0400000000016232
15000	0.040000000001644
16000	0.0400000000016623
17000	0.0400000000016762
18000	0.0400000000016901
19000	0.0400000000016992
20000	0.0400000000017061
21000	0.040000000001713
22000	0.04000000000172
23000	0.0400000000017269
24000	0.0400000000017314
25000	0.0400000000017314
26000	0.0400000000017314
27000	0.0400000000017314
28000	0.0400000000017314
29000	0.0400000000017314
30000	0.0400000000017314
31000	0.0400000000017314
32000	0.0400000000017314
33000	0.0400000000017314
34000	0.0400000000017314
35000	0.0400000000017314
36000	0.0400000000017314
37000	0.0400000000017314
38000	0.0400000000017314
39000	0.0400000000017314
40000	0.0400000000017314
41000	0.0400000000017314
42000	0.0400000000017314
43000	0.0400000000017314
44000	0.0400000000017314
45000	0.0400000000017314
46000	0.0400000000017314
47000	0.0400000000017314
48000	0.0400000000017314
49000	0.0400000000017314
50000	0.0400000000017314
51000	0.0400000000017314
52000	0.0400000000017314
53000	0.0400000000017314
54000	0.0400000000017314
55000	0.0400000000017314
56000	0.0400000000017314
57000	0.0400000000017314
58000	0.0400000000017314
59000	0.0400000000017314
60000	0.0400000000017314
61000	0.0400000000017314
62000	0.0400000000017314
63000	0.0400000000017314
64000	0.0400000000017314
65000	0.0400000000017314
66000	0.0400000000017314
67000	0.0400000000017314
68000	0.0400000000017314
69000	0.0400000000017314
70000	0.0400000000017314
71000	0.0400000000017314
72000	0.0400000000017314
73000	0.0400000000017314
74000	0.0400000000017314
75000	0.0400000000017314
76000	0.0400000000017314
77000	0.0400000000017314
78000	0.0400000000017314
79000	0.0400000000017314
80000	0.0400000000017314
81000	0.0400000000017314
82000	0.0400000000017314
83000	0.0400000000017314
84000	0.0400000000017314
85000	0.0400000000017314
86000	0.0400000000017314
87000	0.0400000000017314
88000	0.0400000000017314
89000	0.0400000000017314
90000	0.0400000000017314
91000	0.0400000000017314
92000	0.0400000000017314
93000	0.0400000000017314
94000	0.0400000000017314
95000	0.0400000000017314
96000	0.0400000000017314
97000	0.0400000000017314
98000	0.0400000000017314
99000	0.0400000000017314
100000	0.0400000000017314
101000	0.0400000000017314
102000	0.0400000000017314
103000	0.0400000000017314
104000	0.0400000000017314
105000	0.0400000000017314
106000	0.0400000000017314
107000	0.0400000000017314
108000	0.0400000000017314
109000	0.0400000000017314
110000	0.0400000000017314
111000	0.0400000000017314
112000	0.0400000000017314
113000	0.0400000000017314
114000	0.0400000000017314
115000	0.0400000000017314
116000	0.0400000000017314
117000	0.0400000000017314
118000	0.0400000000017314
119000	0.0400000000017314
120000	0.0400000000017314
121000	0.0400000000017314
122000	0.0400000000017314
123000	0.0400000000017314
124000	0.0400000000017314
125000	0.0400000000017314
126000	0.0400000000017314
127000	0.0400000000017314
128000	0.0400000000017314
129000	0.0400000000017314
130000	0.0400000000017314
131000	0.0400000000017314
132000	0.0400000000017314
133000	0.0400000000017314
134000	0.0400000000017314
135000	0.0400000000017314
136000	0.0400000000017314
137000	0.0400000000017314
138000	0.0400000000017314
139000	0.0400000000017314
140000	0.0400000000017314
141000	0.0400000000017314
142000	0.0400000000017314
143000	0.0400000000017314
144000	0.0400000000017314
145000	0.0400000000017314
146000	0.0400000000017314
147000	0.0400000000017314
148000	0.0400000000017314
149000	0.0400000000017314
150000	0.0400000000017314
151000	0.0400000000017314
152000	0.0400000000017314
153000	0.0400000000017314
154000	0.0400000000017314
155000	0.0400000000017314
156000	0.0400000000017314
157000	0.0400000000017314
158000	0.0400000000017314
159000	0.0400000000017314
160000	0.0400000000017314
161000	0.0400000000017314
162000	0.0400000000017314
163000	0.0400000000017314
164000	0.0400000000017314
165000	0.0400000000017314
166000	0.0400000000017314
167000	0.0400000000017314
168000	0.0400000000017314
169000	0.0400000000017314
170000	0.0400000000017314
171000	0.0400000000017314
172000	0.0400000000017314
173000	0.0400000000017314
174000	0.0400000000017314
175000	0.0400000000017314
176000	0.0400000000017314
177000	0.0400000000017314
178000	0.0400000000017314
179000	0.0400000000017314
180000	0.0400000000017314
181000	0.0400000000017314
182000	0.0400000000017314
183000	0.0400000000017314
184000	0.0400000000017314
185000	0.0400000000017314
186000	0.0400000000017314
187000	0.0400000000017314
188000	0.0400000000017314
189000	0.0400000000017314
190000	0.0400000000017314
191000	0.0400000000017314
192000	0.0400000000017314
193000	0.0400000000017314
194000	0.0400000000017314
195000	0.0400000000017314
196000	0.0400000000017314
197000	0.0400000000017314
198000	0.0400000000017314
199000	0.0400000000017314
200000	0.0400000000017314
201000	0.0400000000017314
202000	0.0400000000017314
203000	0.0400000000017314
204000	0.0400000000017314
205000	0.0400000000017314
206000	0.0400000000017314
207000	0.0400000000017314
208000	0.0400000000017314
209000	0.0400000000017314
210000	0.0400000000017314
211000	0.0400000000017314
212000	0.0400000000017314
213000	0.0400000000017314
214000	0.0400000000017314
215000	0.0400000000017314
216000	0.0400000000017314
217000	0.0400000000017314
218000	0.0400000000017314
219000	0.0400000000017314
220000	0.0400000000017314
221000	0.0400000000017314
222000	0.0400000000017314
223000	0.0400000000017314
224000	0.0400000000017314
225000	0.0400000000017314
226000	0.0400000000017314
227000	0.0400000000017314
228000	0.0400000000017314
229000	0.0400000000017314
230000	0.0400000000017314
231000	0.0400000000017314
232000	0.0400000000017314
233000	0.0400000000017314
234000	0.0400000000017314
235000	0.0400000000017314
236000	0.0400000000017314
237000	0.0400000000017314
238000	0.0400000000017314
239000	0.0400000000017314
240000	0.0400000000017314
241000	0.0400000000017314
242000	0.0400000000017314
243000	0.0400000000017314
244000	0.0400000000017314
245000	0.0400000000017314
246000	0.0400000000017314
247000	0.0400000000017314
248000	0.0400000000017314
249000	0.0400000000017314
250000	0.0400000000017314
251000	0.0400000000017314
252000	0.0400000000017314
253000	0.0400000000017314
254000	0.0400000000017314
255000	0.0400000000017314
256000	0.0400000000017314
257000	0.0400000000017314
258000	0.0400000000017314
259000	0.0400000000017314
260000	0.0400000000017314
261000	0.0400000000017314
262000	0.0400000000017314
263000	0.0400000000017314
264000	0.0400000000017314
265000	0.0400000000017314
266000	0.0400000000017314
267000	0.0400000000017314
268000	0.0400000000017314
269000	0.0400000000017314
270000	0.0400000000017314
271000	0.0400000000017314
272000	0.0400000000017314
273000	0.0400000000017314
274000	0.0400000000017314
275000	0.0400000000017314
276000	0.0400000000017314
277000	0.0400000000017314
278000	0.0400000000017314
279000	0.0400000000017314
280000	0.0400000000017314
281000	0.0400000000017314
282000	0.0400000000017314
283000	0.0400000000017314
284000	0.0400000000017314
285000	0.0400000000017314
286000	0.0400000000017314
287000	0.0400000000017314
288000	0.0400000000017314
289000	0.0400000000017314
290000	0.0400000000017314
291000	0.0400000000017314
292000	0.0400000000017314
293000	0.0400000000017314
294000	0.0400000000017314
295000	0.0400000000017314
296000	0.0400000000017314
297000	0.0400000000017314
298000	0.0400000000017314
299000	0.0400000000017314
300000	0.0400000000017314
301000	0.0400000000017314
302000	0.0400000000017314
303000	0.0400000000017314
304000	0.0400000000017314
305000	0.0400000000017314
306000	0.0400000000017314
307000	0.0400000000017314
308000	0.0400000000017314
309000	0.0400000000017314
310000	0.0400000000017314
311000	0.0400000000017314
312000	0.0400000000017314
313000	0.0400000000017314
314000	0.0400000000017314
315000	0.0400000000017314
316000	0.0400000000017314
317000	0.0400000000017314
318000	0.0400000000017314
319000	0.0400000000017314
320000	0.0400000000017314
321000	0.0400000000017314
322000	0.0400000000017314
323000	0.0400000000017314
324000	0.0400000000017314
325000	0.0400000000017314
326000	0.0400000000017314
327000	0.0400000000017314
328000	0.0400000000017314
329000	0.0400000000017314
330000	0.0400000000017314
331000	0.0400000000017314
332000	0.0400000000017314
333000	0.0400000000017314
334000	0.0400000000017314
335000	0.0400000000017314
336000	0.0400000000017314
337000	0.0400000000017314
338000	0.0400000000017314
339000	0.0400000000017314
340000	0.0400000000017314
341000	0.0400000000017314
342000	0.0400000000017314
343000	0.0400000000017314
344000	0.0400000000017314
345000	0.0400000000017314
346000	0.0400000000017314
347000	0.0400000000017314
348000	0.0400000000017314
349000	0.0400000000017314
350000	0.0400000000017314
351000	0.0400000000017314
352000	0.0400000000017314
353000	0.0400000000017314
354000	0.0400000000017314
355000	0.0400000000017314
356000	0.0400000000017314
357000	0.0400000000017314
358000	0.0400000000017314
359000	0.0400000000017314
360000	0.0400000000017314
361000	0.0400000000017314
362000	0.0400000000017314
363000	0.0400000000017314
364000	0.0400000000017314
365000	0.0400000000017314
366000	0.0400000000017314
367000	0.0400000000017314
368000	0.0400000000017314
369000	0.0400000000017314
370000	0.0400000000017314
371000	0.0400000000017314
372000	0.0400000000017314
373000	0.0400000000017314
374000	0.0400000000017314
375000	0.0400000000017314
376000	0.0400000000017314
377000	0.0400000000017314
378000	0.0400000000017314
379000	0.0400000000017314
380000	0.0400000000017314
381000	0.0400000000017314
382000	0.0400000000017314
383000	0.0400000000017314
384000	0.0400000000017314
385000	0.0400000000017314
386000	0.0400000000017314
387000	0.0400000000017314
388000	0.0400000000017314
389000	0.0400000000017314
390000	0.0400000000017314
391000	0.0400000000017314
392000	0.0400000000017314
393000	0.0400000000017314
394000	0.0400000000017314
395000	0.0400000000017314
396000	0.0400000000017314
397000	0.0400000000017314
398000	0.0400000000017314
399000	0.0400000000017314
400000	0.0400000000017314
401000	0.0400000000017314
402000	0.0400000000017314
403000	0.0400000000017314
404000	0.0400000000017314
405000	0.0400000000017314
406000	0.0400000000017314
407000	0.0400000000017314
408000	0.0400000000017314
409000	0.0400000000017314
410000	0.0400000000017314
411000	0.0400000000017314
412000	0.0400000000017314
413000	0.0400000000017314
414000	0.0400000000017314
415000	0.0400000000017314
416000	0.0400000000017314
417000	0.0400000000017314
418000	0.0400000000017314
419000	0.0400000000017314
420000	0.0400000000017314
421000	0.0400000000017314
422000	0.0400000000017314
423000	0.0400000000017314
424000	0.0400000000017314
425000	0.0400000000017314
426000	0.0400000000017314
427000	0.0400000000017314
428000	0.0400000000017314
429000	0.0400000000017314
430000	0.0400000000017314
431000	0.0400000000017314
432000	0.0400000000017314
433000	0.0400000000017314
434000	0.0400000000017314
435000	0.0400000000017314
436000	0.0400000000017314
437000	0.0400000000017314
438000	0.0400000000017314
439000	0.0400000000017314
440000	0.0400000000017314
441000	0.0400000000017314
442000	0.0400000000017314
443000	0.0400000000017314
444000	0.0400000000017314
445000	0.0400000000017314
446000	0.0400000000017314
447000	0.0400000000017314
448000	0.0400000000017314
449000	0.0400000000017314
450000	0.0400000000017314
451000	0.0400000000017314
452000	0.0400000000017314
453000	0.0400000000017314
454000	0.0400000000017314
455000	0.0400000000017314
456000	0.0400000000017314
457000	0.0400000000017314
458000	0.0400000000017314
459000	0.0400000000017314
460000	0.0400000000017314
461000	0.0400000000017314
462000	0.0400000000017314
463000	0.0400000000017314
464000	0.0400000000017314
465000	0.0400000000017314
466000	0.0400000000017314
467000	0.0400000000017314
468000	0.0400000000017314
469000	0.0400000000017314
470000	0.0400000000017314
471000	0.0400000000017314
472000	0.0400000000017314
473000	0.0400000000017314
474000	0.0400000000017314
475000	0.0400000000017314
476000	0.0400000000017314
477000	0.0400000000017314
478000	0.0400000000017314
479000	0.0400000000017314
480000	0.0400000000017314
481000	0.0400000000017314
482000	0.0400000000017314
483000	0.0400000000017314
484000	0.0400000000017314
485000	0.0400000000017314
486000	0.0400000000017314
487000	0.0400000000017314
488000	0.0400000000017314
489000	0.0400000000017314
490000	0.0400000000017314
491000	0.0400000000017314
492000	0.0400000000017314
493000	0.0400000000017314
494000	0.0400000000017314
495000	0.0400000000017314
496000	0.0400000000017314
497000	0.0400000000017314
498000	0.0400000000017314
499000	0.0400000000017314
500000	0.0400000000017314
501000	0.0400000000017314
502000	0.0400000000017314
503000	0.0400000000017314
504000	0.0400000000017314
505000	0.0400000000017314
506000	0.0400000000017314
507000	0.0400000000017314
508000	0.0400000000017314
509000	0.0400000000017314
510000	0.0400000000017314
511000	0.0400000000017314
512000	0.0400000000017314
513000	0.0400000000017314
514000	0.0400000000017314
515000	0.0400000000017314
516000	0.0400000000017314
517000	0.0400000000017314
518000	0.0400000000017314
519000	0.0400000000017314
520000	0.0400000000017314
521000	0.0400000000017314
522000	0.0400000000017314
523000	0.0400000000017314
524000	0.0400000000017314
525000	0.0400000000017314
526000	0.0400000000017314
527000	0.0400000000017314
528000	0.0400000000017314
529000	0.0400000000017314
530000	0.0400000000017314
531000	0.0400000000017314
532000	0.0400000000017314
533000	0.0400000000017314
534000	0.0400000000017314
535000	0.0400000000017314
536000	0.0400000000017314
537000	0.0400000000017314
538000	0.0400000000017314
539000	0.0400000000017314
540000	0.0400000000017314
541000	0.0400000000017314
542000	0.0400000000017314
543000	0.0400000000017314
544000	0.0400000000017314
545000	0.0400000000017314
546000	0.0400000000017314
547000	0.0400000000017314
548000	0.0400000000017314
549000	0.0400000000017314
550000	0.0400000000017314
551000	0.0400000000017314
552000	0.0400000000017314
553000	0.0400000000017314
554000	0.0400000000017314
555000	0.0400000000017314
556000	0.0400000000017314
557000	0.0400000000017314
558000	0.0400000000017314
559000	0.0400000000017314
560000	0.0400000000017314
561000	0.0400000000017314
562000	0.0400000000017314
563000	0.0400000000017314
564000	0.0400000000017314
565000	0.0400000000017314
566000	0.0400000000017314
567000	0.0400000000017314
568000	0.0400000000017314
569000	0.0400000000017314
570000	0.0400000000017314
571000	0.0400000000017314
572000	0.0400000000017314
573000	0.0400000000017314
574000	0.0400000000017314
575000	0.0400000000017314
576000	0.0400000000017314
577000	0.0400000000017314
578000	0.0400000000017314
579000	0.0400000000017314
580000	0.0400000000017314
581000	0.0400000000017314
582000	0.0400000000017314
583000	0.0400000000017314
584000	0.0400000000017314
585000	0.0400000000017314
586000	0.0400000000017314
587000	0.0400000000017314
588000	0.0400000000017314
589000	0.0400000000017314
590000	0.0400000000017314
591000	0.0400000000017314
592000	0.0400000000017314
593000	0.0400000000017314
594000	0.0400000000017314
595000	0.0400000000017314
596000	0.0400000000017314
597000	0.0400000000017314
598000	0.0400000000017314
599000	0.0400000000017314
600000	0.0400000000017314
601000	0.0400000000017314
602000	0.0400000000017314
603000	0.0400000000017314
604000	0.0400000000017314
605000	0.0400000000017314
606000	0.0400000000017314
607000	0.0400000000017314
608000	0.0400000000017314
609000	0.0400000000017314
610000	0.0400000000017314
611000	0.0400000000017314
612000	0.0400000000017314
613000	0.0400000000017314
614000	0.0400000000017314
615000	0.0400000000017314
616000	0.0400000000017314
617000	0.0400000000017314
618000	0.0400000000017314
619000	0.0400000000017314
620000	0.0400000000017314
621000	0.0400000000017314
622000	0.0400000000017314
623000	0.0400000000017314
624000	0.0400000000017314
625000	0.0400000000017314
626000	0.0400000000017314
627000	0.0400000000017314
628000	0.0400000000017314
629000	0.0400000000017314
630000	0.0400000000017314
631000	0.0400000000017314
632000	0.0400000000017314
633000	0.0400000000017314
634000	0.0400000000017314
635000	0.0400000000017314
636000	0.0400000000017314
637000	0.0400000000017314
638000	0.0400000000017314
639000	0.0400000000017314
640000	0.0400000000017314
641000	0.0400000000017314
642000	0.0400000000017314
643000	0.0400000000017314
644000	0.0400000000017314
645000	0.0400000000017314
646000	0.0400000000017314
647000	0.0400000000017314
648000	0.0400000000017314
649000	0.0400000000017314
650000	0.0400000000017314
651000	0.0400000000017314
652000	0.0400000000017314
653000	0.0400000000017314
654000	0.0400000000017314
655000	0.0400000000017314
656000	0.0400000000017314
657000	0.0400000000017314
658000	0.0400000000017314
659000	0.0400000000017314
660000	0.0400000000017314
661000	0.0400000000017314
662000	0.0400000000017314
663000	0.0400000000017314
664000	0.0400000000017314
665000	0.0400000000017314
666000	0.0400000000017314
667000	0.0400000000017314
668000	0.0400000000017314
669000	0.0400000000017314
670000	0.0400000000017314
671000	0.0400000000017314
672000	0.0400000000017314
673000	0.0400000000017314
674000	0.0400000000017314
675000	0.0400000000017314
676000	0.0400000000017314
677000	0.0400000000017314
678000	0.0400000000017314
679000	0.0400000000017314
680000	0.0400000000017314
681000	0.0400000000017314
682000	0.0400000000017314
683000	0.0400000000017314
684000	0.0400000000017314
685000	0.0400000000017314
686000	0.0400000000017314
687000	0.0400000000017314
688000	0.0400000000017314
689000	0.0400000000017314
690000	0.0400000000017314
691000	0.0400000000017314
692000	0.0400000000017314
693000	0.0400000000017314
694000	0.0400000000017314
695000	0.0400000000017314
696000	0.0400000000017314
697000	0.0400000000017314
698000	0.0400000000017314
699000	0.0400000000017314
700000	0.0400000000017314
701000	0.0400000000017314
702000	0.0400000000017314
703000	0.0400000000017314
704000	0.0400000000017314
705000	0.0400000000017314
706000	0.0400000000017314
707000	0.0400000000017314
708000	0.0400000000017314
709000	0.0400000000017314
710000	0.0400000000017314
711000	0.0400000000017314
712000	0.0400000000017314
713000	0.0400000000017314
714000	0.0400000000017314
715000	0.0400000000017314
716000	0.0400000000017314
717000	0.0400000000017314
718000	0.0400000000017314
719000	0.0400000000017314
720000	0.0400000000017314
721000	0.0400000000017314
722000	0.0400000000017314
723000	0.0400000000017314
724000	0.0400000000017314
725000	0.0400000000017314
726000	0.0400000000017314
727000	0.0400000000017314
728000	0.0400000000017314
729000	0.0400000000017314
730000	0.0400000000017314
731000	0.0400000000017314
732000	0.0400000000017314
733000	0.0400000000017314
734000	0.0400000000017314
735000	0.0400000000017314
736000	0.0400000000017314
737000	0.0400000000017314
738000	0.0400000000017314
739000	0.0400000000017314
740000	0.0400000000017314
741000	0.0400000000017314
742000	0.0400000000017314
743000	0.0400000000017314
744000	0.0400000000017314
745000	0.0400000000017314
746000	0.0400000000017314
747000	0.0400000000017314
748000	0.0400000000017314
749000	0.0400000000017314
750000	0.0400000000017314
751000	0.0400000000017314
752000	0.0400000000017314
753000	0.0400000000017314
754000	0.0400000000017314
755000	0.0400000000017314
756000	0.0400000000017314
757000	0.0400000000017314
758000	0.0400000000017314
759000	0.0400000000017314
760000	0.0400000000017314
761000	0.0400000000017314
762000	0.0400000000017314
763000	0.0400000000017314
764000	0.0400000000017314
765000	0.0400000000017314
766000	0.0400000000017314
767000	0.0400000000017314
768000	0.0400000000017314
769000	0.0400000000017314
770000	0.0400000000017314
771000	0.0400000000017314
772000	0.0400000000017314
773000	0.0400000000017314
774000	0.0400000000017314
775000	0.0400000000017314
776000	0.0400000000017314
777000	0.0400000000017314
778000	0.0400000000017314
779000	0.0400000000017314
780000	0.0400000000017314
781000	0.0400000000017314
782000	0.0400000000017314
783000	0.0400000000017314
784000	0.0400000000017314
785000	0.0400000000017314
786000	0.0400000000017314
787000	0.0400000000017314
788000	0.0400000000017314
789000	0.0400000000017314
790000	0.0400000000017314
791000	0.0400000000017314
792000	0.0400000000017314
793000	0.0400000000017314
794000	0.0400000000017314
795000	0.0400000000017314
796000	0.0400000000017314
797000	0.0400000000017314
798000	0.0400000000017314
799000	0.0400000000017314
800000	0.0400000000017314
801000	0.0400000000017314
802000	0.0400000000017314
803000	0.0400000000017314
804000	0.0400000000017314
805000	0.0400000000017314
806000	0.0400000000017314
807000	0.0400000000017314
808000	0.0400000000017314
809000	0.0400000000017314
810000	0.0400000000017314
811000	0.0400000000017314
812000	0.0400000000017314
813000	0.0400000000017314
814000	0.0400000000017314
815000	0.0400000000017314
816000	0.0400000000017314
817000	0.0400000000017314
818000	0.0400000000017314
819000	0.0400000000017314
820000	0.0400000000017314
821000	0.0400000000017314
822000	0.0400000000017314
823000	0.0400000000017314
824000	0.0400000000017314
825000	0.0400000000017314
826000	0.0400000000017314
827000	0.0400000000017314
828000	0.0400000000017314
829000	0.0400000000017314
830000	0.0400000000017314
831000	0.0400000000017314
832000	0.0400000000017314
833000	0.0400000000017314
834000	0.0400000000017314
835000	0.0400000000017314
836000	0.0400000000017314
837000	0.0400000000017314
838000	0.0400000000017314
839000	0.0400000000017314
840000	0.0400000000017314
841000	0.0400000000017314
842000	0.0400000000017314
843000	0.0400000000017314
844000	0.0400000000017314
845000	0.0400000000017314
846000	0.0400000000017314
847000	0.0400000000017314
848000	0.0400000000017314
849000	0.0400000000017314
850000	0.0400000000017314
851000	0.0400000000017314
852000	0.0400000000017314
853000	0.0400000000017314
854000	0.0400000000017314
855000	0.0400000000017314
856000	0.0400000000017314
857000	0.0400000000017314
858000	0.0400000000017314
859000	0.0400000000017314
860000	0.0400000000017314
861000	0.0400000000017314
862000	0.0400000000017314
863000	0.0400000000017314
864000	0.0400000000017314
865000	0.0400000000017314
866000	0.0400000000017314
867000	0.0400000000017314
868000	0.0400000000017314
869000	0.0400000000017314
870000	0.0400000000017314
871000	0.0400000000017314
872000	0.0400000000017314
873000	0.0400000000017314
874000	0.0400000000017314
875000	0.0400000000017314
876000	0.0400000000017314
877000	0.0400000000017314
878000	0.0400000000017314
879000	0.0400000000017314
880000	0.0400000000017314
881000	0.0400000000017314
882000	0.0400000000017314
883000	0.0400000000017314
884000	0.0400000000017314
885000	0.0400000000017314
886000	0.0400000000017314
887000	0.0400000000017314
888000	0.0400000000017314
889000	0.0400000000017314
890000	0.0400000000017314
891000	0.0400000000017314
892000	0.0400000000017314
893000	0.0400000000017314
894000	0.0400000000017314
895000	0.0400000000017314
896000	0.0400000000017314
897000	0.0400000000017314
898000	0.0400000000017314
899000	0.0400000000017314
900000	0.0400000000017314
901000	0.0400000000017314
902000	0.0400000000017314
903000	0.0400000000017314
904000	0.0400000000017314
905000	0.0400000000017314
906000	0.0400000000017314
907000	0.0400000000017314
908000	0.0400000000017314
909000	0.0400000000017314
910000	0.0400000000017314
911000	0.0400000000017314
912000	0.0400000000017314
913000	0.0400000000017314
914000	0.0400000000017314
915000	0.0400000000017314
916000	0.0400000000017314
917000	0.0400000000017314
918000	0.0400000000017314
919000	0.0400000000017314
920000	0.0400000000017314
921000	0.0400000000017314
922000	0.0400000000017314
923000	0.0400000000017314
924000	0.0400000000017314
925000	0.0400000000017314
926000	0.0400000000017314
927000	0.0400000000017314
928000	0.0400000000017314
929000	0.0400000000017314
930000	0.0400000000017314
931000	0.0400000000017314
932000	0.0400000000017314
933000	0.0400000000017314
934000	0.0400000000017314
935000	0.0400000000017314
936000	0.0400000000017314
937000	0.0400000000017314
938000	0.0400000000017314
939000	0.0400000000017314
940000	0.0400000000017314
941000	0.0400000000017314
942000	0.0400000000017314
943000	0.0400000000017314
944000	0.0400000000017314
945000	0.0400000000017314
946000	0.0400000000017314
947000	0.0400000000017314
948000	0.0400000000017314
949000	0.0400000000017314
950000	0.0400000000017314
951000	0.0400000000017314
952000	0.0400000000017314
953000	0.0400000000017314
954000	0.0400000000017314
955000	0.0400000000017314
956000	0.0400000000017314
957000	0.0400000000017314
958000	0.0400000000017314
959000	0.0400000000017314
960000	0.0400000000017314
961000	0.0400000000017314
962000	0.0400000000017314
963000	0.0400000000017314
964000	0.0400000000017314
965000	0.0400000000017314
966000	0.0400000000017314
967000	0.0400000000017314
968000	0.0400000000017314
969000	0.0400000000017314
970000	0.0400000000017314
971000	0.0400000000017314
972000	0.0400000000017314
973000	0.0400000000017314
974000	0.0400000000017314
975000	0.0400000000017314
976000	0.0400000000017314
977000	0.0400000000017314
978000	0.0400000000017314
979000	0.0400000000017314
980000	0.0400000000017314
981000	0.0400000000017314
982000	0.0400000000017314
983000	0.0400000000017314
984000	0.0400000000017314
985000	0.0400000000017314
986000	0.0400000000017314
987000	0.0400000000017314
988000	0.0400000000017314
989000	0.0400000000017314
990000	0.0400000000017314
991000	0.0400000000017314
992000	0.0400000000017314
993000	0.0400000000017314
994000	0.0400000000017314
995000	0.0400000000017314
996000	0.0400000000017314
997000	0.0400000000017314
998000	0.0400000000017314
999000	0.0400000000017314
