0	0.0500000000000084
1000	0.0500000000076479
2000	0.0500000000139813
3000	0.0500000000192316
4000	0.0500000000235843
5000	0.0500000000271928
6000	0.0500000000301842
7000	0.0500000000326641
8000	0.05000000003472
9000	0.0500000000364244
10000	0.0500000000378374
11000	0.0500000000390087
12000	0.0500000000399798
13000	0.0500000000407848
14000	0.0500000000414522
15000	0.0500000000420055
16000	0.0500000000424641
17000	0.0500000000428443
18000	0.0500000000431596
19000	0.0500000000434209
20000	0.0500000000436376
21000	0.0500000000438172
22000	0.0500000000439662
23000	0.0500000000440894
24000	0.0500000000441918
25000	0.0500000000442764
26000	0.0500000000443468
27000	0.0500000000444052
28000	0.0500000000444535
29000	0.0500000000444933
30000	0.0500000000445267
31000	0.0500000000445545
32000	0.0500000000445763
33000	0.0500000000445966
34000	0.0500000000446104
35000	0.0500000000446243
36000	0.0500000000446353
37000	0.0500000000446423
38000	0.0500000000446492
39000	0.0500000000446562
40000	0.0500000000446631
41000	0.0500000000446695
42000	0.0500000000446695
43000	0.0500000000446695
44000	0.0500000000446695
45000	0.0500000000446695
46000	0.0500000000446695
47000	0.0500000000446695
48000	0.0500000000446695
49000	0.0500000000446695
50000	0.0500000000446695
51000	0.0500000000446695
52000	0.0500000000446695
53000	0.0500000000446695
54000	0.0500000000446695
55000	0.0500000000446695
56000	0.0500000000446695
57000	0.0500000000446695
58000	0.0500000000446695
59000	0.0500000000446695
60000	0.0500000000446695
61000	0.0500000000446695
62000	0.0500000000446695
63000	0.0500000000446695
64000	0.0500000000446695
65000	0.0500000000446695
66000	0.0500000000446695
67000	0.0500000000446695
68000	0.0500000000446695
69000	0.0500000000446695
70000	0.0500000000446695
71000	0.0500000000446695
72000	0.0500000000446695
73000	0.0500000000446695
74000	0.0500000000446695
75000	0.0500000000446695
76000	0.0500000000446695
77000	0.0500000000446695
78000	0.0500000000446695
79000	0.0500000000446695
80000	0.0500000000446695
81000	0.0500000000446695
82000	0.0500000000446695
83000	0.0500000000446695
84000	0.0500000000446695
85000	0.0500000000446695
86000	0.0500000000446695
87000	0.0500000000446695
88000	0.0500000000446695
89000	0.0500000000446695
90000	0.0500000000446695
91000	0.0500000000446695
92000	0.0500000000446695
93000	0.0500000000446695
94000	0.0500000000446695
95000	0.0500000000446695
96000	0.0500000000446695
97000	0.0500000000446695
98000	0.0500000000446695
99000	0.0500000000446695
100000	0.0500000000446695
101000	0.0500000000446695
102000	0.0500000000446695
103000	0.0500000000446695
104000	0.0500000000446695
105000	0.0500000000446695
106000	0.0500000000446695
107000	0.0500000000446695
108000	0.0500000000446695
109000	0.0500000000446695
110000	0.0500000000446695
111000	0.0500000000446695
112000	0.0500000000446695
113000	0.0500000000446695
114000	0.0500000000446695
115000	0.0500000000446695
116000	0.0500000000446695
117000	0.0500000000446695
118000	0.0500000000446695
119000	0.0500000000446695
120000	0.0500000000446695
121000	0.0500000000446695
122000	0.0500000000446695
123000	0.0500000000446695
124000	0.0500000000446695
125000	0.0500000000446695
126000	0.0500000000446695
127000	0.0500000000446695
128000	0.0500000000446695
129000	0.0500000000446695
130000	0.0500000000446695
131000	0.0500000000446695
132000	0.0500000000446695
133000	0.0500000000446695
134000	0.0500000000446695
135000	0.0500000000446695
136000	0.0500000000446695
137000	0.0500000000446695
138000	0.0500000000446695
139000	0.0500000000446695
140000	0.0500000000446695
141000	0.0500000000446695
142000	0.0500000000446695
143000	0.0500000000446695
144000	0.0500000000446695
145000	0.0500000000446695
146000	0.0500000000446695
147000	0.0500000000446695
148000	0.0500000000446695
149000	0.0500000000446695
150000	0.0500000000446695
151000	0.0500000000446695
152000	0.0500000000446695
153000	0.0500000000446695
154000	0.0500000000446695
155000	0.0500000000446695
156000	0.0500000000446695
157000	0.0500000000446695
158000	0.0500000000446695
159000	0.0500000000446695
160000	0.0500000000446695
161000	0.0500000000446695
162000	0.0500000000446695
163000	0.0500000000446695
164000	0.0500000000446695
165000	0.0500000000446695
166000	0.0500000000446695
167000	0.0500000000446695
168000	0.0500000000446695
169000	0.0500000000446695
170000	0.0500000000446695
171000	0.0500000000446695
172000	0.0500000000446695
173000	0.0500000000446695
174000	0.0500000000446695
175000	0.0500000000446695
176000	0.0500000000446695
177000	0.0500000000446695
178000	0.0500000000446695
179000	0.0500000000446695
180000	0.0500000000446695
181000	0.0500000000446695
182000	0.0500000000446695
183000	0.0500000000446695
184000	0.0500000000446695
185000	0.0500000000446695
186000	0.0500000000446695
187000	0.0500000000446695
188000	0.0500000000446695
189000	0.0500000000446695
190000	0.0500000000446695
191000	0.0500000000446695
192000	0.0500000000446695
193000	0.0500000000446695
194000	0.0500000000446695
195000	0.0500000000446695
196000	0.0500000000446695
197000	0.0500000000446695
198000	0.0500000000446695
199000	0.0500000000446695
200000	0.0500000000446695
201000	0.0500000000446695
202000	0.0500000000446695
203000	0.0500000000446695
204000	0.0500000000446695
205000	0.0500000000446695
206000	0.0500000000446695
207000	0.0500000000446695
208000	0.0500000000446695
209000	0.0500000000446695
210000	0.0500000000446695
211000	0.0500000000446695
212000	0.0500000000446695
213000	0.0500000000446695
214000	0.0500000000446695
215000	0.0500000000446695
216000	0.0500000000446695
217000	0.0500000000446695
218000	0.0500000000446695
219000	0.0500000000446695
220000	0.0500000000446695
221000	0.0500000000446695
222000	0.0500000000446695
223000	0.0500000000446695
224000	0.0500000000446695
225000	0.0500000000446695
226000	0.0500000000446695
227000	0.0500000000446695
228000	0.0500000000446695
229000	0.0500000000446695
230000	0.0500000000446695
231000	0.0500000000446695
232000	0.0500000000446695
233000	0.0500000000446695
234000	0.0500000000446695
235000	0.0500000000446695
236000	0.0500000000446695
237000	0.0500000000446695
238000	0.0500000000446695
239000	0.0500000000446695
240000	0.0500000000446695
241000	0.0500000000446695
242000	0.0500000000446695
243000	0.0500000000446695
244000	0.0500000000446695
245000	0.0500000000446695
246000	0.0500000000446695
247000	0.0500000000446695
248000	0.0500000000446695
249000	0.0500000000446695
250000	0.0500000000446695
251000	0.0500000000446695
252000	0.0500000000446695
253000	0.0500000000446695
254000	0.0500000000446695
255000	0.0500000000446695
256000	0.0500000000446695
257000	0.0500000000446695
258000	0.0500000000446695
259000	0.0500000000446695
260000	0.0500000000446695
261000	0.0500000000446695
262000	0.0500000000446695
263000	0.0500000000446695
264000	0.0500000000446695
265000	0.0500000000446695
266000	0.0500000000446695
267000	0.0500000000446695
268000	0.0500000000446695
269000	0.0500000000446695
270000	0.0500000000446695
271000	0.0500000000446695
272000	0.0500000000446695
273000	0.0500000000446695
274000	0.0500000000446695
275000	0.0500000000446695
276000	0.0500000000446695
277000	0.0500000000446695
278000	0.0500000000446695
279000	0.0500000000446695
280000	0.0500000000446695
281000	0.0500000000446695
282000	0.0500000000446695
283000	0.0500000000446695
284000	0.0500000000446695
285000	0.0500000000446695
286000	0.0500000000446695
287000	0.0500000000446695
288000	0.0500000000446695
289000	0.0500000000446695
290000	0.0500000000446695
291000	0.0500000000446695
292000	0.0500000000446695
293000	0.0500000000446695
294000	0.0500000000446695
295000	0.0500000000446695
296000	0.0500000000446695
297000	0.0500000000446695
298000	0.0500000000446695
299000	0.0500000000446695
300000	0.0500000000446695
301000	0.0500000000446695
302000	0.0500000000446695
303000	0.0500000000446695
304000	0.0500000000446695
305000	0.0500000000446695
306000	0.0500000000446695
307000	0.0500000000446695
308000	0.0500000000446695
309000	0.0500000000446695
310000	0.0500000000446695
311000	0.0500000000446695
312000	0.0500000000446695
313000	0.0500000000446695
314000	0.0500000000446695
315000	0.0500000000446695
316000	0.0500000000446695
317000	0.0500000000446695
318000	0.0500000000446695
319000	0.0500000000446695
320000	0.0500000000446695
321000	0.0500000000446695
322000	0.0500000000446695
323000	0.0500000000446695
324000	0.0500000000446695
325000	0.0500000000446695
326000	0.0500000000446695
327000	0.0500000000446695
328000	0.0500000000446695
329000	0.0500000000446695
330000	0.0500000000446695
331000	0.0500000000446695
332000	0.0500000000446695
333000	0.0500000000446695
334000	0.0500000000446695
335000	0.0500000000446695
336000	0.0500000000446695
337000	0.0500000000446695
338000	0.0500000000446695
339000	0.0500000000446695
340000	0.0500000000446695
341000	0.0500000000446695
342000	0.0500000000446695
343000	0.0500000000446695
344000	0.0500000000446695
345000	0.0500000000446695
346000	0.0500000000446695
347000	0.0500000000446695
348000	0.0500000000446695
349000	0.0500000000446695
350000	0.0500000000446695
351000	0.0500000000446695
352000	0.0500000000446695
353000	0.0500000000446695
354000	0.0500000000446695
355000	0.0500000000446695
356000	0.0500000000446695
357000	0.0500000000446695
358000	0.0500000000446695
359000	0.0500000000446695
360000	0.0500000000446695
361000	0.0500000000446695
362000	0.0500000000446695
363000	0.0500000000446695
364000	0.0500000000446695
365000	0.0500000000446695
366000	0.0500000000446695
367000	0.0500000000446695
368000	0.0500000000446695
369000	0.0500000000446695
370000	0.0500000000446695
371000	0.0500000000446695
372000	0.0500000000446695
373000	0.0500000000446695
374000	0.0500000000446695
375000	0.0500000000446695
376000	0.0500000000446695
377000	0.0500000000446695
378000	0.0500000000446695
379000	0.0500000000446695
380000	0.0500000000446695
381000	0.0500000000446695
382000	0.0500000000446695
383000	0.0500000000446695
384000	0.0500000000446695
385000	0.0500000000446695
386000	0.0500000000446695
387000	0.0500000000446695
388000	0.0500000000446695
389000	0.0500000000446695
390000	0.0500000000446695
391000	0.0500000000446695
392000	0.0500000000446695
393000	0.0500000000446695
394000	0.0500000000446695
395000	0.0500000000446695
396000	0.0500000000446695
397000	0.0500000000446695
398000	0.0500000000446695
399000	0.0500000000446695
400000	0.0500000000446695
401000	0.0500000000446695
402000	0.0500000000446695
403000	0.0500000000446695
404000	0.0500000000446695
405000	0.0500000000446695
406000	0.0500000000446695
407000	0.0500000000446695
408000	0.0500000000446695
409000	0.0500000000446695
410000	0.0500000000446695
411000	0.0500000000446695
412000	0.0500000000446695
413000	0.0500000000446695
414000	0.0500000000446695
415000	0.0500000000446695
416000	0.0500000000446695
417000	0.0500000000446695
418000	0.0500000000446695
419000	0.0500000000446695
420000	0.0500000000446695
421000	0.0500000000446695
422000	0.0500000000446695
423000	0.0500000000446695
424000	0.0500000000446695
425000	0.0500000000446695
426000	0.0500000000446695
427000	0.0500000000446695
428000	0.0500000000446695
429000	0.0500000000446695
430000	0.0500000000446695
431000	0.0500000000446695
432000	0.0500000000446695
433000	0.0500000000446695
434000	0.0500000000446695
435000	0.0500000000446695
436000	0.0500000000446695
437000	0.0500000000446695
438000	0.0500000000446695
439000	0.0500000000446695
440000	0.0500000000446695
441000	0.0500000000446695
442000	0.0500000000446695
443000	0.0500000000446695
444000	0.0500000000446695
445000	0.0500000000446695
446000	0.0500000000446695
447000	0.0500000000446695
448000	0.0500000000446695
449000	0.0500000000446695
450000	0.0500000000446695
451000	0.0500000000446695
452000	0.0500000000446695
453000	0.0500000000446695
454000	0.0500000000446695
455000	0.0500000000446695
456000	0.0500000000446695
457000	0.0500000000446695
458000	0.0500000000446695
459000	0.0500000000446695
460000	0.0500000000446695
461000	0.0500000000446695
462000	0.0500000000446695
463000	0.0500000000446695
464000	0.0500000000446695
465000	0.0500000000446695
466000	0.0500000000446695
467000	0.0500000000446695
468000	0.0500000000446695
469000	0.0500000000446695
470000	0.0500000000446695
471000	0.0500000000446695
472000	0.0500000000446695
473000	0.0500000000446695
474000	0.0500000000446695
475000	0.0500000000446695
476000	0.0500000000446695
477000	0.0500000000446695
478000	0.0500000000446695
479000	0.0500000000446695
480000	0.0500000000446695
481000	0.0500000000446695
482000	0.0500000000446695
483000	0.0500000000446695
484000	0.0500000000446695
485000	0.0500000000446695
486000	0.0500000000446695
487000	0.0500000000446695
488000	0.0500000000446695
489000	0.0500000000446695
490000	0.0500000000446695
491000	0.0500000000446695
492000	0.0500000000446695
493000	0.0500000000446695
494000	0.0500000000446695
495000	0.0500000000446695
496000	0.0500000000446695
497000	0.0500000000446695
498000	0.0500000000446695
499000	0.0500000000446695
500000	0.0500000000446695
501000	0.0500000000446695
502000	0.0500000000446695
503000	0.0500000000446695
504000	0.0500000000446695
505000	0.0500000000446695
506000	0.0500000000446695
507000	0.0500000000446695
508000	0.0500000000446695
509000	0.0500000000446695
510000	0.0500000000446695
511000	0.0500000000446695
512000	0.0500000000446695
513000	0.0500000000446695
514000	0.0500000000446695
515000	0.0500000000446695
516000	0.0500000000446695
517000	0.0500000000446695
518000	0.0500000000446695
519000	0.0500000000446695
520000	0.0500000000446695
521000	0.0500000000446695
522000	0.0500000000446695
523000	0.0500000000446695
524000	0.0500000000446695
525000	0.0500000000446695
526000	0.0500000000446695
527000	0.0500000000446695
528000	0.0500000000446695
529000	0.0500000000446695
530000	0.0500000000446695
531000	0.0500000000446695
532000	0.0500000000446695
533000	0.0500000000446695
534000	0.0500000000446695
535000	0.0500000000446695
536000	0.0500000000446695
537000	0.0500000000446695
538000	0.0500000000446695
539000	0.0500000000446695
540000	0.0500000000446695
541000	0.0500000000446695
542000	0.0500000000446695
543000	0.0500000000446695
544000	0.0500000000446695
545000	0.0500000000446695
546000	0.0500000000446695
547000	0.0500000000446695
548000	0.0500000000446695
549000	0.0500000000446695
550000	0.0500000000446695
551000	0.0500000000446695
552000	0.0500000000446695
553000	0.0500000000446695
554000	0.0500000000446695
555000	0.0500000000446695
556000	0.0500000000446695
557000	0.0500000000446695
558000	0.0500000000446695
559000	0.0500000000446695
560000	0.0500000000446695
561000	0.0500000000446695
562000	0.0500000000446695
563000	0.0500000000446695
564000	0.0500000000446695
565000	0.0500000000446695
566000	0.0500000000446695
567000	0.0500000000446695
568000	0.0500000000446695
569000	0.0500000000446695
570000	0.0500000000446695
571000	0.0500000000446695
572000	0.0500000000446695
573000	0.0500000000446695
574000	0.0500000000446695
575000	0.0500000000446695
576000	0.0500000000446695
577000	0.0500000000446695
578000	0.0500000000446695
579000	0.0500000000446695
580000	0.0500000000446695
581000	0.0500000000446695
582000	0.0500000000446695
583000	0.0500000000446695
584000	0.0500000000446695
585000	0.0500000000446695
586000	0.0500000000446695
587000	0.0500000000446695
588000	0.0500000000446695
589000	0.0500000000446695
590000	0.0500000000446695
591000	0.0500000000446695
592000	0.0500000000446695
593000	0.0500000000446695
594000	0.0500000000446695
595000	0.0500000000446695
596000	0.0500000000446695
597000	0.0500000000446695
598000	0.0500000000446695
599000	0.0500000000446695
600000	0.0500000000446695
601000	0.0500000000446695
602000	0.0500000000446695
603000	0.0500000000446695
604000	0.0500000000446695
605000	0.0500000000446695
606000	0.0500000000446695
607000	0.0500000000446695
608000	0.0500000000446695
609000	0.0500000000446695
610000	0.0500000000446695
611000	0.0500000000446695
612000	0.0500000000446695
613000	0.0500000000446695
614000	0.0500000000446695
615000	0.0500000000446695
616000	0.0500000000446695
617000	0.0500000000446695
618000	0.0500000000446695
619000	0.0500000000446695
620000	0.0500000000446695
621000	0.0500000000446695
622000	0.0500000000446695
623000	0.0500000000446695
624000	0.0500000000446695
625000	0.0500000000446695
626000	0.0500000000446695
627000	0.0500000000446695
628000	0.0500000000446695
629000	0.0500000000446695
630000	0.0500000000446695
631000	0.0500000000446695
632000	0.0500000000446695
633000	0.0500000000446695
634000	0.0500000000446695
635000	0.0500000000446695
636000	0.0500000000446695
637000	0.0500000000446695
638000	0.0500000000446695
639000	0.0500000000446695
640000	0.0500000000446695
641000	0.0500000000446695
642000	0.0500000000446695
643000	0.0500000000446695
644000	0.0500000000446695
645000	0.0500000000446695
646000	0.0500000000446695
647000	0.0500000000446695
648000	0.0500000000446695
649000	0.0500000000446695
650000	0.0500000000446695
651000	0.0500000000446695
652000	0.0500000000446695
653000	0.0500000000446695
654000	0.0500000000446695
655000	0.0500000000446695
656000	0.0500000000446695
657000	0.0500000000446695
658000	0.0500000000446695
659000	0.0500000000446695
660000	0.0500000000446695
661000	0.0500000000446695
662000	0.0500000000446695
663000	0.0500000000446695
664000	0.0500000000446695
665000	0.0500000000446695
666000	0.0500000000446695
667000	0.0500000000446695
668000	0.0500000000446695
669000	0.0500000000446695
670000	0.0500000000446695
671000	0.0500000000446695
672000	0.0500000000446695
673000	0.0500000000446695
674000	0.0500000000446695
675000	0.0500000000446695
676000	0.0500000000446695
677000	0.0500000000446695
678000	0.0500000000446695
679000	0.0500000000446695
680000	0.0500000000446695
681000	0.0500000000446695
682000	0.0500000000446695
683000	0.0500000000446695
684000	0.0500000000446695
685000	0.0500000000446695
686000	0.0500000000446695
687000	0.0500000000446695
688000	0.0500000000446695
689000	0.0500000000446695
690000	0.0500000000446695
691000	0.0500000000446695
692000	0.0500000000446695
693000	0.0500000000446695
694000	0.0500000000446695
695000	0.0500000000446695
696000	0.0500000000446695
697000	0.0500000000446695
698000	0.0500000000446695
699000	0.0500000000446695
700000	0.0500000000446695
701000	0.0500000000446695
702000	0.0500000000446695
703000	0.0500000000446695
704000	0.0500000000446695
705000	0.0500000000446695
706000	0.0500000000446695
707000	0.0500000000446695
708000	0.0500000000446695
709000	0.0500000000446695
710000	0.0500000000446695
711000	0.0500000000446695
712000	0.0500000000446695
713000	0.0500000000446695
714000	0.0500000000446695
715000	0.0500000000446695
716000	0.0500000000446695
717000	0.0500000000446695
718000	0.0500000000446695
719000	0.0500000000446695
720000	0.0500000000446695
721000	0.0500000000446695
722000	0.0500000000446695
723000	0.0500000000446695
724000	0.0500000000446695
725000	0.0500000000446695
726000	0.0500000000446695
727000	0.0500000000446695
728000	0.0500000000446695
729000	0.0500000000446695
730000	0.0500000000446695
731000	0.0500000000446695
732000	0.0500000000446695
733000	0.0500000000446695
734000	0.0500000000446695
735000	0.0500000000446695
736000	0.0500000000446695
737000	0.0500000000446695
738000	0.0500000000446695
739000	0.0500000000446695
740000	0.0500000000446695
741000	0.0500000000446695
742000	0.0500000000446695
743000	0.0500000000446695
744000	0.0500000000446695
745000	0.0500000000446695
746000	0.0500000000446695
747000	0.0500000000446695
748000	0.0500000000446695
749000	0.0500000000446695
750000	0.0500000000446695
751000	0.0500000000446695
752000	0.0500000000446695
753000	0.0500000000446695
754000	0.0500000000446695
755000	0.0500000000446695
756000	0.0500000000446695
757000	0.0500000000446695
758000	0.0500000000446695
759000	0.0500000000446695
760000	0.0500000000446695
761000	0.0500000000446695
762000	0.0500000000446695
763000	0.0500000000446695
764000	0.0500000000446695
765000	0.0500000000446695
766000	0.0500000000446695
767000	0.0500000000446695
768000	0.0500000000446695
769000	0.0500000000446695
770000	0.0500000000446695
771000	0.0500000000446695
772000	0.0500000000446695
773000	0.0500000000446695
774000	0.0500000000446695
775000	0.0500000000446695
776000	0.0500000000446695
777000	0.0500000000446695
778000	0.0500000000446695
779000	0.0500000000446695
780000	0.0500000000446695
781000	0.0500000000446695
782000	0.0500000000446695
783000	0.0500000000446695
784000	0.0500000000446695
785000	0.0500000000446695
786000	0.0500000000446695
787000	0.0500000000446695
788000	0.0500000000446695
789000	0.0500000000446695
790000	0.0500000000446695
791000	0.0500000000446695
792000	0.0500000000446695
793000	0.0500000000446695
794000	0.0500000000446695
795000	0.0500000000446695
796000	0.0500000000446695
797000	0.0500000000446695
798000	0.0500000000446695
799000	0.0500000000446695
800000	0.0500000000446695
801000	0.0500000000446695
802000	0.0500000000446695
803000	0.0500000000446695
804000	0.0500000000446695
805000	0.0500000000446695
806000	0.0500000000446695
807000	0.0500000000446695
808000	0.0500000000446695
809000	0.0500000000446695
810000	0.0500000000446695
811000	0.0500000000446695
812000	0.0500000000446695
813000	0.0500000000446695
814000	0.0500000000446695
815000	0.0500000000446695
816000	0.0500000000446695
817000	0.0500000000446695
818000	0.0500000000446695
819000	0.0500000000446695
820000	0.0500000000446695
821000	0.0500000000446695
822000	0.0500000000446695
823000	0.0500000000446695
824000	0.0500000000446695
825000	0.0500000000446695
826000	0.0500000000446695
827000	0.0500000000446695
828000	0.0500000000446695
829000	0.0500000000446695
830000	0.0500000000446695
831000	0.0500000000446695
832000	0.0500000000446695
833000	0.0500000000446695
834000	0.0500000000446695
835000	0.0500000000446695
836000	0.0500000000446695
837000	0.0500000000446695
838000	0.0500000000446695
839000	0.0500000000446695
840000	0.0500000000446695
841000	0.0500000000446695
842000	0.0500000000446695
843000	0.0500000000446695
844000	0.0500000000446695
845000	0.0500000000446695
846000	0.0500000000446695
847000	0.0500000000446695
848000	0.0500000000446695
849000	0.0500000000446695
850000	0.0500000000446695
851000	0.0500000000446695
852000	0.0500000000446695
853000	0.0500000000446695
854000	0.0500000000446695
855000	0.0500000000446695
856000	0.0500000000446695
857000	0.0500000000446695
858000	0.0500000000446695
859000	0.0500000000446695
860000	0.0500000000446695
861000	0.0500000000446695
862000	0.0500000000446695
863000	0.0500000000446695
864000	0.0500000000446695
865000	0.0500000000446695
866000	0.0500000000446695
867000	0.0500000000446695
868000	0.0500000000446695
869000	0.0500000000446695
870000	0.0500000000446695
871000	0.0500000000446695
872000	0.0500000000446695
873000	0.0500000000446695
874000	0.0500000000446695
875000	0.0500000000446695
876000	0.0500000000446695
877000	0.0500000000446695
878000	0.0500000000446695
879000	0.0500000000446695
880000	0.0500000000446695
881000	0.0500000000446695
882000	0.0500000000446695
883000	0.0500000000446695
884000	0.0500000000446695
885000	0.0500000000446695
886000	0.0500000000446695
887000	0.0500000000446695
888000	0.0500000000446695
889000	0.0500000000446695
890000	0.0500000000446695
891000	0.0500000000446695
892000	0.0500000000446695
893000	0.0500000000446695
894000	0.0500000000446695
895000	0.0500000000446695
896000	0.0500000000446695
897000	0.0500000000446695
898000	0.0500000000446695
899000	0.0500000000446695
900000	0.0500000000446695
901000	0.0500000000446695
902000	0.0500000000446695
903000	0.0500000000446695
904000	0.0500000000446695
905000	0.0500000000446695
906000	0.0500000000446695
907000	0.0500000000446695
908000	0.0500000000446695
909000	0.0500000000446695
910000	0.0500000000446695
911000	0.0500000000446695
912000	0.0500000000446695
913000	0.0500000000446695
914000	0.0500000000446695
915000	0.0500000000446695
916000	0.0500000000446695
917000	0.0500000000446695
918000	0.0500000000446695
919000	0.0500000000446695
920000	0.0500000000446695
921000	0.0500000000446695
922000	0.0500000000446695
923000	0.0500000000446695
924000	0.0500000000446695
925000	0.0500000000446695
926000	0.0500000000446695
927000	0.0500000000446695
928000	0.0500000000446695
929000	0.0500000000446695
930000	0.0500000000446695
931000	0.0500000000446695
932000	0.0500000000446695
933000	0.0500000000446695
934000	0.0500000000446695
935000	0.0500000000446695
936000	0.0500000000446695
937000	0.0500000000446695
938000	0.0500000000446695
939000	0.0500000000446695
940000	0.0500000000446695
941000	0.0500000000446695
942000	0.0500000000446695
943000	0.0500000000446695
944000	0.0500000000446695
945000	0.0500000000446695
946000	0.0500000000446695
947000	0.0500000000446695
948000	0.0500000000446695
949000	0.0500000000446695
950000	0.0500000000446695
951000	0.0500000000446695
952000	0.0500000000446695
953000	0.0500000000446695
954000	0.0500000000446695
955000	0.0500000000446695
956000	0.0500000000446695
957000	0.0500000000446695
958000	0.0500000000446695
959000	0.0500000000446695
960000	0.0500000000446695
961000	0.0500000000446695
962000	0.0500000000446695
963000	0.0500000000446695
964000	0.0500000000446695
965000	0.0500000000446695
966000	0.0500000000446695
967000	0.0500000000446695
968000	0.0500000000446695
969000	0.0500000000446695
970000	0.0500000000446695
971000	0.0500000000446695
972000	0.0500000000446695
973000	0.0500000000446695
974000	0.0500000000446695
975000	0.0500000000446695
976000	0.0500000000446695
977000	0.0500000000446695
978000	0.0500000000446695
979000	0.0500000000446695
980000	0.0500000000446695
981000	0.0500000000446695
982000	0.0500000000446695
983000	0.0500000000446695
984000	0.0500000000446695
985000	0.0500000000446695
986000	0.0500000000446695
987000	0.0500000000446695
988000	0.0500000000446695
989000	0.0500000000446695
990000	0.0500000000446695
991000	0.0500000000446695
992000	0.0500000000446695
993000	0.0500000000446695
994000	0.0500000000446695
995000	0.0500000000446695
996000	0.0500000000446695
997000	0.0500000000446695
998000	0.0500000000446695
999000	0.0500000000446695
