0	0.0600000000001114
1000	0.060000000101647
2000	0.0600000001858215
3000	0.0600000002556034
4000	0.0600000003134536
5000	0.0600000003614123
6000	0.0600000004011707
7000	0.060000000434131
8000	0.0600000004614556
9000	0.0600000004841081
10000	0.0600000005028873
11000	0.0600000005184556
12000	0.0600000005313619
13000	0.0600000005420615
14000	0.0600000005509316
15000	0.060000000558285
16000	0.060000000564381
17000	0.0600000005694348
18000	0.0600000005736244
19000	0.0600000005770976
20000	0.0600000005799771
21000	0.0600000005823641
22000	0.0600000005843431
23000	0.0600000005859836
24000	0.0600000005873436
25000	0.0600000005884711
26000	0.0600000005894058
27000	0.0600000005901807
28000	0.060000000590823
29000	0.0600000005913556
30000	0.0600000005917971
31000	0.0600000005921631
32000	0.0600000005924665
33000	0.060000000592718
34000	0.0600000005929266
35000	0.0600000005930995
36000	0.0600000005932427
37000	0.0600000005933617
38000	0.0600000005934599
39000	0.0600000005935417
40000	0.0600000005936092
41000	0.0600000005936655
42000	0.0600000005937116
43000	0.0600000005937501
44000	0.060000000593782
45000	0.0600000005938094
46000	0.0600000005938302
47000	0.0600000005938491
48000	0.0600000005938629
49000	0.0600000005938768
50000	0.0600000005938864
51000	0.0600000005938934
52000	0.0600000005939003
53000	0.0600000005939072
54000	0.0600000005939142
55000	0.0600000005939192
56000	0.0600000005939192
57000	0.0600000005939192
58000	0.0600000005939192
59000	0.0600000005939192
60000	0.0600000005939192
61000	0.0600000005939192
62000	0.0600000005939192
63000	0.0600000005939192
64000	0.0600000005939192
65000	0.0600000005939192
66000	0.0600000005939192
67000	0.0600000005939192
68000	0.0600000005939192
69000	0.0600000005939192
70000	0.0600000005939192
71000	0.0600000005939192
72000	0.0600000005939192
73000	0.0600000005939192
74000	0.0600000005939192
75000	0.0600000005939192
76000	0.0600000005939192
77000	0.0600000005939192
78000	0.0600000005939192
79000	0.0600000005939192
80000	0.0600000005939192
81000	0.0600000005939192
82000	0.0600000005939192
83000	0.0600000005939192
84000	0.0600000005939192
85000	0.0600000005939192
86000	0.0600000005939192
87000	0.0600000005939192
88000	0.0600000005939192
89000	0.0600000005939192
90000	0.0600000005939192
91000	0.0600000005939192
92000	0.0600000005939192
93000	0.0600000005939192
94000	0.0600000005939192
95000	0.0600000005939192
96000	0.0600000005939192
97000	0.0600000005939192
98000	0.0600000005939192
99000	0.0600000005939192
100000	0.0600000005939192
101000	0.0600000005939192
102000	0.0600000005939192
103000	0.0600000005939192
104000	0.0600000005939192
105000	0.0600000005939192
106000	0.0600000005939192
107000	0.0600000005939192
108000	0.0600000005939192
109000	0.0600000005939192
110000	0.0600000005939192
111000	0.0600000005939192
112000	0.0600000005939192
113000	0.0600000005939192
114000	0.0600000005939192
115000	0.0600000005939192
116000	0.0600000005939192
117000	0.0600000005939192
118000	0.0600000005939192
119000	0.0600000005939192
120000	0.0600000005939192
121000	0.0600000005939192
122000	0.0600000005939192
123000	0.0600000005939192
124000	0.0600000005939192
125000	0.0600000005939192
126000	0.0600000005939192
127000	0.0600000005939192
128000	0.0600000005939192
129000	0.0600000005939192
130000	0.0600000005939192
131000	0.0600000005939192
132000	0.0600000005939192
133000	0.0600000005939192
134000	0.0600000005939192
135000	0.0600000005939192
136000	0.0600000005939192
137000	0.0600000005939192
138000	0.0600000005939192
139000	0.0600000005939192
140000	0.0600000005939192
141000	0.0600000005939192
142000	0.0600000005939192
143000	0.0600000005939192
144000	0.0600000005939192
145000	0.0600000005939192
146000	0.0600000005939192
147000	0.0600000005939192
148000	0.0600000005939192
149000	0.0600000005939192
150000	0.0600000005939192
151000	0.0600000005939192
152000	0.0600000005939192
153000	0.0600000005939192
154000	0.0600000005939192
155000	0.0600000005939192
156000	0.0600000005939192
157000	0.0600000005939192
158000	0.0600000005939192
159000	0.0600000005939192
160000	0.0600000005939192
161000	0.0600000005939192
162000	0.0600000005939192
163000	0.0600000005939192
164000	0.0600000005939192
165000	0.0600000005939192
166000	0.0600000005939192
167000	0.0600000005939192
168000	0.0600000005939192
169000	0.0600000005939192
170000	0.0600000005939192
171000	0.0600000005939192
172000	0.0600000005939192
173000	0.0600000005939192
174000	0.0600000005939192
175000	0.0600000005939192
176000	0.0600000005939192
177000	0.0600000005939192
178000	0.0600000005939192
179000	0.0600000005939192
180000	0.0600000005939192
181000	0.0600000005939192
182000	0.0600000005939192
183000	0.0600000005939192
184000	0.0600000005939192
185000	0.0600000005939192
186000	0.0600000005939192
187000	0.0600000005939192
188000	0.0600000005939192
189000	0.0600000005939192
190000	0.0600000005939192
191000	0.0600000005939192
192000	0.0600000005939192
193000	0.0600000005939192
194000	0.0600000005939192
195000	0.0600000005939192
196000	0.0600000005939192
197000	0.0600000005939192
198000	0.0600000005939192
199000	0.0600000005939192
200000	0.0600000005939192
201000	0.0600000005939192
202000	0.0600000005939192
203000	0.0600000005939192
204000	0.0600000005939192
205000	0.0600000005939192
206000	0.0600000005939192
207000	0.0600000005939192
208000	0.0600000005939192
209000	0.0600000005939192
210000	0.0600000005939192
211000	0.0600000005939192
212000	0.0600000005939192
213000	0.0600000005939192
214000	0.0600000005939192
215000	0.0600000005939192
216000	0.0600000005939192
217000	0.0600000005939192
218000	0.0600000005939192
219000	0.0600000005939192
220000	0.0600000005939192
221000	0.0600000005939192
222000	0.0600000005939192
223000	0.0600000005939192
224000	0.0600000005939192
225000	0.0600000005939192
226000	0.0600000005939192
227000	0.0600000005939192
228000	0.0600000005939192
229000	0.0600000005939192
230000	0.0600000005939192
231000	0.0600000005939192
232000	0.0600000005939192
233000	0.0600000005939192
234000	0.0600000005939192
235000	0.0600000005939192
236000	0.0600000005939192
237000	0.0600000005939192
238000	0.0600000005939192
239000	0.0600000005939192
240000	0.0600000005939192
241000	0.0600000005939192
242000	0.0600000005939192
243000	0.0600000005939192
244000	0.0600000005939192
245000	0.0600000005939192
246000	0.0600000005939192
247000	0.0600000005939192
248000	0.0600000005939192
249000	0.0600000005939192
250000	0.0600000005939192
251000	0.0600000005939192
252000	0.0600000005939192
253000	0.0600000005939192
254000	0.0600000005939192
255000	0.0600000005939192
256000	0.0600000005939192
257000	0.0600000005939192
258000	0.0600000005939192
259000	0.0600000005939192
260000	0.0600000005939192
261000	0.0600000005939192
262000	0.0600000005939192
263000	0.0600000005939192
264000	0.0600000005939192
265000	0.0600000005939192
266000	0.0600000005939192
267000	0.0600000005939192
268000	0.0600000005939192
269000	0.0600000005939192
270000	0.0600000005939192
271000	0.0600000005939192
272000	0.0600000005939192
273000	0.0600000005939192
274000	0.0600000005939192
275000	0.0600000005939192
276000	0.0600000005939192
277000	0.0600000005939192
278000	0.0600000005939192
279000	0.0600000005939192
280000	0.0600000005939192
281000	0.0600000005939192
282000	0.0600000005939192
283000	0.0600000005939192
284000	0.0600000005939192
285000	0.0600000005939192
286000	0.0600000005939192
287000	0.0600000005939192
288000	0.0600000005939192
289000	0.0600000005939192
290000	0.0600000005939192
291000	0.0600000005939192
292000	0.0600000005939192
293000	0.0600000005939192
294000	0.0600000005939192
295000	0.0600000005939192
296000	0.0600000005939192
297000	0.0600000005939192
298000	0.0600000005939192
299000	0.0600000005939192
300000	0.0600000005939192
301000	0.0600000005939192
302000	0.0600000005939192
303000	0.0600000005939192
304000	0.0600000005939192
305000	0.0600000005939192
306000	0.0600000005939192
307000	0.0600000005939192
308000	0.0600000005939192
309000	0.0600000005939192
310000	0.0600000005939192
311000	0.0600000005939192
312000	0.0600000005939192
313000	0.0600000005939192
314000	0.0600000005939192
315000	0.0600000005939192
316000	0.0600000005939192
317000	0.0600000005939192
318000	0.0600000005939192
319000	0.0600000005939192
320000	0.0600000005939192
321000	0.0600000005939192
322000	0.0600000005939192
323000	0.0600000005939192
324000	0.0600000005939192
325000	0.0600000005939192
326000	0.0600000005939192
327000	0.0600000005939192
328000	0.0600000005939192
329000	0.0600000005939192
330000	0.0600000005939192
331000	0.0600000005939192
332000	0.0600000005939192
333000	0.0600000005939192
334000	0.0600000005939192
335000	0.0600000005939192
336000	0.0600000005939192
337000	0.0600000005939192
338000	0.0600000005939192
339000	0.0600000005939192
340000	0.0600000005939192
341000	0.0600000005939192
342000	0.0600000005939192
343000	0.0600000005939192
344000	0.0600000005939192
345000	0.0600000005939192
346000	0.0600000005939192
347000	0.0600000005939192
348000	0.0600000005939192
349000	0.0600000005939192
350000	0.0600000005939192
351000	0.0600000005939192
352000	0.0600000005939192
353000	0.0600000005939192
354000	0.0600000005939192
355000	0.0600000005939192
356000	0.0600000005939192
357000	0.0600000005939192
358000	0.0600000005939192
359000	0.0600000005939192
360000	0.0600000005939192
361000	0.0600000005939192
362000	0.0600000005939192
363000	0.0600000005939192
364000	0.0600000005939192
365000	0.0600000005939192
366000	0.0600000005939192
367000	0.0600000005939192
368000	0.0600000005939192
369000	0.0600000005939192
370000	0.0600000005939192
371000	0.0600000005939192
372000	0.0600000005939192
373000	0.0600000005939192
374000	0.0600000005939192
375000	0.0600000005939192
376000	0.0600000005939192
377000	0.0600000005939192
378000	0.0600000005939192
379000	0.0600000005939192
380000	0.0600000005939192
381000	0.0600000005939192
382000	0.0600000005939192
383000	0.0600000005939192
384000	0.0600000005939192
385000	0.0600000005939192
386000	0.0600000005939192
387000	0.0600000005939192
388000	0.0600000005939192
389000	0.0600000005939192
390000	0.0600000005939192
391000	0.0600000005939192
392000	0.0600000005939192
393000	0.0600000005939192
394000	0.0600000005939192
395000	0.0600000005939192
396000	0.0600000005939192
397000	0.0600000005939192
398000	0.0600000005939192
399000	0.0600000005939192
400000	0.0600000005939192
401000	0.0600000005939192
402000	0.0600000005939192
403000	0.0600000005939192
404000	0.0600000005939192
405000	0.0600000005939192
406000	0.0600000005939192
407000	0.0600000005939192
408000	0.0600000005939192
409000	0.0600000005939192
410000	0.0600000005939192
411000	0.0600000005939192
412000	0.0600000005939192
413000	0.0600000005939192
414000	0.0600000005939192
415000	0.0600000005939192
416000	0.0600000005939192
417000	0.0600000005939192
418000	0.0600000005939192
419000	0.0600000005939192
420000	0.0600000005939192
421000	0.0600000005939192
422000	0.0600000005939192
423000	0.0600000005939192
424000	0.0600000005939192
425000	0.0600000005939192
426000	0.0600000005939192
427000	0.0600000005939192
428000	0.0600000005939192
429000	0.0600000005939192
430000	0.0600000005939192
431000	0.0600000005939192
432000	0.0600000005939192
433000	0.0600000005939192
434000	0.0600000005939192
435000	0.0600000005939192
436000	0.0600000005939192
437000	0.0600000005939192
438000	0.0600000005939192
439000	0.0600000005939192
440000	0.0600000005939192
441000	0.0600000005939192
442000	0.0600000005939192
443000	0.0600000005939192
444000	0.0600000005939192
445000	0.0600000005939192
446000	0.0600000005939192
447000	0.0600000005939192
448000	0.0600000005939192
449000	0.0600000005939192
450000	0.0600000005939192
451000	0.0600000005939192
452000	0.0600000005939192
453000	0.0600000005939192
454000	0.0600000005939192
455000	0.0600000005939192
456000	0.0600000005939192
457000	0.0600000005939192
458000	0.0600000005939192
459000	0.0600000005939192
460000	0.0600000005939192
461000	0.0600000005939192
462000	0.0600000005939192
463000	0.0600000005939192
464000	0.0600000005939192
465000	0.0600000005939192
466000	0.0600000005939192
467000	0.0600000005939192
468000	0.0600000005939192
469000	0.0600000005939192
470000	0.0600000005939192
471000	0.0600000005939192
472000	0.0600000005939192
473000	0.0600000005939192
474000	0.0600000005939192
475000	0.0600000005939192
476000	0.0600000005939192
477000	0.0600000005939192
478000	0.0600000005939192
479000	0.0600000005939192
480000	0.0600000005939192
481000	0.0600000005939192
482000	0.0600000005939192
483000	0.0600000005939192
484000	0.0600000005939192
485000	0.0600000005939192
486000	0.0600000005939192
487000	0.0600000005939192
488000	0.0600000005939192
489000	0.0600000005939192
490000	0.0600000005939192
491000	0.0600000005939192
492000	0.0600000005939192
493000	0.0600000005939192
494000	0.0600000005939192
495000	0.0600000005939192
496000	0.0600000005939192
497000	0.0600000005939192
498000	0.0600000005939192
499000	0.0600000005939192
500000	0.0600000005939192
501000	0.0600000005939192
502000	0.0600000005939192
503000	0.0600000005939192
504000	0.0600000005939192
505000	0.0600000005939192
506000	0.0600000005939192
507000	0.0600000005939192
508000	0.0600000005939192
509000	0.0600000005939192
510000	0.0600000005939192
511000	0.0600000005939192
512000	0.0600000005939192
513000	0.0600000005939192
514000	0.0600000005939192
515000	0.0600000005939192
516000	0.0600000005939192
517000	0.0600000005939192
518000	0.0600000005939192
519000	0.0600000005939192
520000	0.0600000005939192
521000	0.0600000005939192
522000	0.0600000005939192
523000	0.0600000005939192
524000	0.0600000005939192
525000	0.0600000005939192
526000	0.0600000005939192
527000	0.0600000005939192
528000	0.0600000005939192
529000	0.0600000005939192
530000	0.0600000005939192
531000	0.0600000005939192
532000	0.0600000005939192
533000	0.0600000005939192
534000	0.0600000005939192
535000	0.0600000005939192
536000	0.0600000005939192
537000	0.0600000005939192
538000	0.0600000005939192
539000	0.0600000005939192
540000	0.0600000005939192
541000	0.0600000005939192
542000	0.0600000005939192
543000	0.0600000005939192
544000	0.0600000005939192
545000	0.0600000005939192
546000	0.0600000005939192
547000	0.0600000005939192
548000	0.0600000005939192
549000	0.0600000005939192
550000	0.0600000005939192
551000	0.0600000005939192
552000	0.0600000005939192
553000	0.0600000005939192
554000	0.0600000005939192
555000	0.0600000005939192
556000	0.0600000005939192
557000	0.0600000005939192
558000	0.0600000005939192
559000	0.0600000005939192
560000	0.0600000005939192
561000	0.0600000005939192
562000	0.0600000005939192
563000	0.0600000005939192
564000	0.0600000005939192
565000	0.0600000005939192
566000	0.0600000005939192
567000	0.0600000005939192
568000	0.0600000005939192
569000	0.0600000005939192
570000	0.0600000005939192
571000	0.0600000005939192
572000	0.0600000005939192
573000	0.0600000005939192
574000	0.0600000005939192
575000	0.0600000005939192
576000	0.0600000005939192
577000	0.0600000005939192
578000	0.0600000005939192
579000	0.0600000005939192
580000	0.0600000005939192
581000	0.0600000005939192
582000	0.0600000005939192
583000	0.0600000005939192
584000	0.0600000005939192
585000	0.0600000005939192
586000	0.0600000005939192
587000	0.0600000005939192
588000	0.0600000005939192
589000	0.0600000005939192
590000	0.0600000005939192
591000	0.0600000005939192
592000	0.0600000005939192
593000	0.0600000005939192
594000	0.0600000005939192
595000	0.0600000005939192
596000	0.0600000005939192
597000	0.0600000005939192
598000	0.0600000005939192
599000	0.0600000005939192
600000	0.0600000005939192
601000	0.0600000005939192
602000	0.0600000005939192
603000	0.0600000005939192
604000	0.0600000005939192
605000	0.0600000005939192
606000	0.0600000005939192
607000	0.0600000005939192
608000	0.0600000005939192
609000	0.0600000005939192
610000	0.0600000005939192
611000	0.0600000005939192
612000	0.0600000005939192
613000	0.0600000005939192
614000	0.0600000005939192
615000	0.0600000005939192
616000	0.0600000005939192
617000	0.0600000005939192
618000	0.0600000005939192
619000	0.0600000005939192
620000	0.0600000005939192
621000	0.0600000005939192
622000	0.0600000005939192
623000	0.0600000005939192
624000	0.0600000005939192
625000	0.0600000005939192
626000	0.0600000005939192
627000	0.0600000005939192
628000	0.0600000005939192
629000	0.0600000005939192
630000	0.0600000005939192
631000	0.0600000005939192
632000	0.0600000005939192
633000	0.0600000005939192
634000	0.0600000005939192
635000	0.0600000005939192
636000	0.0600000005939192
637000	0.0600000005939192
638000	0.0600000005939192
639000	0.0600000005939192
640000	0.0600000005939192
641000	0.0600000005939192
642000	0.0600000005939192
643000	0.0600000005939192
644000	0.0600000005939192
645000	0.0600000005939192
646000	0.0600000005939192
647000	0.0600000005939192
648000	0.0600000005939192
649000	0.0600000005939192
650000	0.0600000005939192
651000	0.0600000005939192
652000	0.0600000005939192
653000	0.0600000005939192
654000	0.0600000005939192
655000	0.0600000005939192
656000	0.0600000005939192
657000	0.0600000005939192
658000	0.0600000005939192
659000	0.0600000005939192
660000	0.0600000005939192
661000	0.0600000005939192
662000	0.0600000005939192
663000	0.0600000005939192
664000	0.0600000005939192
665000	0.0600000005939192
666000	0.0600000005939192
667000	0.0600000005939192
668000	0.0600000005939192
669000	0.0600000005939192
670000	0.0600000005939192
671000	0.0600000005939192
672000	0.0600000005939192
673000	0.0600000005939192
674000	0.0600000005939192
675000	0.0600000005939192
676000	0.0600000005939192
677000	0.0600000005939192
678000	0.0600000005939192
679000	0.0600000005939192
680000	0.0600000005939192
681000	0.0600000005939192
682000	0.0600000005939192
683000	0.0600000005939192
684000	0.0600000005939192
685000	0.0600000005939192
686000	0.0600000005939192
687000	0.0600000005939192
688000	0.0600000005939192
689000	0.0600000005939192
690000	0.0600000005939192
691000	0.0600000005939192
692000	0.0600000005939192
693000	0.0600000005939192
694000	0.0600000005939192
695000	0.0600000005939192
696000	0.0600000005939192
697000	0.0600000005939192
698000	0.0600000005939192
699000	0.0600000005939192
700000	0.0600000005939192
701000	0.0600000005939192
702000	0.0600000005939192
703000	0.0600000005939192
704000	0.0600000005939192
705000	0.0600000005939192
706000	0.0600000005939192
707000	0.0600000005939192
708000	0.0600000005939192
709000	0.0600000005939192
710000	0.0600000005939192
711000	0.0600000005939192
712000	0.0600000005939192
713000	0.0600000005939192
714000	0.0600000005939192
715000	0.0600000005939192
716000	0.0600000005939192
717000	0.0600000005939192
718000	0.0600000005939192
719000	0.0600000005939192
720000	0.0600000005939192
721000	0.0600000005939192
722000	0.0600000005939192
723000	0.0600000005939192
724000	0.0600000005939192
725000	0.0600000005939192
726000	0.0600000005939192
727000	0.0600000005939192
728000	0.0600000005939192
729000	0.0600000005939192
730000	0.0600000005939192
731000	0.0600000005939192
732000	0.0600000005939192
733000	0.0600000005939192
734000	0.0600000005939192
735000	0.0600000005939192
736000	0.0600000005939192
737000	0.0600000005939192
738000	0.0600000005939192
739000	0.0600000005939192
740000	0.0600000005939192
741000	0.0600000005939192
742000	0.0600000005939192
743000	0.0600000005939192
744000	0.0600000005939192
745000	0.0600000005939192
746000	0.0600000005939192
747000	0.0600000005939192
748000	0.0600000005939192
749000	0.0600000005939192
750000	0.0600000005939192
751000	0.0600000005939192
752000	0.0600000005939192
753000	0.0600000005939192
754000	0.0600000005939192
755000	0.0600000005939192
756000	0.0600000005939192
757000	0.0600000005939192
758000	0.0600000005939192
759000	0.0600000005939192
760000	0.0600000005939192
761000	0.0600000005939192
762000	0.0600000005939192
763000	0.0600000005939192
764000	0.0600000005939192
765000	0.0600000005939192
766000	0.0600000005939192
767000	0.0600000005939192
768000	0.0600000005939192
769000	0.0600000005939192
770000	0.0600000005939192
771000	0.0600000005939192
772000	0.0600000005939192
773000	0.0600000005939192
774000	0.0600000005939192
775000	0.0600000005939192
776000	0.0600000005939192
777000	0.0600000005939192
778000	0.0600000005939192
779000	0.0600000005939192
780000	0.0600000005939192
781000	0.0600000005939192
782000	0.0600000005939192
783000	0.0600000005939192
784000	0.0600000005939192
785000	0.0600000005939192
786000	0.0600000005939192
787000	0.0600000005939192
788000	0.0600000005939192
789000	0.0600000005939192
790000	0.0600000005939192
791000	0.0600000005939192
792000	0.0600000005939192
793000	0.0600000005939192
794000	0.0600000005939192
795000	0.0600000005939192
796000	0.0600000005939192
797000	0.0600000005939192
798000	0.0600000005939192
799000	0.0600000005939192
800000	0.0600000005939192
801000	0.0600000005939192
802000	0.0600000005939192
803000	0.0600000005939192
804000	0.0600000005939192
805000	0.0600000005939192
806000	0.0600000005939192
807000	0.0600000005939192
808000	0.0600000005939192
809000	0.0600000005939192
810000	0.0600000005939192
811000	0.0600000005939192
812000	0.0600000005939192
813000	0.0600000005939192
814000	0.0600000005939192
815000	0.0600000005939192
816000	0.0600000005939192
817000	0.0600000005939192
818000	0.0600000005939192
819000	0.0600000005939192
820000	0.0600000005939192
821000	0.0600000005939192
822000	0.0600000005939192
823000	0.0600000005939192
824000	0.0600000005939192
825000	0.0600000005939192
826000	0.0600000005939192
827000	0.0600000005939192
828000	0.0600000005939192
829000	0.0600000005939192
830000	0.0600000005939192
831000	0.0600000005939192
832000	0.0600000005939192
833000	0.0600000005939192
834000	0.0600000005939192
835000	0.0600000005939192
836000	0.0600000005939192
837000	0.0600000005939192
838000	0.0600000005939192
839000	0.0600000005939192
840000	0.0600000005939192
841000	0.0600000005939192
842000	0.0600000005939192
843000	0.0600000005939192
844000	0.0600000005939192
845000	0.0600000005939192
846000	0.0600000005939192
847000	0.0600000005939192
848000	0.0600000005939192
849000	0.0600000005939192
850000	0.0600000005939192
851000	0.0600000005939192
852000	0.0600000005939192
853000	0.0600000005939192
854000	0.0600000005939192
855000	0.0600000005939192
856000	0.0600000005939192
857000	0.0600000005939192
858000	0.0600000005939192
859000	0.0600000005939192
860000	0.0600000005939192
861000	0.0600000005939192
862000	0.0600000005939192
863000	0.0600000005939192
864000	0.0600000005939192
865000	0.0600000005939192
866000	0.0600000005939192
867000	0.0600000005939192
868000	0.0600000005939192
869000	0.0600000005939192
870000	0.0600000005939192
871000	0.0600000005939192
872000	0.0600000005939192
873000	0.0600000005939192
874000	0.0600000005939192
875000	0.0600000005939192
876000	0.0600000005939192
877000	0.0600000005939192
878000	0.0600000005939192
879000	0.0600000005939192
880000	0.0600000005939192
881000	0.0600000005939192
882000	0.0600000005939192
883000	0.0600000005939192
884000	0.0600000005939192
885000	0.0600000005939192
886000	0.0600000005939192
887000	0.0600000005939192
888000	0.0600000005939192
889000	0.0600000005939192
890000	0.0600000005939192
891000	0.0600000005939192
892000	0.0600000005939192
893000	0.0600000005939192
894000	0.0600000005939192
895000	0.0600000005939192
896000	0.0600000005939192
897000	0.0600000005939192
898000	0.0600000005939192
899000	0.0600000005939192
900000	0.0600000005939192
901000	0.0600000005939192
902000	0.0600000005939192
903000	0.0600000005939192
904000	0.0600000005939192
905000	0.0600000005939192
906000	0.0600000005939192
907000	0.0600000005939192
908000	0.0600000005939192
909000	0.0600000005939192
910000	0.0600000005939192
911000	0.0600000005939192
912000	0.0600000005939192
913000	0.0600000005939192
914000	0.0600000005939192
915000	0.0600000005939192
916000	0.0600000005939192
917000	0.0600000005939192
918000	0.0600000005939192
919000	0.0600000005939192
920000	0.0600000005939192
921000	0.0600000005939192
922000	0.0600000005939192
923000	0.0600000005939192
924000	0.0600000005939192
925000	0.0600000005939192
926000	0.0600000005939192
927000	0.0600000005939192
928000	0.0600000005939192
929000	0.0600000005939192
930000	0.0600000005939192
931000	0.0600000005939192
932000	0.0600000005939192
933000	0.0600000005939192
934000	0.0600000005939192
935000	0.0600000005939192
936000	0.0600000005939192
937000	0.0600000005939192
938000	0.0600000005939192
939000	0.0600000005939192
940000	0.0600000005939192
941000	0.0600000005939192
942000	0.0600000005939192
943000	0.0600000005939192
944000	0.0600000005939192
945000	0.0600000005939192
946000	0.0600000005939192
947000	0.0600000005939192
948000	0.0600000005939192
949000	0.0600000005939192
950000	0.0600000005939192
951000	0.0600000005939192
952000	0.0600000005939192
953000	0.0600000005939192
954000	0.0600000005939192
955000	0.0600000005939192
956000	0.0600000005939192
957000	0.0600000005939192
958000	0.0600000005939192
959000	0.0600000005939192
960000	0.0600000005939192
961000	0.0600000005939192
962000	0.0600000005939192
963000	0.0600000005939192
964000	0.0600000005939192
965000	0.0600000005939192
966000	0.0600000005939192
967000	0.0600000005939192
968000	0.0600000005939192
969000	0.0600000005939192
970000	0.0600000005939192
971000	0.0600000005939192
972000	0.0600000005939192
973000	0.0600000005939192
974000	0.0600000005939192
975000	0.0600000005939192
976000	0.0600000005939192
977000	0.0600000005939192
978000	0.0600000005939192
979000	0.0600000005939192
980000	0.0600000005939192
981000	0.0600000005939192
982000	0.0600000005939192
983000	0.0600000005939192
984000	0.0600000005939192
985000	0.0600000005939192
986000	0.0600000005939192
987000	0.0600000005939192
988000	0.0600000005939192
989000	0.0600000005939192
990000	0.0600000005939192
991000	0.0600000005939192
992000	0.0600000005939192
993000	0.0600000005939192
994000	0.0600000005939192
995000	0.0600000005939192
996000	0.0600000005939192
997000	0.0600000005939192
998000	0.0600000005939192
999000	0.0600000005939192
