0	0.0700000000009432
1000	0.0700000008608622
2000	0.0700000015737478
3000	0.0700000021647402
4000	0.0700000026546817
5000	0.0700000030608504
6000	0.0700000033975703
7000	0.0700000036767158
8000	0.0700000039081317
9000	0.0700000040999789
10000	0.0700000042590234
11000	0.0700000043908732
12000	0.0700000045001787
13000	0.0700000045907945
14000	0.0700000046659162
15000	0.0700000047281934
16000	0.0700000047798221
17000	0.0700000048226231
18000	0.0700000048581056
19000	0.0700000048875212
20000	0.0700000049119072
21000	0.0700000049321236
22000	0.0700000049488832
23000	0.0700000049627772
24000	0.0700000049742955
25000	0.0700000049838443
26000	0.0700000049917605
27000	0.0700000049983231
28000	0.0700000050037635
29000	0.0700000050082738
30000	0.0700000050120128
31000	0.0700000050151125
32000	0.0700000050176823
33000	0.0700000050198126
34000	0.0700000050215786
35000	0.0700000050230427
36000	0.0700000050242565
37000	0.0700000050252627
38000	0.0700000050260969
39000	0.0700000050267885
40000	0.0700000050273619
41000	0.0700000050278369
42000	0.0700000050282309
43000	0.0700000050285578
44000	0.0700000050288284
45000	0.0700000050290529
46000	0.0700000050292388
47000	0.0700000050293929
48000	0.0700000050295212
49000	0.0700000050296265
50000	0.0700000050297146
51000	0.0700000050297873
52000	0.070000005029847
53000	0.0700000050298975
54000	0.0700000050299392
55000	0.0700000050299727
56000	0.0700000050300005
57000	0.0700000050300282
58000	0.0700000050300432
59000	0.0700000050300571
60000	0.070000005030071
61000	0.0700000050300849
62000	0.0700000050300987
63000	0.0700000050301045
64000	0.0700000050301045
65000	0.0700000050301045
66000	0.0700000050301045
67000	0.0700000050301045
68000	0.0700000050301045
69000	0.0700000050301045
70000	0.0700000050301045
71000	0.0700000050301045
72000	0.0700000050301045
73000	0.0700000050301045
74000	0.0700000050301045
75000	0.0700000050301045
76000	0.0700000050301045
77000	0.0700000050301045
78000	0.0700000050301045
79000	0.0700000050301045
80000	0.0700000050301045
81000	0.0700000050301045
82000	0.0700000050301045
83000	0.0700000050301045
84000	0.0700000050301045
85000	0.0700000050301045
86000	0.0700000050301045
87000	0.0700000050301045
88000	0.0700000050301045
89000	0.0700000050301045
90000	0.0700000050301045
91000	0.0700000050301045
92000	0.0700000050301045
93000	0.0700000050301045
94000	0.0700000050301045
95000	0.0700000050301045
96000	0.0700000050301045
97000	0.0700000050301045
98000	0.0700000050301045
99000	0.0700000050301045
100000	0.0700000050301045
101000	0.0700000050301045
102000	0.0700000050301045
103000	0.0700000050301045
104000	0.0700000050301045
105000	0.0700000050301045
106000	0.0700000050301045
107000	0.0700000050301045
108000	0.0700000050301045
109000	0.0700000050301045
110000	0.0700000050301045
111000	0.0700000050301045
112000	0.0700000050301045
113000	0.0700000050301045
114000	0.0700000050301045
115000	0.0700000050301045
116000	0.0700000050301045
117000	0.0700000050301045
118000	0.0700000050301045
119000	0.0700000050301045
120000	0.0700000050301045
121000	0.0700000050301045
122000	0.0700000050301045
123000	0.0700000050301045
124000	0.0700000050301045
125000	0.0700000050301045
126000	0.0700000050301045
127000	0.0700000050301045
128000	0.0700000050301045
129000	0.0700000050301045
130000	0.0700000050301045
131000	0.0700000050301045
132000	0.0700000050301045
133000	0.0700000050301045
134000	0.0700000050301045
135000	0.0700000050301045
136000	0.0700000050301045
137000	0.0700000050301045
138000	0.0700000050301045
139000	0.0700000050301045
140000	0.0700000050301045
141000	0.0700000050301045
142000	0.0700000050301045
143000	0.0700000050301045
144000	0.0700000050301045
145000	0.0700000050301045
146000	0.0700000050301045
147000	0.0700000050301045
148000	0.0700000050301045
149000	0.0700000050301045
150000	0.0700000050301045
151000	0.0700000050301045
152000	0.0700000050301045
153000	0.0700000050301045
154000	0.0700000050301045
155000	0.0700000050301045
156000	0.0700000050301045
157000	0.0700000050301045
158000	0.0700000050301045
159000	0.0700000050301045
160000	0.0700000050301045
161000	0.0700000050301045
162000	0.0700000050301045
163000	0.0700000050301045
164000	0.0700000050301045
165000	0.0700000050301045
166000	0.0700000050301045
167000	0.0700000050301045
168000	0.0700000050301045
169000	0.0700000050301045
170000	0.0700000050301045
171000	0.0700000050301045
172000	0.0700000050301045
173000	0.0700000050301045
174000	0.0700000050301045
175000	0.0700000050301045
176000	0.0700000050301045
177000	0.0700000050301045
178000	0.0700000050301045
179000	0.0700000050301045
180000	0.0700000050301045
181000	0.0700000050301045
182000	0.0700000050301045
183000	0.0700000050301045
184000	0.0700000050301045
185000	0.0700000050301045
186000	0.0700000050301045
187000	0.0700000050301045
188000	0.0700000050301045
189000	0.0700000050301045
190000	0.0700000050301045
191000	0.0700000050301045
192000	0.0700000050301045
193000	0.0700000050301045
194000	0.0700000050301045
195000	0.0700000050301045
196000	0.0700000050301045
197000	0.0700000050301045
198000	0.0700000050301045
199000	0.0700000050301045
200000	0.0700000050301045
201000	0.0700000050301045
202000	0.0700000050301045
203000	0.0700000050301045
204000	0.0700000050301045
205000	0.0700000050301045
206000	0.0700000050301045
207000	0.0700000050301045
208000	0.0700000050301045
209000	0.0700000050301045
210000	0.0700000050301045
211000	0.0700000050301045
212000	0.0700000050301045
213000	0.0700000050301045
214000	0.0700000050301045
215000	0.0700000050301045
216000	0.0700000050301045
217000	0.0700000050301045
218000	0.0700000050301045
219000	0.0700000050301045
220000	0.0700000050301045
221000	0.0700000050301045
222000	0.0700000050301045
223000	0.0700000050301045
224000	0.0700000050301045
225000	0.0700000050301045
226000	0.0700000050301045
227000	0.0700000050301045
228000	0.0700000050301045
229000	0.0700000050301045
230000	0.0700000050301045
231000	0.0700000050301045
232000	0.0700000050301045
233000	0.0700000050301045
234000	0.0700000050301045
235000	0.0700000050301045
236000	0.0700000050301045
237000	0.0700000050301045
238000	0.0700000050301045
239000	0.0700000050301045
240000	0.0700000050301045
241000	0.0700000050301045
242000	0.0700000050301045
243000	0.0700000050301045
244000	0.0700000050301045
245000	0.0700000050301045
246000	0.0700000050301045
247000	0.0700000050301045
248000	0.0700000050301045
249000	0.0700000050301045
250000	0.0700000050301045
251000	0.0700000050301045
252000	0.0700000050301045
253000	0.0700000050301045
254000	0.0700000050301045
255000	0.0700000050301045
256000	0.0700000050301045
257000	0.0700000050301045
258000	0.0700000050301045
259000	0.0700000050301045
260000	0.0700000050301045
261000	0.0700000050301045
262000	0.0700000050301045
263000	0.0700000050301045
264000	0.0700000050301045
265000	0.0700000050301045
266000	0.0700000050301045
267000	0.0700000050301045
268000	0.0700000050301045
269000	0.0700000050301045
270000	0.0700000050301045
271000	0.0700000050301045
272000	0.0700000050301045
273000	0.0700000050301045
274000	0.0700000050301045
275000	0.0700000050301045
276000	0.0700000050301045
277000	0.0700000050301045
278000	0.0700000050301045
279000	0.0700000050301045
280000	0.0700000050301045
281000	0.0700000050301045
282000	0.0700000050301045
283000	0.0700000050301045
284000	0.0700000050301045
285000	0.0700000050301045
286000	0.0700000050301045
287000	0.0700000050301045
288000	0.0700000050301045
289000	0.0700000050301045
290000	0.0700000050301045
291000	0.0700000050301045
292000	0.0700000050301045
293000	0.0700000050301045
294000	0.0700000050301045
295000	0.0700000050301045
296000	0.0700000050301045
297000	0.0700000050301045
298000	0.0700000050301045
299000	0.0700000050301045
300000	0.0700000050301045
301000	0.0700000050301045
302000	0.0700000050301045
303000	0.0700000050301045
304000	0.0700000050301045
305000	0.0700000050301045
306000	0.0700000050301045
307000	0.0700000050301045
308000	0.0700000050301045
309000	0.0700000050301045
310000	0.0700000050301045
311000	0.0700000050301045
312000	0.0700000050301045
313000	0.0700000050301045
314000	0.0700000050301045
315000	0.0700000050301045
316000	0.0700000050301045
317000	0.0700000050301045
318000	0.0700000050301045
319000	0.0700000050301045
320000	0.0700000050301045
321000	0.0700000050301045
322000	0.0700000050301045
323000	0.0700000050301045
324000	0.0700000050301045
325000	0.0700000050301045
326000	0.0700000050301045
327000	0.0700000050301045
328000	0.0700000050301045
329000	0.0700000050301045
330000	0.0700000050301045
331000	0.0700000050301045
332000	0.0700000050301045
333000	0.0700000050301045
334000	0.0700000050301045
335000	0.0700000050301045
336000	0.0700000050301045
337000	0.0700000050301045
338000	0.0700000050301045
339000	0.0700000050301045
340000	0.0700000050301045
341000	0.0700000050301045
342000	0.0700000050301045
343000	0.0700000050301045
344000	0.0700000050301045
345000	0.0700000050301045
346000	0.0700000050301045
347000	0.0700000050301045
348000	0.0700000050301045
349000	0.0700000050301045
350000	0.0700000050301045
351000	0.0700000050301045
352000	0.0700000050301045
353000	0.0700000050301045
354000	0.0700000050301045
355000	0.0700000050301045
356000	0.0700000050301045
357000	0.0700000050301045
358000	0.0700000050301045
359000	0.0700000050301045
360000	0.0700000050301045
361000	0.0700000050301045
362000	0.0700000050301045
363000	0.0700000050301045
364000	0.0700000050301045
365000	0.0700000050301045
366000	0.0700000050301045
367000	0.0700000050301045
368000	0.0700000050301045
369000	0.0700000050301045
370000	0.0700000050301045
371000	0.0700000050301045
372000	0.0700000050301045
373000	0.0700000050301045
374000	0.0700000050301045
375000	0.0700000050301045
376000	0.0700000050301045
377000	0.0700000050301045
378000	0.0700000050301045
379000	0.0700000050301045
380000	0.0700000050301045
381000	0.0700000050301045
382000	0.0700000050301045
383000	0.0700000050301045
384000	0.0700000050301045
385000	0.0700000050301045
386000	0.0700000050301045
387000	0.0700000050301045
388000	0.0700000050301045
389000	0.0700000050301045
390000	0.0700000050301045
391000	0.0700000050301045
392000	0.0700000050301045
393000	0.0700000050301045
394000	0.0700000050301045
395000	0.0700000050301045
396000	0.0700000050301045
397000	0.0700000050301045
398000	0.0700000050301045
399000	0.0700000050301045
400000	0.0700000050301045
401000	0.0700000050301045
402000	0.0700000050301045
403000	0.0700000050301045
404000	0.0700000050301045
405000	0.0700000050301045
406000	0.0700000050301045
407000	0.0700000050301045
408000	0.0700000050301045
409000	0.0700000050301045
410000	0.0700000050301045
411000	0.0700000050301045
412000	0.0700000050301045
413000	0.0700000050301045
414000	0.0700000050301045
415000	0.0700000050301045
416000	0.0700000050301045
417000	0.0700000050301045
418000	0.0700000050301045
419000	0.0700000050301045
420000	0.0700000050301045
421000	0.0700000050301045
422000	0.0700000050301045
423000	0.0700000050301045
424000	0.0700000050301045
425000	0.0700000050301045
426000	0.0700000050301045
427000	0.0700000050301045
428000	0.0700000050301045
429000	0.0700000050301045
430000	0.0700000050301045
431000	0.0700000050301045
432000	0.0700000050301045
433000	0.0700000050301045
434000	0.0700000050301045
435000	0.0700000050301045
436000	0.0700000050301045
437000	0.0700000050301045
438000	0.0700000050301045
439000	0.0700000050301045
440000	0.0700000050301045
441000	0.0700000050301045
442000	0.0700000050301045
443000	0.0700000050301045
444000	0.0700000050301045
445000	0.0700000050301045
446000	0.0700000050301045
447000	0.0700000050301045
448000	0.0700000050301045
449000	0.0700000050301045
450000	0.0700000050301045
451000	0.0700000050301045
452000	0.0700000050301045
453000	0.0700000050301045
454000	0.0700000050301045
455000	0.0700000050301045
456000	0.0700000050301045
457000	0.0700000050301045
458000	0.0700000050301045
459000	0.0700000050301045
460000	0.0700000050301045
461000	0.0700000050301045
462000	0.0700000050301045
463000	0.0700000050301045
464000	0.0700000050301045
465000	0.0700000050301045
466000	0.0700000050301045
467000	0.0700000050301045
468000	0.0700000050301045
469000	0.0700000050301045
470000	0.0700000050301045
471000	0.0700000050301045
472000	0.0700000050301045
473000	0.0700000050301045
474000	0.0700000050301045
475000	0.0700000050301045
476000	0.0700000050301045
477000	0.0700000050301045
478000	0.0700000050301045
479000	0.0700000050301045
480000	0.0700000050301045
481000	0.0700000050301045
482000	0.0700000050301045
483000	0.0700000050301045
484000	0.0700000050301045
485000	0.0700000050301045
486000	0.0700000050301045
487000	0.0700000050301045
488000	0.0700000050301045
489000	0.0700000050301045
490000	0.0700000050301045
491000	0.0700000050301045
492000	0.0700000050301045
493000	0.0700000050301045
494000	0.0700000050301045
495000	0.0700000050301045
496000	0.0700000050301045
497000	0.0700000050301045
498000	0.0700000050301045
499000	0.0700000050301045
500000	0.0700000050301045
501000	0.0700000050301045
502000	0.0700000050301045
503000	0.0700000050301045
504000	0.0700000050301045
505000	0.0700000050301045
506000	0.0700000050301045
507000	0.0700000050301045
508000	0.0700000050301045
509000	0.0700000050301045
510000	0.0700000050301045
511000	0.0700000050301045
512000	0.0700000050301045
513000	0.0700000050301045
514000	0.0700000050301045
515000	0.0700000050301045
516000	0.0700000050301045
517000	0.0700000050301045
518000	0.0700000050301045
519000	0.0700000050301045
520000	0.0700000050301045
521000	0.0700000050301045
522000	0.0700000050301045
523000	0.0700000050301045
524000	0.0700000050301045
525000	0.0700000050301045
526000	0.0700000050301045
527000	0.0700000050301045
528000	0.0700000050301045
529000	0.0700000050301045
530000	0.0700000050301045
531000	0.0700000050301045
532000	0.0700000050301045
533000	0.0700000050301045
534000	0.0700000050301045
535000	0.0700000050301045
536000	0.0700000050301045
537000	0.0700000050301045
538000	0.0700000050301045
539000	0.0700000050301045
540000	0.0700000050301045
541000	0.0700000050301045
542000	0.0700000050301045
543000	0.0700000050301045
544000	0.0700000050301045
545000	0.0700000050301045
546000	0.0700000050301045
547000	0.0700000050301045
548000	0.0700000050301045
549000	0.0700000050301045
550000	0.0700000050301045
551000	0.0700000050301045
552000	0.0700000050301045
553000	0.0700000050301045
554000	0.0700000050301045
555000	0.0700000050301045
556000	0.0700000050301045
557000	0.0700000050301045
558000	0.0700000050301045
559000	0.0700000050301045
560000	0.0700000050301045
561000	0.0700000050301045
562000	0.0700000050301045
563000	0.0700000050301045
564000	0.0700000050301045
565000	0.0700000050301045
566000	0.0700000050301045
567000	0.0700000050301045
568000	0.0700000050301045
569000	0.0700000050301045
570000	0.0700000050301045
571000	0.0700000050301045
572000	0.0700000050301045
573000	0.0700000050301045
574000	0.0700000050301045
575000	0.0700000050301045
576000	0.0700000050301045
577000	0.0700000050301045
578000	0.0700000050301045
579000	0.0700000050301045
580000	0.0700000050301045
581000	0.0700000050301045
582000	0.0700000050301045
583000	0.0700000050301045
584000	0.0700000050301045
585000	0.0700000050301045
586000	0.0700000050301045
587000	0.0700000050301045
588000	0.0700000050301045
589000	0.0700000050301045
590000	0.0700000050301045
591000	0.0700000050301045
592000	0.0700000050301045
593000	0.0700000050301045
594000	0.0700000050301045
595000	0.0700000050301045
596000	0.0700000050301045
597000	0.0700000050301045
598000	0.0700000050301045
599000	0.0700000050301045
600000	0.0700000050301045
601000	0.0700000050301045
602000	0.0700000050301045
603000	0.0700000050301045
604000	0.0700000050301045
605000	0.0700000050301045
606000	0.0700000050301045
607000	0.0700000050301045
608000	0.0700000050301045
609000	0.0700000050301045
610000	0.0700000050301045
611000	0.0700000050301045
612000	0.0700000050301045
613000	0.0700000050301045
614000	0.0700000050301045
615000	0.0700000050301045
616000	0.0700000050301045
617000	0.0700000050301045
618000	0.0700000050301045
619000	0.0700000050301045
620000	0.0700000050301045
621000	0.0700000050301045
622000	0.0700000050301045
623000	0.0700000050301045
624000	0.0700000050301045
625000	0.0700000050301045
626000	0.0700000050301045
627000	0.0700000050301045
628000	0.0700000050301045
629000	0.0700000050301045
630000	0.0700000050301045
631000	0.0700000050301045
632000	0.0700000050301045
633000	0.0700000050301045
634000	0.0700000050301045
635000	0.0700000050301045
636000	0.0700000050301045
637000	0.0700000050301045
638000	0.0700000050301045
639000	0.0700000050301045
640000	0.0700000050301045
641000	0.0700000050301045
642000	0.0700000050301045
643000	0.0700000050301045
644000	0.0700000050301045
645000	0.0700000050301045
646000	0.0700000050301045
647000	0.0700000050301045
648000	0.0700000050301045
649000	0.0700000050301045
650000	0.0700000050301045
651000	0.0700000050301045
652000	0.0700000050301045
653000	0.0700000050301045
654000	0.0700000050301045
655000	0.0700000050301045
656000	0.0700000050301045
657000	0.0700000050301045
658000	0.0700000050301045
659000	0.0700000050301045
660000	0.0700000050301045
661000	0.0700000050301045
662000	0.0700000050301045
663000	0.0700000050301045
664000	0.0700000050301045
665000	0.0700000050301045
666000	0.0700000050301045
667000	0.0700000050301045
668000	0.0700000050301045
669000	0.0700000050301045
670000	0.0700000050301045
671000	0.0700000050301045
672000	0.0700000050301045
673000	0.0700000050301045
674000	0.0700000050301045
675000	0.0700000050301045
676000	0.0700000050301045
677000	0.0700000050301045
678000	0.0700000050301045
679000	0.0700000050301045
680000	0.0700000050301045
681000	0.0700000050301045
682000	0.0700000050301045
683000	0.0700000050301045
684000	0.0700000050301045
685000	0.0700000050301045
686000	0.0700000050301045
687000	0.0700000050301045
688000	0.0700000050301045
689000	0.0700000050301045
690000	0.0700000050301045
691000	0.0700000050301045
692000	0.0700000050301045
693000	0.0700000050301045
694000	0.0700000050301045
695000	0.0700000050301045
696000	0.0700000050301045
697000	0.0700000050301045
698000	0.0700000050301045
699000	0.0700000050301045
700000	0.0700000050301045
701000	0.0700000050301045
702000	0.0700000050301045
703000	0.0700000050301045
704000	0.0700000050301045
705000	0.0700000050301045
706000	0.0700000050301045
707000	0.0700000050301045
708000	0.0700000050301045
709000	0.0700000050301045
710000	0.0700000050301045
711000	0.0700000050301045
712000	0.0700000050301045
713000	0.0700000050301045
714000	0.0700000050301045
715000	0.0700000050301045
716000	0.0700000050301045
717000	0.0700000050301045
718000	0.0700000050301045
719000	0.0700000050301045
720000	0.0700000050301045
721000	0.0700000050301045
722000	0.0700000050301045
723000	0.0700000050301045
724000	0.0700000050301045
725000	0.0700000050301045
726000	0.0700000050301045
727000	0.0700000050301045
728000	0.0700000050301045
729000	0.0700000050301045
730000	0.0700000050301045
731000	0.0700000050301045
732000	0.0700000050301045
733000	0.0700000050301045
734000	0.0700000050301045
735000	0.0700000050301045
736000	0.0700000050301045
737000	0.0700000050301045
738000	0.0700000050301045
739000	0.0700000050301045
740000	0.0700000050301045
741000	0.0700000050301045
742000	0.0700000050301045
743000	0.0700000050301045
744000	0.0700000050301045
745000	0.0700000050301045
746000	0.0700000050301045
747000	0.0700000050301045
748000	0.0700000050301045
749000	0.0700000050301045
750000	0.0700000050301045
751000	0.0700000050301045
752000	0.0700000050301045
753000	0.0700000050301045
754000	0.0700000050301045
755000	0.0700000050301045
756000	0.0700000050301045
757000	0.0700000050301045
758000	0.0700000050301045
759000	0.0700000050301045
760000	0.0700000050301045
761000	0.0700000050301045
762000	0.0700000050301045
763000	0.0700000050301045
764000	0.0700000050301045
765000	0.0700000050301045
766000	0.0700000050301045
767000	0.0700000050301045
768000	0.0700000050301045
769000	0.0700000050301045
770000	0.0700000050301045
771000	0.0700000050301045
772000	0.0700000050301045
773000	0.0700000050301045
774000	0.0700000050301045
775000	0.0700000050301045
776000	0.0700000050301045
777000	0.0700000050301045
778000	0.0700000050301045
779000	0.0700000050301045
780000	0.0700000050301045
781000	0.0700000050301045
782000	0.0700000050301045
783000	0.0700000050301045
784000	0.0700000050301045
785000	0.0700000050301045
786000	0.0700000050301045
787000	0.0700000050301045
788000	0.0700000050301045
789000	0.0700000050301045
790000	0.0700000050301045
791000	0.0700000050301045
792000	0.0700000050301045
793000	0.0700000050301045
794000	0.0700000050301045
795000	0.0700000050301045
796000	0.0700000050301045
797000	0.0700000050301045
798000	0.0700000050301045
799000	0.0700000050301045
800000	0.0700000050301045
801000	0.0700000050301045
802000	0.0700000050301045
803000	0.0700000050301045
804000	0.0700000050301045
805000	0.0700000050301045
806000	0.0700000050301045
807000	0.0700000050301045
808000	0.0700000050301045
809000	0.0700000050301045
810000	0.0700000050301045
811000	0.0700000050301045
812000	0.0700000050301045
813000	0.0700000050301045
814000	0.0700000050301045
815000	0.0700000050301045
816000	0.0700000050301045
817000	0.0700000050301045
818000	0.0700000050301045
819000	0.0700000050301045
820000	0.0700000050301045
821000	0.0700000050301045
822000	0.0700000050301045
823000	0.0700000050301045
824000	0.0700000050301045
825000	0.0700000050301045
826000	0.0700000050301045
827000	0.0700000050301045
828000	0.0700000050301045
829000	0.0700000050301045
830000	0.0700000050301045
831000	0.0700000050301045
832000	0.0700000050301045
833000	0.0700000050301045
834000	0.0700000050301045
835000	0.0700000050301045
836000	0.0700000050301045
837000	0.0700000050301045
838000	0.0700000050301045
839000	0.0700000050301045
840000	0.0700000050301045
841000	0.0700000050301045
842000	0.0700000050301045
843000	0.0700000050301045
844000	0.0700000050301045
845000	0.0700000050301045
846000	0.0700000050301045
847000	0.0700000050301045
848000	0.0700000050301045
849000	0.0700000050301045
850000	0.0700000050301045
851000	0.0700000050301045
852000	0.0700000050301045
853000	0.0700000050301045
854000	0.0700000050301045
855000	0.0700000050301045
856000	0.0700000050301045
857000	0.0700000050301045
858000	0.0700000050301045
859000	0.0700000050301045
860000	0.0700000050301045
861000	0.0700000050301045
862000	0.0700000050301045
863000	0.0700000050301045
864000	0.0700000050301045
865000	0.0700000050301045
866000	0.0700000050301045
867000	0.0700000050301045
868000	0.0700000050301045
869000	0.0700000050301045
870000	0.0700000050301045
871000	0.0700000050301045
872000	0.0700000050301045
873000	0.0700000050301045
874000	0.0700000050301045
875000	0.0700000050301045
876000	0.0700000050301045
877000	0.0700000050301045
878000	0.0700000050301045
879000	0.0700000050301045
880000	0.0700000050301045
881000	0.0700000050301045
882000	0.0700000050301045
883000	0.0700000050301045
884000	0.0700000050301045
885000	0.0700000050301045
886000	0.0700000050301045
887000	0.0700000050301045
888000	0.0700000050301045
889000	0.0700000050301045
890000	0.0700000050301045
891000	0.0700000050301045
892000	0.0700000050301045
893000	0.0700000050301045
894000	0.0700000050301045
895000	0.0700000050301045
896000	0.0700000050301045
897000	0.0700000050301045
898000	0.0700000050301045
899000	0.0700000050301045
900000	0.0700000050301045
901000	0.0700000050301045
902000	0.0700000050301045
903000	0.0700000050301045
904000	0.0700000050301045
905000	0.0700000050301045
906000	0.0700000050301045
907000	0.0700000050301045
908000	0.0700000050301045
909000	0.0700000050301045
910000	0.0700000050301045
911000	0.0700000050301045
912000	0.0700000050301045
913000	0.0700000050301045
914000	0.0700000050301045
915000	0.0700000050301045
916000	0.0700000050301045
917000	0.0700000050301045
918000	0.0700000050301045
919000	0.0700000050301045
920000	0.0700000050301045
921000	0.0700000050301045
922000	0.0700000050301045
923000	0.0700000050301045
924000	0.0700000050301045
925000	0.0700000050301045
926000	0.0700000050301045
927000	0.0700000050301045
928000	0.0700000050301045
929000	0.0700000050301045
930000	0.0700000050301045
931000	0.0700000050301045
932000	0.0700000050301045
933000	0.0700000050301045
934000	0.0700000050301045
935000	0.0700000050301045
936000	0.0700000050301045
937000	0.0700000050301045
938000	0.0700000050301045
939000	0.0700000050301045
940000	0.0700000050301045
941000	0.0700000050301045
942000	0.0700000050301045
943000	0.0700000050301045
944000	0.0700000050301045
945000	0.0700000050301045
946000	0.0700000050301045
947000	0.0700000050301045
948000	0.0700000050301045
949000	0.0700000050301045
950000	0.0700000050301045
951000	0.0700000050301045
952000	0.0700000050301045
953000	0.0700000050301045
954000	0.0700000050301045
955000	0.0700000050301045
956000	0.0700000050301045
957000	0.0700000050301045
958000	0.0700000050301045
959000	0.0700000050301045
960000	0.0700000050301045
961000	0.0700000050301045
962000	0.0700000050301045
963000	0.0700000050301045
964000	0.0700000050301045
965000	0.0700000050301045
966000	0.0700000050301045
967000	0.0700000050301045
968000	0.0700000050301045
969000	0.0700000050301045
970000	0.0700000050301045
971000	0.0700000050301045
972000	0.0700000050301045
973000	0.0700000050301045
974000	0.0700000050301045
975000	0.0700000050301045
976000	0.0700000050301045
977000	0.0700000050301045
978000	0.0700000050301045
979000	0.0700000050301045
980000	0.0700000050301045
981000	0.0700000050301045
982000	0.0700000050301045
983000	0.0700000050301045
984000	0.0700000050301045
985000	0.0700000050301045
986000	0.0700000050301045
987000	0.0700000050301045
988000	0.0700000050301045
989000	0.0700000050301045
990000	0.0700000050301045
991000	0.0700000050301045
992000	0.0700000050301045
993000	0.0700000050301045
994000	0.0700000050301045
995000	0.0700000050301045
996000	0.0700000050301045
997000	0.0700000050301045
998000	0.0700000050301045
999000	0.0700000050301045
