0	0.0800000000057438
1000	0.0800000052426451
2000	0.0800000095841168
3000	0.0800000131832634
4000	0.0800000161670111
5000	0.0800000186405836
6000	0.0800000206912133
7000	0.0800000223912168
8000	0.0800000238005457
9000	0.080000024968901
10000	0.0800000259374854
11000	0.0800000267404568
12000	0.0800000274061324
13000	0.0800000279579876
14000	0.0800000284154842
15000	0.080000028794756
16000	0.0800000291091781
17000	0.0800000293698389
18000	0.0800000295859304
19000	0.0800000297650738
20000	0.0800000299135864
21000	0.0800000300367055
22000	0.0800000301387733
23000	0.0800000302233889
24000	0.0800000302935366
25000	0.0800000303516902
26000	0.0800000303999003
27000	0.0800000304398673
28000	0.0800000304730005
29000	0.0800000305004685
30000	0.0800000305232399
31000	0.0800000305421176
32000	0.0800000305577677
33000	0.0800000305707418
34000	0.0800000305814975
35000	0.0800000305904142
36000	0.0800000305978062
37000	0.0800000306039343
38000	0.0800000306090146
39000	0.0800000306132262
40000	0.0800000306167177
41000	0.0800000306196123
42000	0.0800000306220118
43000	0.0800000306240012
44000	0.0800000306256503
45000	0.0800000306270175
46000	0.0800000306281509
47000	0.0800000306290906
48000	0.0800000306298694
49000	0.0800000306305152
50000	0.0800000306310505
51000	0.0800000306314943
52000	0.0800000306318622
53000	0.0800000306321671
54000	0.0800000306324204
55000	0.0800000306326297
56000	0.0800000306328037
57000	0.0800000306329479
58000	0.0800000306330666
59000	0.0800000306331666
60000	0.0800000306332481
61000	0.0800000306333166
62000	0.0800000306333722
63000	0.0800000306334176
64000	0.0800000306334592
65000	0.0800000306334877
66000	0.0800000306335154
67000	0.0800000306335393
68000	0.0800000306335531
69000	0.080000030633567
70000	0.0800000306335809
71000	0.0800000306335948
72000	0.0800000306336087
73000	0.0800000306336093
74000	0.0800000306336093
75000	0.0800000306336093
76000	0.0800000306336093
77000	0.0800000306336093
78000	0.0800000306336093
79000	0.0800000306336093
80000	0.0800000306336093
81000	0.0800000306336093
82000	0.0800000306336093
83000	0.0800000306336093
84000	0.0800000306336093
85000	0.0800000306336093
86000	0.0800000306336093
87000	0.0800000306336093
88000	0.0800000306336093
89000	0.0800000306336093
90000	0.0800000306336093
91000	0.0800000306336093
92000	0.0800000306336093
93000	0.0800000306336093
94000	0.0800000306336093
95000	0.0800000306336093
96000	0.0800000306336093
97000	0.0800000306336093
98000	0.0800000306336093
99000	0.0800000306336093
100000	0.0800000306336093
101000	0.0800000306336093
102000	0.0800000306336093
103000	0.0800000306336093
104000	0.0800000306336093
105000	0.0800000306336093
106000	0.0800000306336093
107000	0.0800000306336093
108000	0.0800000306336093
109000	0.0800000306336093
110000	0.0800000306336093
111000	0.0800000306336093
112000	0.0800000306336093
113000	0.0800000306336093
114000	0.0800000306336093
115000	0.0800000306336093
116000	0.0800000306336093
117000	0.0800000306336093
118000	0.0800000306336093
119000	0.0800000306336093
120000	0.0800000306336093
121000	0.0800000306336093
122000	0.0800000306336093
123000	0.0800000306336093
124000	0.0800000306336093
125000	0.0800000306336093
126000	0.0800000306336093
127000	0.0800000306336093
128000	0.0800000306336093
129000	0.0800000306336093
130000	0.0800000306336093
131000	0.0800000306336093
132000	0.0800000306336093
133000	0.0800000306336093
134000	0.0800000306336093
135000	0.0800000306336093
136000	0.0800000306336093
137000	0.0800000306336093
138000	0.0800000306336093
139000	0.0800000306336093
140000	0.0800000306336093
141000	0.0800000306336093
142000	0.0800000306336093
143000	0.0800000306336093
144000	0.0800000306336093
145000	0.0800000306336093
146000	0.0800000306336093
147000	0.0800000306336093
148000	0.0800000306336093
149000	0.0800000306336093
150000	0.0800000306336093
151000	0.0800000306336093
152000	0.0800000306336093
153000	0.0800000306336093
154000	0.0800000306336093
155000	0.0800000306336093
156000	0.0800000306336093
157000	0.0800000306336093
158000	0.0800000306336093
159000	0.0800000306336093
160000	0.0800000306336093
161000	0.0800000306336093
162000	0.0800000306336093
163000	0.0800000306336093
164000	0.0800000306336093
165000	0.0800000306336093
166000	0.0800000306336093
167000	0.0800000306336093
168000	0.0800000306336093
169000	0.0800000306336093
170000	0.0800000306336093
171000	0.0800000306336093
172000	0.0800000306336093
173000	0.0800000306336093
174000	0.0800000306336093
175000	0.0800000306336093
176000	0.0800000306336093
177000	0.0800000306336093
178000	0.0800000306336093
179000	0.0800000306336093
180000	0.0800000306336093
181000	0.0800000306336093
182000	0.0800000306336093
183000	0.0800000306336093
184000	0.0800000306336093
185000	0.0800000306336093
186000	0.0800000306336093
187000	0.0800000306336093
188000	0.0800000306336093
189000	0.0800000306336093
190000	0.0800000306336093
191000	0.0800000306336093
192000	0.0800000306336093
193000	0.0800000306336093
194000	0.0800000306336093
195000	0.0800000306336093
196000	0.0800000306336093
197000	0.0800000306336093
198000	0.0800000306336093
199000	0.0800000306336093
200000	0.0800000306336093
201000	0.0800000306336093
202000	0.0800000306336093
203000	0.0800000306336093
204000	0.0800000306336093
205000	0.0800000306336093
206000	0.0800000306336093
207000	0.0800000306336093
208000	0.0800000306336093
209000	0.0800000306336093
210000	0.0800000306336093
211000	0.0800000306336093
212000	0.0800000306336093
213000	0.0800000306336093
214000	0.0800000306336093
215000	0.0800000306336093
216000	0.0800000306336093
217000	0.0800000306336093
218000	0.0800000306336093
219000	0.0800000306336093
220000	0.0800000306336093
221000	0.0800000306336093
222000	0.0800000306336093
223000	0.0800000306336093
224000	0.0800000306336093
225000	0.0800000306336093
226000	0.0800000306336093
227000	0.0800000306336093
228000	0.0800000306336093
229000	0.0800000306336093
230000	0.0800000306336093
231000	0.0800000306336093
232000	0.0800000306336093
233000	0.0800000306336093
234000	0.0800000306336093
235000	0.0800000306336093
236000	0.0800000306336093
237000	0.0800000306336093
238000	0.0800000306336093
239000	0.0800000306336093
240000	0.0800000306336093
241000	0.0800000306336093
242000	0.0800000306336093
243000	0.0800000306336093
244000	0.0800000306336093
245000	0.0800000306336093
246000	0.0800000306336093
247000	0.0800000306336093
248000	0.0800000306336093
249000	0.0800000306336093
250000	0.0800000306336093
251000	0.0800000306336093
252000	0.0800000306336093
253000	0.0800000306336093
254000	0.0800000306336093
255000	0.0800000306336093
256000	0.0800000306336093
257000	0.0800000306336093
258000	0.0800000306336093
259000	0.0800000306336093
260000	0.0800000306336093
261000	0.0800000306336093
262000	0.0800000306336093
263000	0.0800000306336093
264000	0.0800000306336093
265000	0.0800000306336093
266000	0.0800000306336093
267000	0.0800000306336093
268000	0.0800000306336093
269000	0.0800000306336093
270000	0.0800000306336093
271000	0.0800000306336093
272000	0.0800000306336093
273000	0.0800000306336093
274000	0.0800000306336093
275000	0.0800000306336093
276000	0.0800000306336093
277000	0.0800000306336093
278000	0.0800000306336093
279000	0.0800000306336093
280000	0.0800000306336093
281000	0.0800000306336093
282000	0.0800000306336093
283000	0.0800000306336093
284000	0.0800000306336093
285000	0.0800000306336093
286000	0.0800000306336093
287000	0.0800000306336093
288000	0.0800000306336093
289000	0.0800000306336093
290000	0.0800000306336093
291000	0.0800000306336093
292000	0.0800000306336093
293000	0.0800000306336093
294000	0.0800000306336093
295000	0.0800000306336093
296000	0.0800000306336093
297000	0.0800000306336093
298000	0.0800000306336093
299000	0.0800000306336093
300000	0.0800000306336093
301000	0.0800000306336093
302000	0.0800000306336093
303000	0.0800000306336093
304000	0.0800000306336093
305000	0.0800000306336093
306000	0.0800000306336093
307000	0.0800000306336093
308000	0.0800000306336093
309000	0.0800000306336093
310000	0.0800000306336093
311000	0.0800000306336093
312000	0.0800000306336093
313000	0.0800000306336093
314000	0.0800000306336093
315000	0.0800000306336093
316000	0.0800000306336093
317000	0.0800000306336093
318000	0.0800000306336093
319000	0.0800000306336093
320000	0.0800000306336093
321000	0.0800000306336093
322000	0.0800000306336093
323000	0.0800000306336093
324000	0.0800000306336093
325000	0.0800000306336093
326000	0.0800000306336093
327000	0.0800000306336093
328000	0.0800000306336093
329000	0.0800000306336093
330000	0.0800000306336093
331000	0.0800000306336093
332000	0.0800000306336093
333000	0.0800000306336093
334000	0.0800000306336093
335000	0.0800000306336093
336000	0.0800000306336093
337000	0.0800000306336093
338000	0.0800000306336093
339000	0.0800000306336093
340000	0.0800000306336093
341000	0.0800000306336093
342000	0.0800000306336093
343000	0.0800000306336093
344000	0.0800000306336093
345000	0.0800000306336093
346000	0.0800000306336093
347000	0.0800000306336093
348000	0.0800000306336093
349000	0.0800000306336093
350000	0.0800000306336093
351000	0.0800000306336093
352000	0.0800000306336093
353000	0.0800000306336093
354000	0.0800000306336093
355000	0.0800000306336093
356000	0.0800000306336093
357000	0.0800000306336093
358000	0.0800000306336093
359000	0.0800000306336093
360000	0.0800000306336093
361000	0.0800000306336093
362000	0.0800000306336093
363000	0.0800000306336093
364000	0.0800000306336093
365000	0.0800000306336093
366000	0.0800000306336093
367000	0.0800000306336093
368000	0.0800000306336093
369000	0.0800000306336093
370000	0.0800000306336093
371000	0.0800000306336093
372000	0.0800000306336093
373000	0.0800000306336093
374000	0.0800000306336093
375000	0.0800000306336093
376000	0.0800000306336093
377000	0.0800000306336093
378000	0.0800000306336093
379000	0.0800000306336093
380000	0.0800000306336093
381000	0.0800000306336093
382000	0.0800000306336093
383000	0.0800000306336093
384000	0.0800000306336093
385000	0.0800000306336093
386000	0.0800000306336093
387000	0.0800000306336093
388000	0.0800000306336093
389000	0.0800000306336093
390000	0.0800000306336093
391000	0.0800000306336093
392000	0.0800000306336093
393000	0.0800000306336093
394000	0.0800000306336093
395000	0.0800000306336093
396000	0.0800000306336093
397000	0.0800000306336093
398000	0.0800000306336093
399000	0.0800000306336093
400000	0.0800000306336093
401000	0.0800000306336093
402000	0.0800000306336093
403000	0.0800000306336093
404000	0.0800000306336093
405000	0.0800000306336093
406000	0.0800000306336093
407000	0.0800000306336093
408000	0.0800000306336093
409000	0.0800000306336093
410000	0.0800000306336093
411000	0.0800000306336093
412000	0.0800000306336093
413000	0.0800000306336093
414000	0.0800000306336093
415000	0.0800000306336093
416000	0.0800000306336093
417000	0.0800000306336093
418000	0.0800000306336093
419000	0.0800000306336093
420000	0.0800000306336093
421000	0.0800000306336093
422000	0.0800000306336093
423000	0.0800000306336093
424000	0.0800000306336093
425000	0.0800000306336093
426000	0.0800000306336093
427000	0.0800000306336093
428000	0.0800000306336093
429000	0.0800000306336093
430000	0.0800000306336093
431000	0.0800000306336093
432000	0.0800000306336093
433000	0.0800000306336093
434000	0.0800000306336093
435000	0.0800000306336093
436000	0.0800000306336093
437000	0.0800000306336093
438000	0.0800000306336093
439000	0.0800000306336093
440000	0.0800000306336093
441000	0.0800000306336093
442000	0.0800000306336093
443000	0.0800000306336093
444000	0.0800000306336093
445000	0.0800000306336093
446000	0.0800000306336093
447000	0.0800000306336093
448000	0.0800000306336093
449000	0.0800000306336093
450000	0.0800000306336093
451000	0.0800000306336093
452000	0.0800000306336093
453000	0.0800000306336093
454000	0.0800000306336093
455000	0.0800000306336093
456000	0.0800000306336093
457000	0.0800000306336093
458000	0.0800000306336093
459000	0.0800000306336093
460000	0.0800000306336093
461000	0.0800000306336093
462000	0.0800000306336093
463000	0.0800000306336093
464000	0.0800000306336093
465000	0.0800000306336093
466000	0.0800000306336093
467000	0.0800000306336093
468000	0.0800000306336093
469000	0.0800000306336093
470000	0.0800000306336093
471000	0.0800000306336093
472000	0.0800000306336093
473000	0.0800000306336093
474000	0.0800000306336093
475000	0.0800000306336093
476000	0.0800000306336093
477000	0.0800000306336093
478000	0.0800000306336093
479000	0.0800000306336093
480000	0.0800000306336093
481000	0.0800000306336093
482000	0.0800000306336093
483000	0.0800000306336093
484000	0.0800000306336093
485000	0.0800000306336093
486000	0.0800000306336093
487000	0.0800000306336093
488000	0.0800000306336093
489000	0.0800000306336093
490000	0.0800000306336093
491000	0.0800000306336093
492000	0.0800000306336093
493000	0.0800000306336093
494000	0.0800000306336093
495000	0.0800000306336093
496000	0.0800000306336093
497000	0.0800000306336093
498000	0.0800000306336093
499000	0.0800000306336093
500000	0.0800000306336093
501000	0.0800000306336093
502000	0.0800000306336093
503000	0.0800000306336093
504000	0.0800000306336093
505000	0.0800000306336093
506000	0.0800000306336093
507000	0.0800000306336093
508000	0.0800000306336093
509000	0.0800000306336093
510000	0.0800000306336093
511000	0.0800000306336093
512000	0.0800000306336093
513000	0.0800000306336093
514000	0.0800000306336093
515000	0.0800000306336093
516000	0.0800000306336093
517000	0.0800000306336093
518000	0.0800000306336093
519000	0.0800000306336093
520000	0.0800000306336093
521000	0.0800000306336093
522000	0.0800000306336093
523000	0.0800000306336093
524000	0.0800000306336093
525000	0.0800000306336093
526000	0.0800000306336093
527000	0.0800000306336093
528000	0.0800000306336093
529000	0.0800000306336093
530000	0.0800000306336093
531000	0.0800000306336093
532000	0.0800000306336093
533000	0.0800000306336093
534000	0.0800000306336093
535000	0.0800000306336093
536000	0.0800000306336093
537000	0.0800000306336093
538000	0.0800000306336093
539000	0.0800000306336093
540000	0.0800000306336093
541000	0.0800000306336093
542000	0.0800000306336093
543000	0.0800000306336093
544000	0.0800000306336093
545000	0.0800000306336093
546000	0.0800000306336093
547000	0.0800000306336093
548000	0.0800000306336093
549000	0.0800000306336093
550000	0.0800000306336093
551000	0.0800000306336093
552000	0.0800000306336093
553000	0.0800000306336093
554000	0.0800000306336093
555000	0.0800000306336093
556000	0.0800000306336093
557000	0.0800000306336093
558000	0.0800000306336093
559000	0.0800000306336093
560000	0.0800000306336093
561000	0.0800000306336093
562000	0.0800000306336093
563000	0.0800000306336093
564000	0.0800000306336093
565000	0.0800000306336093
566000	0.0800000306336093
567000	0.0800000306336093
568000	0.0800000306336093
569000	0.0800000306336093
570000	0.0800000306336093
571000	0.0800000306336093
572000	0.0800000306336093
573000	0.0800000306336093
574000	0.0800000306336093
575000	0.0800000306336093
576000	0.0800000306336093
577000	0.0800000306336093
578000	0.0800000306336093
579000	0.0800000306336093
580000	0.0800000306336093
581000	0.0800000306336093
582000	0.0800000306336093
583000	0.0800000306336093
584000	0.0800000306336093
585000	0.0800000306336093
586000	0.0800000306336093
587000	0.0800000306336093
588000	0.0800000306336093
589000	0.0800000306336093
590000	0.0800000306336093
591000	0.0800000306336093
592000	0.0800000306336093
593000	0.0800000306336093
594000	0.0800000306336093
595000	0.0800000306336093
596000	0.0800000306336093
597000	0.0800000306336093
598000	0.0800000306336093
599000	0.0800000306336093
600000	0.0800000306336093
601000	0.0800000306336093
602000	0.0800000306336093
603000	0.0800000306336093
604000	0.0800000306336093
605000	0.0800000306336093
606000	0.0800000306336093
607000	0.0800000306336093
608000	0.0800000306336093
609000	0.0800000306336093
610000	0.0800000306336093
611000	0.0800000306336093
612000	0.0800000306336093
613000	0.0800000306336093
614000	0.0800000306336093
615000	0.0800000306336093
616000	0.0800000306336093
617000	0.0800000306336093
618000	0.0800000306336093
619000	0.0800000306336093
620000	0.0800000306336093
621000	0.0800000306336093
622000	0.0800000306336093
623000	0.0800000306336093
624000	0.0800000306336093
625000	0.0800000306336093
626000	0.0800000306336093
627000	0.0800000306336093
628000	0.0800000306336093
629000	0.0800000306336093
630000	0.0800000306336093
631000	0.0800000306336093
632000	0.0800000306336093
633000	0.0800000306336093
634000	0.0800000306336093
635000	0.0800000306336093
636000	0.0800000306336093
637000	0.0800000306336093
638000	0.0800000306336093
639000	0.0800000306336093
640000	0.0800000306336093
641000	0.0800000306336093
642000	0.0800000306336093
643000	0.0800000306336093
644000	0.0800000306336093
645000	0.0800000306336093
646000	0.0800000306336093
647000	0.0800000306336093
648000	0.0800000306336093
649000	0.0800000306336093
650000	0.0800000306336093
651000	0.0800000306336093
652000	0.0800000306336093
653000	0.0800000306336093
654000	0.0800000306336093
655000	0.0800000306336093
656000	0.0800000306336093
657000	0.0800000306336093
658000	0.0800000306336093
659000	0.0800000306336093
660000	0.0800000306336093
661000	0.0800000306336093
662000	0.0800000306336093
663000	0.0800000306336093
664000	0.0800000306336093
665000	0.0800000306336093
666000	0.0800000306336093
667000	0.0800000306336093
668000	0.0800000306336093
669000	0.0800000306336093
670000	0.0800000306336093
671000	0.0800000306336093
672000	0.0800000306336093
673000	0.0800000306336093
674000	0.0800000306336093
675000	0.0800000306336093
676000	0.0800000306336093
677000	0.0800000306336093
678000	0.0800000306336093
679000	0.0800000306336093
680000	0.0800000306336093
681000	0.0800000306336093
682000	0.0800000306336093
683000	0.0800000306336093
684000	0.0800000306336093
685000	0.0800000306336093
686000	0.0800000306336093
687000	0.0800000306336093
688000	0.0800000306336093
689000	0.0800000306336093
690000	0.0800000306336093
691000	0.0800000306336093
692000	0.0800000306336093
693000	0.0800000306336093
694000	0.0800000306336093
695000	0.0800000306336093
696000	0.0800000306336093
697000	0.0800000306336093
698000	0.0800000306336093
699000	0.0800000306336093
700000	0.0800000306336093
701000	0.0800000306336093
702000	0.0800000306336093
703000	0.0800000306336093
704000	0.0800000306336093
705000	0.0800000306336093
706000	0.0800000306336093
707000	0.0800000306336093
708000	0.0800000306336093
709000	0.0800000306336093
710000	0.0800000306336093
711000	0.0800000306336093
712000	0.0800000306336093
713000	0.0800000306336093
714000	0.0800000306336093
715000	0.0800000306336093
716000	0.0800000306336093
717000	0.0800000306336093
718000	0.0800000306336093
719000	0.0800000306336093
720000	0.0800000306336093
721000	0.0800000306336093
722000	0.0800000306336093
723000	0.0800000306336093
724000	0.0800000306336093
725000	0.0800000306336093
726000	0.0800000306336093
727000	0.0800000306336093
728000	0.0800000306336093
729000	0.0800000306336093
730000	0.0800000306336093
731000	0.0800000306336093
732000	0.0800000306336093
733000	0.0800000306336093
734000	0.0800000306336093
735000	0.0800000306336093
736000	0.0800000306336093
737000	0.0800000306336093
738000	0.0800000306336093
739000	0.0800000306336093
740000	0.0800000306336093
741000	0.0800000306336093
742000	0.0800000306336093
743000	0.0800000306336093
744000	0.0800000306336093
745000	0.0800000306336093
746000	0.0800000306336093
747000	0.0800000306336093
748000	0.0800000306336093
749000	0.0800000306336093
750000	0.0800000306336093
751000	0.0800000306336093
752000	0.0800000306336093
753000	0.0800000306336093
754000	0.0800000306336093
755000	0.0800000306336093
756000	0.0800000306336093
757000	0.0800000306336093
758000	0.0800000306336093
759000	0.0800000306336093
760000	0.0800000306336093
761000	0.0800000306336093
762000	0.0800000306336093
763000	0.0800000306336093
764000	0.0800000306336093
765000	0.0800000306336093
766000	0.0800000306336093
767000	0.0800000306336093
768000	0.0800000306336093
769000	0.0800000306336093
770000	0.0800000306336093
771000	0.0800000306336093
772000	0.0800000306336093
773000	0.0800000306336093
774000	0.0800000306336093
775000	0.0800000306336093
776000	0.0800000306336093
777000	0.0800000306336093
778000	0.0800000306336093
779000	0.0800000306336093
780000	0.0800000306336093
781000	0.0800000306336093
782000	0.0800000306336093
783000	0.0800000306336093
784000	0.0800000306336093
785000	0.0800000306336093
786000	0.0800000306336093
787000	0.0800000306336093
788000	0.0800000306336093
789000	0.0800000306336093
790000	0.0800000306336093
791000	0.0800000306336093
792000	0.0800000306336093
793000	0.0800000306336093
794000	0.0800000306336093
795000	0.0800000306336093
796000	0.0800000306336093
797000	0.0800000306336093
798000	0.0800000306336093
799000	0.0800000306336093
800000	0.0800000306336093
801000	0.0800000306336093
802000	0.0800000306336093
803000	0.0800000306336093
804000	0.0800000306336093
805000	0.0800000306336093
806000	0.0800000306336093
807000	0.0800000306336093
808000	0.0800000306336093
809000	0.0800000306336093
810000	0.0800000306336093
811000	0.0800000306336093
812000	0.0800000306336093
813000	0.0800000306336093
814000	0.0800000306336093
815000	0.0800000306336093
816000	0.0800000306336093
817000	0.0800000306336093
818000	0.0800000306336093
819000	0.0800000306336093
820000	0.0800000306336093
821000	0.0800000306336093
822000	0.0800000306336093
823000	0.0800000306336093
824000	0.0800000306336093
825000	0.0800000306336093
826000	0.0800000306336093
827000	0.0800000306336093
828000	0.0800000306336093
829000	0.0800000306336093
830000	0.0800000306336093
831000	0.0800000306336093
832000	0.0800000306336093
833000	0.0800000306336093
834000	0.0800000306336093
835000	0.0800000306336093
836000	0.0800000306336093
837000	0.0800000306336093
838000	0.0800000306336093
839000	0.0800000306336093
840000	0.0800000306336093
841000	0.0800000306336093
842000	0.0800000306336093
843000	0.0800000306336093
844000	0.0800000306336093
845000	0.0800000306336093
846000	0.0800000306336093
847000	0.0800000306336093
848000	0.0800000306336093
849000	0.0800000306336093
850000	0.0800000306336093
851000	0.0800000306336093
852000	0.0800000306336093
853000	0.0800000306336093
854000	0.0800000306336093
855000	0.0800000306336093
856000	0.0800000306336093
857000	0.0800000306336093
858000	0.0800000306336093
859000	0.0800000306336093
860000	0.0800000306336093
861000	0.0800000306336093
862000	0.0800000306336093
863000	0.0800000306336093
864000	0.0800000306336093
865000	0.0800000306336093
866000	0.0800000306336093
867000	0.0800000306336093
868000	0.0800000306336093
869000	0.0800000306336093
870000	0.0800000306336093
871000	0.0800000306336093
872000	0.0800000306336093
873000	0.0800000306336093
874000	0.0800000306336093
875000	0.0800000306336093
876000	0.0800000306336093
877000	0.0800000306336093
878000	0.0800000306336093
879000	0.0800000306336093
880000	0.0800000306336093
881000	0.0800000306336093
882000	0.0800000306336093
883000	0.0800000306336093
884000	0.0800000306336093
885000	0.0800000306336093
886000	0.0800000306336093
887000	0.0800000306336093
888000	0.0800000306336093
889000	0.0800000306336093
890000	0.0800000306336093
891000	0.0800000306336093
892000	0.0800000306336093
893000	0.0800000306336093
894000	0.0800000306336093
895000	0.0800000306336093
896000	0.0800000306336093
897000	0.0800000306336093
898000	0.0800000306336093
899000	0.0800000306336093
900000	0.0800000306336093
901000	0.0800000306336093
902000	0.0800000306336093
903000	0.0800000306336093
904000	0.0800000306336093
905000	0.0800000306336093
906000	0.0800000306336093
907000	0.0800000306336093
908000	0.0800000306336093
909000	0.0800000306336093
910000	0.0800000306336093
911000	0.0800000306336093
912000	0.0800000306336093
913000	0.0800000306336093
914000	0.0800000306336093
915000	0.0800000306336093
916000	0.0800000306336093
917000	0.0800000306336093
918000	0.0800000306336093
919000	0.0800000306336093
920000	0.0800000306336093
921000	0.0800000306336093
922000	0.0800000306336093
923000	0.0800000306336093
924000	0.0800000306336093
925000	0.0800000306336093
926000	0.0800000306336093
927000	0.0800000306336093
928000	0.0800000306336093
929000	0.0800000306336093
930000	0.0800000306336093
931000	0.0800000306336093
932000	0.0800000306336093
933000	0.0800000306336093
934000	0.0800000306336093
935000	0.0800000306336093
936000	0.0800000306336093
937000	0.0800000306336093
938000	0.0800000306336093
939000	0.0800000306336093
940000	0.0800000306336093
941000	0.0800000306336093
942000	0.0800000306336093
943000	0.0800000306336093
944000	0.0800000306336093
945000	0.0800000306336093
946000	0.0800000306336093
947000	0.0800000306336093
948000	0.0800000306336093
949000	0.0800000306336093
950000	0.0800000306336093
951000	0.0800000306336093
952000	0.0800000306336093
953000	0.0800000306336093
954000	0.0800000306336093
955000	0.0800000306336093
956000	0.0800000306336093
957000	0.0800000306336093
958000	0.0800000306336093
959000	0.0800000306336093
960000	0.0800000306336093
961000	0.0800000306336093
962000	0.0800000306336093
963000	0.0800000306336093
964000	0.0800000306336093
965000	0.0800000306336093
966000	0.0800000306336093
967000	0.0800000306336093
968000	0.0800000306336093
969000	0.0800000306336093
970000	0.0800000306336093
971000	0.0800000306336093
972000	0.0800000306336093
973000	0.0800000306336093
974000	0.0800000306336093
975000	0.0800000306336093
976000	0.0800000306336093
977000	0.0800000306336093
978000	0.0800000306336093
979000	0.0800000306336093
980000	0.0800000306336093
981000	0.0800000306336093
982000	0.0800000306336093
983000	0.0800000306336093
984000	0.0800000306336093
985000	0.0800000306336093
986000	0.0800000306336093
987000	0.0800000306336093
988000	0.0800000306336093
989000	0.0800000306336093
990000	0.0800000306336093
991000	0.0800000306336093
992000	0.0800000306336093
993000	0.0800000306336093
994000	0.0800000306336093
995000	0.0800000306336093
996000	0.0800000306336093
997000	0.0800000306336093
998000	0.0800000306336093
999000	0.0800000306336093
