0	0.0900000000271928
1000	0.090000024820325
2000	0.0900000453742737
3000	0.0900000624138636
4000	0.0900000765399877
5000	0.0900000882507963
6000	0.0900000979592656
7000	0.0900001060077598
8000	0.090000112680105
9000	0.0900001182115982
10000	0.0900001227973046
11000	0.0900001265989371
12000	0.0900001297505581
13000	0.0900001323633084
14000	0.0900001345293247
15000	0.0900001363249909
16000	0.0900001378136304
17000	0.0900001390477388
18000	0.0900001400708368
19000	0.0900001409190032
20000	0.0900001416221484
21000	0.0900001422050681
22000	0.0900001426883191
23000	0.0900001430889426
24000	0.0900001434210669
25000	0.0900001436964038
26000	0.0900001439246631
27000	0.0900001441138939
28000	0.0900001442707695
29000	0.0900001444008224
30000	0.0900001445086386
31000	0.0900001445980202
32000	0.0900001446721188
33000	0.0900001447335481
34000	0.0900001447844741
35000	0.0900001448266927
36000	0.0900001448616925
37000	0.090000144890708
38000	0.0900001449147625
39000	0.0900001449347041
40000	0.090000144951236
41000	0.0900001449649412
42000	0.0900001449763032
43000	0.0900001449857223
44000	0.090000144993531
45000	0.0900001450000046
46000	0.0900001450053713
47000	0.0900001450098204
48000	0.0900001450135088
49000	0.0900001450165665
50000	0.0900001450191014
51000	0.0900001450212029
52000	0.090000145022945
53000	0.0900001450243893
54000	0.0900001450255867
55000	0.0900001450265792
56000	0.0900001450274021
57000	0.0900001450280843
58000	0.0900001450286497
59000	0.0900001450291186
60000	0.0900001450295075
61000	0.0900001450298294
62000	0.090000145030097
63000	0.0900001450303184
64000	0.0900001450305013
65000	0.0900001450306534
66000	0.0900001450307797
67000	0.090000145030884
68000	0.0900001450309711
69000	0.0900001450310428
70000	0.0900001450311016
71000	0.0900001450311511
72000	0.0900001450311927
73000	0.0900001450312252
74000	0.0900001450312529
75000	0.0900001450312807
76000	0.0900001450312947
77000	0.0900001450313086
78000	0.0900001450313225
79000	0.0900001450313364
80000	0.0900001450313502
81000	0.090000145031355
82000	0.090000145031355
83000	0.090000145031355
84000	0.090000145031355
85000	0.090000145031355
86000	0.090000145031355
87000	0.090000145031355
88000	0.090000145031355
89000	0.090000145031355
90000	0.090000145031355
91000	0.090000145031355
92000	0.090000145031355
93000	0.090000145031355
94000	0.090000145031355
95000	0.090000145031355
96000	0.090000145031355
97000	0.090000145031355
98000	0.090000145031355
99000	0.090000145031355
100000	0.090000145031355
101000	0.090000145031355
102000	0.090000145031355
103000	0.090000145031355
104000	0.090000145031355
105000	0.090000145031355
106000	0.090000145031355
107000	0.090000145031355
108000	0.090000145031355
109000	0.090000145031355
110000	0.090000145031355
111000	0.090000145031355
112000	0.090000145031355
113000	0.090000145031355
114000	0.090000145031355
115000	0.090000145031355
116000	0.090000145031355
117000	0.090000145031355
118000	0.090000145031355
119000	0.090000145031355
120000	0.090000145031355
121000	0.090000145031355
122000	0.090000145031355
123000	0.090000145031355
124000	0.090000145031355
125000	0.090000145031355
126000	0.090000145031355
127000	0.090000145031355
128000	0.090000145031355
129000	0.090000145031355
130000	0.090000145031355
131000	0.090000145031355
132000	0.090000145031355
133000	0.090000145031355
134000	0.090000145031355
135000	0.090000145031355
136000	0.090000145031355
137000	0.090000145031355
138000	0.090000145031355
139000	0.090000145031355
140000	0.090000145031355
141000	0.090000145031355
142000	0.090000145031355
143000	0.090000145031355
144000	0.090000145031355
145000	0.090000145031355
146000	0.090000145031355
147000	0.090000145031355
148000	0.090000145031355
149000	0.090000145031355
150000	0.090000145031355
151000	0.090000145031355
152000	0.090000145031355
153000	0.090000145031355
154000	0.090000145031355
155000	0.090000145031355
156000	0.090000145031355
157000	0.090000145031355
158000	0.090000145031355
159000	0.090000145031355
160000	0.090000145031355
161000	0.090000145031355
162000	0.090000145031355
163000	0.090000145031355
164000	0.090000145031355
165000	0.090000145031355
166000	0.090000145031355
167000	0.090000145031355
168000	0.090000145031355
169000	0.090000145031355
170000	0.090000145031355
171000	0.090000145031355
172000	0.090000145031355
173000	0.090000145031355
174000	0.090000145031355
175000	0.090000145031355
176000	0.090000145031355
177000	0.090000145031355
178000	0.090000145031355
179000	0.090000145031355
180000	0.090000145031355
181000	0.090000145031355
182000	0.090000145031355
183000	0.090000145031355
184000	0.090000145031355
185000	0.090000145031355
186000	0.090000145031355
187000	0.090000145031355
188000	0.090000145031355
189000	0.090000145031355
190000	0.090000145031355
191000	0.090000145031355
192000	0.090000145031355
193000	0.090000145031355
194000	0.090000145031355
195000	0.090000145031355
196000	0.090000145031355
197000	0.090000145031355
198000	0.090000145031355
199000	0.090000145031355
200000	0.090000145031355
201000	0.090000145031355
202000	0.090000145031355
203000	0.090000145031355
204000	0.090000145031355
205000	0.090000145031355
206000	0.090000145031355
207000	0.090000145031355
208000	0.090000145031355
209000	0.090000145031355
210000	0.090000145031355
211000	0.090000145031355
212000	0.090000145031355
213000	0.090000145031355
214000	0.090000145031355
215000	0.090000145031355
216000	0.090000145031355
217000	0.090000145031355
218000	0.090000145031355
219000	0.090000145031355
220000	0.090000145031355
221000	0.090000145031355
222000	0.090000145031355
223000	0.090000145031355
224000	0.090000145031355
225000	0.090000145031355
226000	0.090000145031355
227000	0.090000145031355
228000	0.090000145031355
229000	0.090000145031355
230000	0.090000145031355
231000	0.090000145031355
232000	0.090000145031355
233000	0.090000145031355
234000	0.090000145031355
235000	0.090000145031355
236000	0.090000145031355
237000	0.090000145031355
238000	0.090000145031355
239000	0.090000145031355
240000	0.090000145031355
241000	0.090000145031355
242000	0.090000145031355
243000	0.090000145031355
244000	0.090000145031355
245000	0.090000145031355
246000	0.090000145031355
247000	0.090000145031355
248000	0.090000145031355
249000	0.090000145031355
250000	0.090000145031355
251000	0.090000145031355
252000	0.090000145031355
253000	0.090000145031355
254000	0.090000145031355
255000	0.090000145031355
256000	0.090000145031355
257000	0.090000145031355
258000	0.090000145031355
259000	0.090000145031355
260000	0.090000145031355
261000	0.090000145031355
262000	0.090000145031355
263000	0.090000145031355
264000	0.090000145031355
265000	0.090000145031355
266000	0.090000145031355
267000	0.090000145031355
268000	0.090000145031355
269000	0.090000145031355
270000	0.090000145031355
271000	0.090000145031355
272000	0.090000145031355
273000	0.090000145031355
274000	0.090000145031355
275000	0.090000145031355
276000	0.090000145031355
277000	0.090000145031355
278000	0.090000145031355
279000	0.090000145031355
280000	0.090000145031355
281000	0.090000145031355
282000	0.090000145031355
283000	0.090000145031355
284000	0.090000145031355
285000	0.090000145031355
286000	0.090000145031355
287000	0.090000145031355
288000	0.090000145031355
289000	0.090000145031355
290000	0.090000145031355
291000	0.090000145031355
292000	0.090000145031355
293000	0.090000145031355
294000	0.090000145031355
295000	0.090000145031355
296000	0.090000145031355
297000	0.090000145031355
298000	0.090000145031355
299000	0.090000145031355
300000	0.090000145031355
301000	0.090000145031355
302000	0.090000145031355
303000	0.090000145031355
304000	0.090000145031355
305000	0.090000145031355
306000	0.090000145031355
307000	0.090000145031355
308000	0.090000145031355
309000	0.090000145031355
310000	0.090000145031355
311000	0.090000145031355
312000	0.090000145031355
313000	0.090000145031355
314000	0.090000145031355
315000	0.090000145031355
316000	0.090000145031355
317000	0.090000145031355
318000	0.090000145031355
319000	0.090000145031355
320000	0.090000145031355
321000	0.090000145031355
322000	0.090000145031355
323000	0.090000145031355
324000	0.090000145031355
325000	0.090000145031355
326000	0.090000145031355
327000	0.090000145031355
328000	0.090000145031355
329000	0.090000145031355
330000	0.090000145031355
331000	0.090000145031355
332000	0.090000145031355
333000	0.090000145031355
334000	0.090000145031355
335000	0.090000145031355
336000	0.090000145031355
337000	0.090000145031355
338000	0.090000145031355
339000	0.090000145031355
340000	0.090000145031355
341000	0.090000145031355
342000	0.090000145031355
343000	0.090000145031355
344000	0.090000145031355
345000	0.090000145031355
346000	0.090000145031355
347000	0.090000145031355
348000	0.090000145031355
349000	0.090000145031355
350000	0.090000145031355
351000	0.090000145031355
352000	0.090000145031355
353000	0.090000145031355
354000	0.090000145031355
355000	0.090000145031355
356000	0.090000145031355
357000	0.090000145031355
358000	0.090000145031355
359000	0.090000145031355
360000	0.090000145031355
361000	0.090000145031355
362000	0.090000145031355
363000	0.090000145031355
364000	0.090000145031355
365000	0.090000145031355
366000	0.090000145031355
367000	0.090000145031355
368000	0.090000145031355
369000	0.090000145031355
370000	0.090000145031355
371000	0.090000145031355
372000	0.090000145031355
373000	0.090000145031355
374000	0.090000145031355
375000	0.090000145031355
376000	0.090000145031355
377000	0.090000145031355
378000	0.090000145031355
379000	0.090000145031355
380000	0.090000145031355
381000	0.090000145031355
382000	0.090000145031355
383000	0.090000145031355
384000	0.090000145031355
385000	0.090000145031355
386000	0.090000145031355
387000	0.090000145031355
388000	0.090000145031355
389000	0.090000145031355
390000	0.090000145031355
391000	0.090000145031355
392000	0.090000145031355
393000	0.090000145031355
394000	0.090000145031355
395000	0.090000145031355
396000	0.090000145031355
397000	0.090000145031355
398000	0.090000145031355
399000	0.090000145031355
400000	0.090000145031355
401000	0.090000145031355
402000	0.090000145031355
403000	0.090000145031355
404000	0.090000145031355
405000	0.090000145031355
406000	0.090000145031355
407000	0.090000145031355
408000	0.090000145031355
409000	0.090000145031355
410000	0.090000145031355
411000	0.090000145031355
412000	0.090000145031355
413000	0.090000145031355
414000	0.090000145031355
415000	0.090000145031355
416000	0.090000145031355
417000	0.090000145031355
418000	0.090000145031355
419000	0.090000145031355
420000	0.090000145031355
421000	0.090000145031355
422000	0.090000145031355
423000	0.090000145031355
424000	0.090000145031355
425000	0.090000145031355
426000	0.090000145031355
427000	0.090000145031355
428000	0.090000145031355
429000	0.090000145031355
430000	0.090000145031355
431000	0.090000145031355
432000	0.090000145031355
433000	0.090000145031355
434000	0.090000145031355
435000	0.090000145031355
436000	0.090000145031355
437000	0.090000145031355
438000	0.090000145031355
439000	0.090000145031355
440000	0.090000145031355
441000	0.090000145031355
442000	0.090000145031355
443000	0.090000145031355
444000	0.090000145031355
445000	0.090000145031355
446000	0.090000145031355
447000	0.090000145031355
448000	0.090000145031355
449000	0.090000145031355
450000	0.090000145031355
451000	0.090000145031355
452000	0.090000145031355
453000	0.090000145031355
454000	0.090000145031355
455000	0.090000145031355
456000	0.090000145031355
457000	0.090000145031355
458000	0.090000145031355
459000	0.090000145031355
460000	0.090000145031355
461000	0.090000145031355
462000	0.090000145031355
463000	0.090000145031355
464000	0.090000145031355
465000	0.090000145031355
466000	0.090000145031355
467000	0.090000145031355
468000	0.090000145031355
469000	0.090000145031355
470000	0.090000145031355
471000	0.090000145031355
472000	0.090000145031355
473000	0.090000145031355
474000	0.090000145031355
475000	0.090000145031355
476000	0.090000145031355
477000	0.090000145031355
478000	0.090000145031355
479000	0.090000145031355
480000	0.090000145031355
481000	0.090000145031355
482000	0.090000145031355
483000	0.090000145031355
484000	0.090000145031355
485000	0.090000145031355
486000	0.090000145031355
487000	0.090000145031355
488000	0.090000145031355
489000	0.090000145031355
490000	0.090000145031355
491000	0.090000145031355
492000	0.090000145031355
493000	0.090000145031355
494000	0.090000145031355
495000	0.090000145031355
496000	0.090000145031355
497000	0.090000145031355
498000	0.090000145031355
499000	0.090000145031355
500000	0.090000145031355
501000	0.090000145031355
502000	0.090000145031355
503000	0.090000145031355
504000	0.090000145031355
505000	0.090000145031355
506000	0.090000145031355
507000	0.090000145031355
508000	0.090000145031355
509000	0.090000145031355
510000	0.090000145031355
511000	0.090000145031355
512000	0.090000145031355
513000	0.090000145031355
514000	0.090000145031355
515000	0.090000145031355
516000	0.090000145031355
517000	0.090000145031355
518000	0.090000145031355
519000	0.090000145031355
520000	0.090000145031355
521000	0.090000145031355
522000	0.090000145031355
523000	0.090000145031355
524000	0.090000145031355
525000	0.090000145031355
526000	0.090000145031355
527000	0.090000145031355
528000	0.090000145031355
529000	0.090000145031355
530000	0.090000145031355
531000	0.090000145031355
532000	0.090000145031355
533000	0.090000145031355
534000	0.090000145031355
535000	0.090000145031355
536000	0.090000145031355
537000	0.090000145031355
538000	0.090000145031355
539000	0.090000145031355
540000	0.090000145031355
541000	0.090000145031355
542000	0.090000145031355
543000	0.090000145031355
544000	0.090000145031355
545000	0.090000145031355
546000	0.090000145031355
547000	0.090000145031355
548000	0.090000145031355
549000	0.090000145031355
550000	0.090000145031355
551000	0.090000145031355
552000	0.090000145031355
553000	0.090000145031355
554000	0.090000145031355
555000	0.090000145031355
556000	0.090000145031355
557000	0.090000145031355
558000	0.090000145031355
559000	0.090000145031355
560000	0.090000145031355
561000	0.090000145031355
562000	0.090000145031355
563000	0.090000145031355
564000	0.090000145031355
565000	0.090000145031355
566000	0.090000145031355
567000	0.090000145031355
568000	0.090000145031355
569000	0.090000145031355
570000	0.090000145031355
571000	0.090000145031355
572000	0.090000145031355
573000	0.090000145031355
574000	0.090000145031355
575000	0.090000145031355
576000	0.090000145031355
577000	0.090000145031355
578000	0.090000145031355
579000	0.090000145031355
580000	0.090000145031355
581000	0.090000145031355
582000	0.090000145031355
583000	0.090000145031355
584000	0.090000145031355
585000	0.090000145031355
586000	0.090000145031355
587000	0.090000145031355
588000	0.090000145031355
589000	0.090000145031355
590000	0.090000145031355
591000	0.090000145031355
592000	0.090000145031355
593000	0.090000145031355
594000	0.090000145031355
595000	0.090000145031355
596000	0.090000145031355
597000	0.090000145031355
598000	0.090000145031355
599000	0.090000145031355
600000	0.090000145031355
601000	0.090000145031355
602000	0.090000145031355
603000	0.090000145031355
604000	0.090000145031355
605000	0.090000145031355
606000	0.090000145031355
607000	0.090000145031355
608000	0.090000145031355
609000	0.090000145031355
610000	0.090000145031355
611000	0.090000145031355
612000	0.090000145031355
613000	0.090000145031355
614000	0.090000145031355
615000	0.090000145031355
616000	0.090000145031355
617000	0.090000145031355
618000	0.090000145031355
619000	0.090000145031355
620000	0.090000145031355
621000	0.090000145031355
622000	0.090000145031355
623000	0.090000145031355
624000	0.090000145031355
625000	0.090000145031355
626000	0.090000145031355
627000	0.090000145031355
628000	0.090000145031355
629000	0.090000145031355
630000	0.090000145031355
631000	0.090000145031355
632000	0.090000145031355
633000	0.090000145031355
634000	0.090000145031355
635000	0.090000145031355
636000	0.090000145031355
637000	0.090000145031355
638000	0.090000145031355
639000	0.090000145031355
640000	0.090000145031355
641000	0.090000145031355
642000	0.090000145031355
643000	0.090000145031355
644000	0.090000145031355
645000	0.090000145031355
646000	0.090000145031355
647000	0.090000145031355
648000	0.090000145031355
649000	0.090000145031355
650000	0.090000145031355
651000	0.090000145031355
652000	0.090000145031355
653000	0.090000145031355
654000	0.090000145031355
655000	0.090000145031355
656000	0.090000145031355
657000	0.090000145031355
658000	0.090000145031355
659000	0.090000145031355
660000	0.090000145031355
661000	0.090000145031355
662000	0.090000145031355
663000	0.090000145031355
664000	0.090000145031355
665000	0.090000145031355
666000	0.090000145031355
667000	0.090000145031355
668000	0.090000145031355
669000	0.090000145031355
670000	0.090000145031355
671000	0.090000145031355
672000	0.090000145031355
673000	0.090000145031355
674000	0.090000145031355
675000	0.090000145031355
676000	0.090000145031355
677000	0.090000145031355
678000	0.090000145031355
679000	0.090000145031355
680000	0.090000145031355
681000	0.090000145031355
682000	0.090000145031355
683000	0.090000145031355
684000	0.090000145031355
685000	0.090000145031355
686000	0.090000145031355
687000	0.090000145031355
688000	0.090000145031355
689000	0.090000145031355
690000	0.090000145031355
691000	0.090000145031355
692000	0.090000145031355
693000	0.090000145031355
694000	0.090000145031355
695000	0.090000145031355
696000	0.090000145031355
697000	0.090000145031355
698000	0.090000145031355
699000	0.090000145031355
700000	0.090000145031355
701000	0.090000145031355
702000	0.090000145031355
703000	0.090000145031355
704000	0.090000145031355
705000	0.090000145031355
706000	0.090000145031355
707000	0.090000145031355
708000	0.090000145031355
709000	0.090000145031355
710000	0.090000145031355
711000	0.090000145031355
712000	0.090000145031355
713000	0.090000145031355
714000	0.090000145031355
715000	0.090000145031355
716000	0.090000145031355
717000	0.090000145031355
718000	0.090000145031355
719000	0.090000145031355
720000	0.090000145031355
721000	0.090000145031355
722000	0.090000145031355
723000	0.090000145031355
724000	0.090000145031355
725000	0.090000145031355
726000	0.090000145031355
727000	0.090000145031355
728000	0.090000145031355
729000	0.090000145031355
730000	0.090000145031355
731000	0.090000145031355
732000	0.090000145031355
733000	0.090000145031355
734000	0.090000145031355
735000	0.090000145031355
736000	0.090000145031355
737000	0.090000145031355
738000	0.090000145031355
739000	0.090000145031355
740000	0.090000145031355
741000	0.090000145031355
742000	0.090000145031355
743000	0.090000145031355
744000	0.090000145031355
745000	0.090000145031355
746000	0.090000145031355
747000	0.090000145031355
748000	0.090000145031355
749000	0.090000145031355
750000	0.090000145031355
751000	0.090000145031355
752000	0.090000145031355
753000	0.090000145031355
754000	0.090000145031355
755000	0.090000145031355
756000	0.090000145031355
757000	0.090000145031355
758000	0.090000145031355
759000	0.090000145031355
760000	0.090000145031355
761000	0.090000145031355
762000	0.090000145031355
763000	0.090000145031355
764000	0.090000145031355
765000	0.090000145031355
766000	0.090000145031355
767000	0.090000145031355
768000	0.090000145031355
769000	0.090000145031355
770000	0.090000145031355
771000	0.090000145031355
772000	0.090000145031355
773000	0.090000145031355
774000	0.090000145031355
775000	0.090000145031355
776000	0.090000145031355
777000	0.090000145031355
778000	0.090000145031355
779000	0.090000145031355
780000	0.090000145031355
781000	0.090000145031355
782000	0.090000145031355
783000	0.090000145031355
784000	0.090000145031355
785000	0.090000145031355
786000	0.090000145031355
787000	0.090000145031355
788000	0.090000145031355
789000	0.090000145031355
790000	0.090000145031355
791000	0.090000145031355
792000	0.090000145031355
793000	0.090000145031355
794000	0.090000145031355
795000	0.090000145031355
796000	0.090000145031355
797000	0.090000145031355
798000	0.090000145031355
799000	0.090000145031355
800000	0.090000145031355
801000	0.090000145031355
802000	0.090000145031355
803000	0.090000145031355
804000	0.090000145031355
805000	0.090000145031355
806000	0.090000145031355
807000	0.090000145031355
808000	0.090000145031355
809000	0.090000145031355
810000	0.090000145031355
811000	0.090000145031355
812000	0.090000145031355
813000	0.090000145031355
814000	0.090000145031355
815000	0.090000145031355
816000	0.090000145031355
817000	0.090000145031355
818000	0.090000145031355
819000	0.090000145031355
820000	0.090000145031355
821000	0.090000145031355
822000	0.090000145031355
823000	0.090000145031355
824000	0.090000145031355
825000	0.090000145031355
826000	0.090000145031355
827000	0.090000145031355
828000	0.090000145031355
829000	0.090000145031355
830000	0.090000145031355
831000	0.090000145031355
832000	0.090000145031355
833000	0.090000145031355
834000	0.090000145031355
835000	0.090000145031355
836000	0.090000145031355
837000	0.090000145031355
838000	0.090000145031355
839000	0.090000145031355
840000	0.090000145031355
841000	0.090000145031355
842000	0.090000145031355
843000	0.090000145031355
844000	0.090000145031355
845000	0.090000145031355
846000	0.090000145031355
847000	0.090000145031355
848000	0.090000145031355
849000	0.090000145031355
850000	0.090000145031355
851000	0.090000145031355
852000	0.090000145031355
853000	0.090000145031355
854000	0.090000145031355
855000	0.090000145031355
856000	0.090000145031355
857000	0.090000145031355
858000	0.090000145031355
859000	0.090000145031355
860000	0.090000145031355
861000	0.090000145031355
862000	0.090000145031355
863000	0.090000145031355
864000	0.090000145031355
865000	0.090000145031355
866000	0.090000145031355
867000	0.090000145031355
868000	0.090000145031355
869000	0.090000145031355
870000	0.090000145031355
871000	0.090000145031355
872000	0.090000145031355
873000	0.090000145031355
874000	0.090000145031355
875000	0.090000145031355
876000	0.090000145031355
877000	0.090000145031355
878000	0.090000145031355
879000	0.090000145031355
880000	0.090000145031355
881000	0.090000145031355
882000	0.090000145031355
883000	0.090000145031355
884000	0.090000145031355
885000	0.090000145031355
886000	0.090000145031355
887000	0.090000145031355
888000	0.090000145031355
889000	0.090000145031355
890000	0.090000145031355
891000	0.090000145031355
892000	0.090000145031355
893000	0.090000145031355
894000	0.090000145031355
895000	0.090000145031355
896000	0.090000145031355
897000	0.090000145031355
898000	0.090000145031355
899000	0.090000145031355
900000	0.090000145031355
901000	0.090000145031355
902000	0.090000145031355
903000	0.090000145031355
904000	0.090000145031355
905000	0.090000145031355
906000	0.090000145031355
907000	0.090000145031355
908000	0.090000145031355
909000	0.090000145031355
910000	0.090000145031355
911000	0.090000145031355
912000	0.090000145031355
913000	0.090000145031355
914000	0.090000145031355
915000	0.090000145031355
916000	0.090000145031355
917000	0.090000145031355
918000	0.090000145031355
919000	0.090000145031355
920000	0.090000145031355
921000	0.090000145031355
922000	0.090000145031355
923000	0.090000145031355
924000	0.090000145031355
925000	0.090000145031355
926000	0.090000145031355
927000	0.090000145031355
928000	0.090000145031355
929000	0.090000145031355
930000	0.090000145031355
931000	0.090000145031355
932000	0.090000145031355
933000	0.090000145031355
934000	0.090000145031355
935000	0.090000145031355
936000	0.090000145031355
937000	0.090000145031355
938000	0.090000145031355
939000	0.090000145031355
940000	0.090000145031355
941000	0.090000145031355
942000	0.090000145031355
943000	0.090000145031355
944000	0.090000145031355
945000	0.090000145031355
946000	0.090000145031355
947000	0.090000145031355
948000	0.090000145031355
949000	0.090000145031355
950000	0.090000145031355
951000	0.090000145031355
952000	0.090000145031355
953000	0.090000145031355
954000	0.090000145031355
955000	0.090000145031355
956000	0.090000145031355
957000	0.090000145031355
958000	0.090000145031355
959000	0.090000145031355
960000	0.090000145031355
961000	0.090000145031355
962000	0.090000145031355
963000	0.090000145031355
964000	0.090000145031355
965000	0.090000145031355
966000	0.090000145031355
967000	0.090000145031355
968000	0.090000145031355
969000	0.090000145031355
970000	0.090000145031355
971000	0.090000145031355
972000	0.090000145031355
973000	0.090000145031355
974000	0.090000145031355
975000	0.090000145031355
976000	0.090000145031355
977000	0.090000145031355
978000	0.090000145031355
979000	0.090000145031355
980000	0.090000145031355
981000	0.090000145031355
982000	0.090000145031355
983000	0.090000145031355
984000	0.090000145031355
985000	0.090000145031355
986000	0.090000145031355
987000	0.090000145031355
988000	0.090000145031355
989000	0.090000145031355
990000	0.090000145031355
991000	0.090000145031355
992000	0.090000145031355
993000	0.090000145031355
994000	0.090000145031355
995000	0.090000145031355
996000	0.090000145031355
997000	0.090000145031355
998000	0.090000145031355
999000	0.090000145031355
