RESPONSE 5077 77 3 3
RESPONSE 6047 46 3 3
RESPONSE 7025 23 4 4
RESPONSE 8024 22 3 3
RESPONSE 9525 521 2 3
RESPONSE 11012 6 3 3
RESPONSE 11052 1048 4 5
RESPONSE 12010 3 2 2
RESPONSE 13027 20 2 2
RESPONSE 14013 5 3 3
RESPONSE 15535 526 5 6
RESPONSE 16033 23 4 4
RESPONSE 17014 3 2 2
RESPONSE 18018 6 4 4
RESPONSE 19518 506 3 4
RESPONSE 21021 1007 3 4
RESPONSE 21039 25 4 4
RESPONSE 22021 6 4 4
RESPONSE 23522 506 3 4
RESPONSE 24023 6 4 4
RESPONSE 25022 5 3 3
RESPONSE 26523 504 2 3
RESPONSE 28024 1005 2 3
RESPONSE 28028 7 4 4
RESPONSE 29024 3 2 2
RESPONSE 30028 6 4 4
RESPONSE 31027 4 3 3
RESPONSE 32531 507 4 5
RESPONSE 34030 5 2 2
RESPONSE 34031 1006 3 4
RESPONSE 35532 506 3 4
RESPONSE 37033 1006 2 3
RESPONSE 37057 29 3 3
RESPONSE 38535 506 3 4
RESPONSE 39033 3 2 2
RESPONSE 40036 5 3 3
RESPONSE 41541 509 5 6
RESPONSE 42037 4 3 3
RESPONSE 43538 504 2 3
RESPONSE 45044 1010 4 5
RESPONSE 45045 9 4 4
RESPONSE 46542 506 3 4
RESPONSE 48045 7 3 3
RESPONSE 48046 1009 4 5
RESPONSE 49545 506 3 4
RESPONSE 50044 5 3 3
RESPONSE 51547 506 3 4
RESPONSE 53045 3 1 1
RESPONSE 53049 1008 4 5
RESPONSE 54048 5 3 3
RESPONSE 55550 506 3 4
RESPONSE 56051 6 4 4
RESPONSE 57050 5 3 3
RESPONSE 58050 3 2 2
RESPONSE 59054 6 4 4
RESPONSE 60553 504 2 3
RESPONSE 62056 1006 3 4
RESPONSE 64060 2009 4 5
RESPONSE 64060 8 4 4
RESPONSE 65078 2026 5 6
RESPONSE 65559 506 3 4
RESPONSE 67058 1006 2 3
RESPONSE 67060 6 3 3
RESPONSE 68059 5 3 3
RESPONSE 69563 507 4 5
RESPONSE 70058 2 1 1
RESPONSE 71061 3 2 2
RESPONSE 72565 507 4 5
RESPONSE 73061 2 1 1
RESPONSE 74566 506 3 4
RESPONSE 75065 4 3 3
RESPONSE 76566 504 2 3
RESPONSE 77069 6 4 4
RESPONSE 78572 509 5 6
RESPONSE 79069 5 3 3
RESPONSE 80073 8 5 5
RESPONSE 81070 4 2 2
RESPONSE 82575 508 4 5
RESPONSE 83069 2 1 1
RESPONSE 84576 507 4 5
RESPONSE 86076 1006 3 4
RESPONSE 87077 6 4 4
RESPONSE 88078 2007 3 4
RESPONSE 89080 1008 3 4
RESPONSE 90078 4 2 2
RESPONSE 90082 1009 5 6
RESPONSE 91081 6 4 4
RESPONSE 92582 506 3 4
RESPONSE 93081 5 3 3
RESPONSE 94585 507 4 5
RESPONSE 96082 3 1 1
RESPONSE 96084 1005 2 3
RESPONSE 97086 6 4 4
RESPONSE 98587 506 3 4
RESPONSE 99086 5 3 3
RESPONSE 100590 507 4 5
RESPONSE 102089 1006 2 3
RESPONSE 102092 8 4 4
RESPONSE 103090 5 3 3
RESPONSE 104611 525 4 5
RESPONSE 105093 6 4 4
RESPONSE 106594 506 3 4
RESPONSE 108095 5 2 2
RESPONSE 108096 1007 3 4
RESPONSE 109595 504 2 3
RESPONSE 110096 5 3 3
RESPONSE 111097 5 3 3
RESPONSE 112100 6 4 4
RESPONSE 113100 6 4 4
RESPONSE 114601 506 3 4
RESPONSE 116104 1008 4 5
RESPONSE 117101 3 2 2
RESPONSE 118107 2010 5 6
RESPONSE 119106 1008 3 4
RESPONSE 120106 6 3 3
RESPONSE 120107 1008 3 4
RESPONSE 121106 4 3 3
RESPONSE 122107 5 3 3
RESPONSE 123107 4 3 3
RESPONSE 124613 509 5 6
RESPONSE 125108 3 2 2
RESPONSE 126109 3 2 2
RESPONSE 127614 508 4 5
RESPONSE 128111 3 2 2
RESPONSE 129617 509 3 4
RESPONSE 131116 6 2 2
RESPONSE 131117 1008 3 4
RESPONSE 132618 508 4 5
RESPONSE 133115 3 2 2
RESPONSE 134116 3 2 2
RESPONSE 135115 2 1 1
RESPONSE 136119 5 3 3
RESPONSE 137119 4 2 2
RESPONSE 138623 506 3 4
RESPONSE 139124 6 4 4
RESPONSE 140125 6 4 4
RESPONSE 141125 5 3 3
RESPONSE 142126 5 3 3
RESPONSE 143629 508 4 5
RESPONSE 145129 1007 3 4
RESPONSE 145130 7 3 3
RESPONSE 146128 4 2 2
RESPONSE 147130 5 3 3
RESPONSE 148130 4 2 2
RESPONSE 149134 8 5 5
RESPONSE 150634 506 3 4
RESPONSE 151134 5 3 3
RESPONSE 152635 506 3 4
RESPONSE 153136 6 4 4
RESPONSE 154637 506 3 4
RESPONSE 155136 3 2 2
RESPONSE 156140 6 4 4
RESPONSE 157137 4 2 2
RESPONSE 158641 506 3 4
RESPONSE 160144 1008 4 5
RESPONSE 161143 6 4 4
RESPONSE 162146 2009 4 5
RESPONSE 162147 8 4 4
RESPONSE 163145 6 4 4
RESPONSE 164146 6 4 4
RESPONSE 165147 6 4 4
RESPONSE 166145 3 2 2
RESPONSE 167146 3 2 2
RESPONSE 168148 5 3 3
RESPONSE 169146 2 1 1
RESPONSE 170651 506 3 4
RESPONSE 172156 1010 5 6
RESPONSE 173151 3 2 2
RESPONSE 174155 2007 3 4
RESPONSE 175155 5 3 3
RESPONSE 175157 1008 4 5
RESPONSE 176154 3 2 2
RESPONSE 177157 6 4 4
RESPONSE 178660 507 4 5
RESPONSE 179158 5 3 3
RESPONSE 180162 8 5 5
RESPONSE 181662 507 4 5
RESPONSE 183162 1006 3 4
RESPONSE 184161 3 2 2
RESPONSE 185166 2009 4 5
RESPONSE 186167 1009 4 5
RESPONSE 187164 4 2 2
RESPONSE 187166 1007 3 4
RESPONSE 188669 508 4 5
RESPONSE 189167 4 3 3
RESPONSE 190168 5 3 3
RESPONSE 191170 6 4 4
RESPONSE 192672 507 4 5
RESPONSE 193170 4 3 3
RESPONSE 194173 6 4 4
RESPONSE 195174 6 4 4
RESPONSE 196676 508 4 5
RESPONSE 198176 1007 3 4
RESPONSE 200178 6 2 2
RESPONSE 200178 2008 3 4
RESPONSE 201177 2006 3 4
RESPONSE 201677 505 2 3
RESPONSE 203178 4 2 2
RESPONSE 203181 1008 4 5
RESPONSE 204178 3 2 2
RESPONSE 205181 6 4 4
RESPONSE 206681 504 2 3
RESPONSE 207179 2 1 1
RESPONSE 208682 504 2 3
RESPONSE 210186 1007 3 4
RESPONSE 210187 7 3 3
RESPONSE 211186 5 3 3
RESPONSE 212689 507 4 5
RESPONSE 214189 1007 3 4
RESPONSE 214192 9 4 4
RESPONSE 215187 3 2 2
RESPONSE 216691 506 3 4
RESPONSE 217190 5 3 3
RESPONSE 218190 3 2 2
RESPONSE 219191 3 2 2
RESPONSE 220195 6 4 4
RESPONSE 221194 5 3 3
RESPONSE 222196 6 4 4
RESPONSE 223197 6 4 4
RESPONSE 224698 506 3 4
RESPONSE 226203 9 4 4
RESPONSE 226204 1011 5 6
RESPONSE 227702 507 4 5
RESPONSE 229204 1009 4 5
RESPONSE 229205 9 4 4
RESPONSE 230201 3 2 2
RESPONSE 231202 4 2 2
RESPONSE 232204 5 3 3
RESPONSE 233205 5 3 3
RESPONSE 234203 2 1 1
RESPONSE 235710 508 4 5
RESPONSE 237210 1007 3 4
RESPONSE 237210 7 3 3
RESPONSE 238210 6 4 4
RESPONSE 239713 508 4 5
RESPONSE 240212 6 4 4
RESPONSE 241209 2 1 1
RESPONSE 242717 509 5 6
RESPONSE 244215 1006 3 4
RESPONSE 246216 2007 2 3
RESPONSE 246219 8 4 4
RESPONSE 247215 3 1 1
RESPONSE 247221 2010 5 6
RESPONSE 248721 508 4 5
RESPONSE 249218 4 3 3
RESPONSE 250220 5 3 3
RESPONSE 251721 506 3 4
RESPONSE 253222 5 2 2
RESPONSE 253226 1009 5 6
RESPONSE 254724 506 3 4
RESPONSE 256226 1007 3 4
RESPONSE 256227 7 3 3
RESPONSE 257226 5 3 3
RESPONSE 258729 507 4 5
RESPONSE 259227 5 3 3
RESPONSE 260230 6 4 4
RESPONSE 261228 3 2 2
RESPONSE 262733 507 4 5
RESPONSE 263229 3 2 2
RESPONSE 264735 507 4 5
RESPONSE 265234 6 4 4
RESPONSE 266735 506 3 4
RESPONSE 268236 1006 3 4
RESPONSE 270238 2007 3 4
RESPONSE 271239 2008 4 5
RESPONSE 274242 4010 5 6
RESPONSE 275239 4005 2 3
RESPONSE 275239 2004 2 2
RESPONSE 275242 5 2 2
RESPONSE 275743 1508 3 4
RESPONSE 277245 6 3 3
RESPONSE 277245 1007 3 4
RESPONSE 278246 6 4 4
RESPONSE 279243 7009 4 5
RESPONSE 279747 507 3 4
RESPONSE 280246 5 3 3
RESPONSE 281748 506 3 4
RESPONSE 282247 4 3 3
RESPONSE 283250 6 4 4
RESPONSE 284246 2 1 1
RESPONSE 285754 509 5 6
RESPONSE 286254 8 5 5
RESPONSE 287254 6 4 4
RESPONSE 288753 504 2 3
RESPONSE 290256 1006 3 4
RESPONSE 292258 2008 3 4
RESPONSE 293260 2008 4 5
RESPONSE 296261 4008 4 5
RESPONSE 297258 4004 2 3
RESPONSE 301259 7005 2 3
RESPONSE 301262 5006 3 3
RESPONSE 301270 4012 3 3
RESPONSE 301271 3012 3 3
RESPONSE 301275 1015 3 3
RESPONSE 301276 2017 5 5
RESPONSE 301278 16 4 4
RESPONSE 302261 7005 3 4
RESPONSE 302266 3 2 2
RESPONSE 303268 5 3 3
RESPONSE 304272 8 5 5
RESPONSE 305773 507 4 5
RESPONSE 306270 3 2 2
RESPONSE 307775 508 4 5
RESPONSE 309275 1007 3 4
RESPONSE 309276 7 3 3
RESPONSE 310276 6 4 4
RESPONSE 311275 5 3 3
RESPONSE 312779 507 4 5
RESPONSE 314279 5 2 2
RESPONSE 314280 1007 2 3
RESPONSE 315280 6 4 4
RESPONSE 316280 5 3 3
RESPONSE 317783 507 4 5
RESPONSE 319283 1007 3 4
RESPONSE 320284 5 3 3
RESPONSE 321285 2007 3 4
RESPONSE 322287 1008 4 5
RESPONSE 323288 1008 4 5
RESPONSE 325291 2010 4 5
RESPONSE 325293 9 5 5
RESPONSE 326289 2007 3 4
RESPONSE 326790 506 3 4
RESPONSE 327287 2 1 1
RESPONSE 328791 504 2 3
RESPONSE 330294 1007 3 4
RESPONSE 330295 7 3 3
RESPONSE 331797 507 4 5
RESPONSE 333296 1005 2 3
RESPONSE 333296 5 2 2
RESPONSE 334296 5 3 3
RESPONSE 335297 5 3 3
RESPONSE 336302 8 5 5
RESPONSE 337803 509 5 6
RESPONSE 339303 6 3 3
RESPONSE 339305 1009 4 5
RESPONSE 340303 6 4 4
RESPONSE 341804 506 3 4
RESPONSE 342302 3 2 2
RESPONSE 343806 506 3 4
RESPONSE 345307 1006 3 4
RESPONSE 347312 2010 3 4
RESPONSE 347312 9 4 4
RESPONSE 348311 2008 4 5
RESPONSE 348811 506 3 4
RESPONSE 349307 2 1 1
RESPONSE 350813 507 4 5
RESPONSE 351312 5 3 3
RESPONSE 352312 5 3 3
RESPONSE 353815 506 3 4
RESPONSE 355316 1006 3 4
RESPONSE 355319 9 5 5
RESPONSE 356316 5 3 3
RESPONSE 357818 506 3 4
RESPONSE 359321 1008 4 5
RESPONSE 360321 6 4 4
RESPONSE 361320 5 2 2
RESPONSE 361322 2008 3 4
RESPONSE 362824 507 4 5
RESPONSE 363322 5 3 3
RESPONSE 364322 3 2 2
RESPONSE 365325 6 4 4
RESPONSE 366828 508 4 5
RESPONSE 367323 2 1 1
RESPONSE 368325 4 2 2
RESPONSE 369831 508 4 5
RESPONSE 371328 1005 2 3
RESPONSE 372333 8 5 5
RESPONSE 373331 5 2 2
RESPONSE 373333 2009 3 4
RESPONSE 374833 506 3 4
RESPONSE 376336 1008 4 5
RESPONSE 377334 5 3 3
RESPONSE 378338 2009 4 5
RESPONSE 379337 1007 3 4
RESPONSE 379339 7 4 4
RESPONSE 380337 5 3 3
RESPONSE 381841 508 4 5
RESPONSE 383341 1007 3 4
RESPONSE 385344 2009 4 5
RESPONSE 386344 2008 3 4
RESPONSE 386344 7 3 3
RESPONSE 387342 3 2 2
RESPONSE 388343 4 2 2
RESPONSE 389344 4007 3 4
RESPONSE 389345 4 2 2
RESPONSE 390347 6 4 4
RESPONSE 391347 5 3 3
RESPONSE 392850 507 4 5
RESPONSE 394350 1007 3 4
RESPONSE 394352 7 4 4
RESPONSE 395850 504 2 3
RESPONSE 397354 1008 4 5
RESPONSE 398354 6 4 4
RESPONSE 399355 6 3 3
RESPONSE 399356 2009 4 5
RESPONSE 400856 506 3 4
RESPONSE 401354 3 2 2
RESPONSE 402358 6 4 4
RESPONSE 403360 8 5 5
RESPONSE 404358 5 3 3
RESPONSE 405859 505 2 3
RESPONSE 407361 1006 3 4
RESPONSE 409364 6 3 3
RESPONSE 409365 2009 4 5
RESPONSE 410363 2006 3 4
RESPONSE 410868 510 5 6
RESPONSE 412364 4 2 2
RESPONSE 412367 1008 4 5
RESPONSE 413365 5 3 3
RESPONSE 414365 3 2 2
RESPONSE 415366 4 2 2
RESPONSE 416870 507 4 5
RESPONSE 417370 6 4 4
RESPONSE 418871 506 3 4
RESPONSE 420372 1006 3 4
RESPONSE 421371 3 2 2
RESPONSE 422375 2009 4 5
RESPONSE 423379 1011 5 6
RESPONSE 424376 1007 3 4
RESPONSE 425379 8 5 5
RESPONSE 426378 6 3 3
RESPONSE 426379 2008 3 4
RESPONSE 427879 506 3 4
RESPONSE 429381 7 3 3
RESPONSE 429382 1008 3 4
RESPONSE 430883 507 4 5
RESPONSE 432383 1006 3 4
RESPONSE 432383 6 3 3
RESPONSE 433383 5 3 3
RESPONSE 434886 507 3 4
RESPONSE 435387 6 4 4
RESPONSE 436891 509 5 6
RESPONSE 438389 1007 3 4
RESPONSE 439389 5 3 3
RESPONSE 440394 2010 4 5
RESPONSE 440395 10 5 5
RESPONSE 441392 6 4 4
RESPONSE 442390 3 2 2
RESPONSE 443391 3 2 2
RESPONSE 444395 6 4 4
RESPONSE 445394 5 3 3
RESPONSE 446897 506 3 4
RESPONSE 447396 4 3 3
RESPONSE 448897 504 2 3
RESPONSE 450402 1009 5 6
RESPONSE 452402 7 3 3
RESPONSE 452403 2009 4 5
RESPONSE 453403 2008 4 5
RESPONSE 453404 8 4 4
RESPONSE 454904 507 4 5
RESPONSE 456406 1008 4 5
RESPONSE 458404 2006 2 3
RESPONSE 458409 9 5 5
RESPONSE 459407 2008 4 5
RESPONSE 459908 507 4 5
RESPONSE 460407 6 4 4
RESPONSE 461409 7 5 5
RESPONSE 462406 3 2 2
RESPONSE 463909 506 3 4
RESPONSE 465414 1009 5 6
RESPONSE 466412 6 4 4
RESPONSE 467411 2006 2 3
RESPONSE 467415 8 4 4
RESPONSE 468915 507 4 5
RESPONSE 470415 1006 3 4
RESPONSE 471415 5 3 3
RESPONSE 472417 2007 3 4
RESPONSE 473419 1008 4 5
RESPONSE 474422 1010 4 5
RESPONSE 474423 10 5 5
RESPONSE 475417 3 2 2
RESPONSE 476418 3 2 2
RESPONSE 477423 7 5 5
RESPONSE 478924 507 4 5
RESPONSE 479419 2 1 1
RESPONSE 480423 5 3 3
RESPONSE 481927 507 4 5
RESPONSE 482423 3 2 2
RESPONSE 483927 506 3 4
RESPONSE 484430 8 5 5
RESPONSE 485429 6 4 4
RESPONSE 486427 3 2 2
RESPONSE 487428 3 2 2
RESPONSE 488430 5 3 3
RESPONSE 489428 3 2 2
RESPONSE 490931 504 2 3
RESPONSE 492435 1008 4 5
RESPONSE 494436 7 3 3
RESPONSE 494439 2011 4 5
RESPONSE 495435 2006 3 4
RESPONSE 495936 506 3 4
RESPONSE 497437 1006 3 4
RESPONSE 499439 2008 3 4
RESPONSE 499440 6 3 3
RESPONSE 500438 2006 3 4
RESPONSE 500943 510 5 6
RESPONSE 501440 6 4 4
RESPONSE 502940 506 3 4
RESPONSE 504445 1009 5 6
RESPONSE 506447 2010 5 6
RESPONSE 507444 5 2 2
RESPONSE 507444 2007 3 4
RESPONSE 508949 509 5 6
RESPONSE 509446 5 3 3
RESPONSE 510444 4005 2 3
RESPONSE 510446 4 2 2
RESPONSE 511448 5 3 3
RESPONSE 512948 505 2 3
RESPONSE 513451 6 4 4
RESPONSE 514451 6 4 4
RESPONSE 515954 508 4 5
RESPONSE 516453 5 3 3
RESPONSE 517455 6 4 4
RESPONSE 518957 507 4 5
RESPONSE 520456 3 1 1
RESPONSE 520458 1006 3 4
RESPONSE 521457 3 2 2
RESPONSE 522459 4 3 3
RESPONSE 523963 507 4 5
RESPONSE 524461 4 3 3
RESPONSE 525966 509 5 6
RESPONSE 526461 3 2 2
RESPONSE 527463 4 3 3
RESPONSE 528966 506 3 4
RESPONSE 529462 2 1 1
RESPONSE 530969 508 4 5
RESPONSE 532469 1007 3 4
RESPONSE 532472 9 5 5
RESPONSE 533469 5 3 3
RESPONSE 534468 3 2 2
RESPONSE 535970 504 2 3
RESPONSE 537472 1006 2 3
RESPONSE 537475 8 4 4
RESPONSE 538975 506 3 4
RESPONSE 539473 3 2 2
RESPONSE 540476 6 4 4
RESPONSE 541979 507 4 5
RESPONSE 543479 1006 3 4
RESPONSE 545482 2009 4 5
RESPONSE 546485 2011 5 6
RESPONSE 549483 4008 3 4
RESPONSE 549484 2007 4 4
RESPONSE 549991 1513 4 5
RESPONSE 549991 514 4 5
RESPONSE 550485 4009 4 5
RESPONSE 551484 4 2 2
RESPONSE 551485 1006 2 3
RESPONSE 552484 3 2 2
RESPONSE 553485 3 2 2
RESPONSE 554990 507 4 5
RESPONSE 555488 4 3 3
RESPONSE 556489 5 3 3
RESPONSE 557488 3 2 2
RESPONSE 558491 5 3 3
RESPONSE 559490 3 2 2
RESPONSE 560994 506 3 4
RESPONSE 562497 1008 4 5
RESPONSE 563497 6 4 4
RESPONSE 564497 2007 3 4
RESPONSE 565499 6 3 3
RESPONSE 565501 1009 4 5
RESPONSE 566498 5 3 3
RESPONSE 568002 508 4 5
RESPONSE 568501 6 4 4
RESPONSE 570002 506 3 4
RESPONSE 570500 3 2 2
RESPONSE 571501 3 2 2
RESPONSE 573003 505 2 3
RESPONSE 573504 5 3 3
RESPONSE 575007 507 4 5
RESPONSE 576509 1008 4 5
RESPONSE 577506 3 2 2
RESPONSE 578510 7 3 3
RESPONSE 578512 2010 4 5
RESPONSE 579509 5 3 3
RESPONSE 581012 506 3 4
RESPONSE 582514 7 3 3
RESPONSE 582515 1008 4 5
RESPONSE 583514 6 4 4
RESPONSE 585016 507 4 5
RESPONSE 585514 4 3 3
RESPONSE 586515 5 3 3
RESPONSE 588017 506 3 4
RESPONSE 588517 5 3 3
RESPONSE 590021 507 4 5
RESPONSE 591520 1005 2 3
RESPONSE 593524 7 3 3
RESPONSE 593526 2011 4 5
RESPONSE 594525 2009 4 5
RESPONSE 595023 505 2 3
RESPONSE 596526 1006 3 4
RESPONSE 598529 2009 3 4
RESPONSE 598530 8 4 4
RESPONSE 599528 2007 3 4
RESPONSE 599530 8 4 4
RESPONSE 600528 5 3 3
RESPONSE 601530 6 4 4
RESPONSE 603031 506 3 4
RESPONSE 603532 6 4 4
RESPONSE 604533 6 4 4
RESPONSE 605534 6 4 4
RESPONSE 607034 506 3 4
RESPONSE 607532 3 2 2
RESPONSE 609036 506 3 4
RESPONSE 610537 5 2 2
RESPONSE 610539 1007 3 4
RESPONSE 612037 504 2 3
RESPONSE 612538 4 3 3
RESPONSE 613539 5 3 3
RESPONSE 614540 4 3 3
RESPONSE 615544 7 5 5
RESPONSE 616544 6 4 4
RESPONSE 618045 507 4 5
RESPONSE 619548 1009 5 6
RESPONSE 621550 2010 5 6
RESPONSE 622546 4 2 2
RESPONSE 622549 2008 4 5
RESPONSE 623547 3 2 2
RESPONSE 624547 3 2 2
RESPONSE 625549 4008 3 4
RESPONSE 626552 1008 4 5
RESPONSE 627553 1008 4 5
RESPONSE 628554 8 5 5
RESPONSE 629553 2007 3 4
RESPONSE 630554 5 3 3
RESPONSE 630555 1007 3 4
RESPONSE 631551 2 1 1
RESPONSE 633056 506 3 4
RESPONSE 634558 1006 3 4
RESPONSE 635558 5 3 3
RESPONSE 636560 2008 3 4
RESPONSE 637560 5 3 3
RESPONSE 637563 1009 4 5
RESPONSE 639062 506 3 4
RESPONSE 640564 1008 4 5
RESPONSE 642565 2007 3 4
RESPONSE 643564 2006 2 3
RESPONSE 643566 6 4 4
RESPONSE 644564 3 2 2
RESPONSE 645568 6 4 4
RESPONSE 646564 4005 2 3
RESPONSE 647568 5 2 2
RESPONSE 647572 1009 4 5
RESPONSE 648569 5 3 3
RESPONSE 650071 506 3 4
RESPONSE 650571 4 3 3
RESPONSE 652076 509 5 6
RESPONSE 653573 1005 2 3
RESPONSE 653574 5 2 2
RESPONSE 655077 507 4 5
RESPONSE 655575 4 3 3
RESPONSE 656575 3 2 2
RESPONSE 657578 6 4 4
RESPONSE 659081 507 4 5
RESPONSE 660580 5 2 2
RESPONSE 660585 1010 5 6
RESPONSE 662083 507 4 5
RESPONSE 663584 6 3 3
RESPONSE 663585 1008 4 5
RESPONSE 665084 506 3 4
RESPONSE 665584 5 3 3
RESPONSE 667086 506 3 4
RESPONSE 667586 5 3 3
RESPONSE 668588 6 4 4
RESPONSE 669586 3 2 2
RESPONSE 671090 506 3 4
RESPONSE 672590 5 2 2
RESPONSE 672594 1009 4 5
RESPONSE 674092 506 3 4
RESPONSE 675595 1008 4 5
RESPONSE 677597 2009 4 5
RESPONSE 678597 7 3 3
RESPONSE 678599 2010 5 6
RESPONSE 679599 7 5 5
RESPONSE 680596 3 2 2
RESPONSE 681598 4008 4 5
RESPONSE 682601 1008 4 5
RESPONSE 684603 2009 4 5
RESPONSE 685603 2008 4 5
RESPONSE 688604 2006 2 2
RESPONSE 688607 4011 5 6
RESPONSE 688609 9 2 2
RESPONSE 689110 1511 4 5
RESPONSE 689604 4008 3 4
RESPONSE 689605 6 3 3
RESPONSE 690606 6 4 4
RESPONSE 692110 509 5 6
RESPONSE 693609 6 3 3
RESPONSE 693610 1008 3 4
RESPONSE 694609 5 3 3
RESPONSE 695609 5 3 3
RESPONSE 697112 506 3 4
RESPONSE 698612 1005 2 3
RESPONSE 700614 2006 2 3
RESPONSE 700616 7 3 3
RESPONSE 701616 2007 3 4
RESPONSE 702115 505 2 3
RESPONSE 702617 6 4 4
RESPONSE 703617 5 3 3
RESPONSE 705119 506 3 4
RESPONSE 706622 1008 4 5
RESPONSE 708622 2008 3 4
RESPONSE 709623 2008 3 4
RESPONSE 709625 7 4 4
RESPONSE 710621 3 2 2
RESPONSE 711624 5 3 3
RESPONSE 712625 5 3 3
RESPONSE 712626 4010 4 5
RESPONSE 713624 5 3 3
RESPONSE 714624 3 2 2
RESPONSE 716127 506 3 4
RESPONSE 716626 3 2 2
RESPONSE 717625 2 1 1
RESPONSE 719132 507 4 5
RESPONSE 719628 3 2 2
RESPONSE 721133 507 4 5
RESPONSE 721635 8 5 5
RESPONSE 723133 506 3 4
RESPONSE 724637 1008 4 5
RESPONSE 726639 2009 4 5
RESPONSE 727634 2 1 1
RESPONSE 727638 2008 4 5
RESPONSE 729141 509 4 5
RESPONSE 729637 3 2 2
RESPONSE 730638 4 2 2
RESPONSE 730640 4009 3 4
RESPONSE 731641 6 4 4
RESPONSE 732642 7 4 4
RESPONSE 733638 2 1 1
RESPONSE 734640 3 2 2
RESPONSE 736145 507 4 5
RESPONSE 736641 2 1 1
RESPONSE 738147 507 4 5
RESPONSE 738646 5 3 3
RESPONSE 740150 509 5 6
RESPONSE 741650 1007 3 4
RESPONSE 743654 2009 4 5
RESPONSE 744653 2008 4 5
RESPONSE 747656 4010 4 5
RESPONSE 747658 2011 5 5
RESPONSE 747659 1011 2 2
RESPONSE 747661 12 3 3
RESPONSE 748656 4009 4 5
RESPONSE 748659 9 5 5
RESPONSE 749657 6 4 4
RESPONSE 750656 5 3 3
RESPONSE 752161 509 5 6
RESPONSE 753660 1007 3 4
RESPONSE 753661 7 3 3
RESPONSE 755160 506 3 4
RESPONSE 755661 5 3 3
RESPONSE 757163 506 3 4
RESPONSE 758662 1005 2 3
RESPONSE 758666 8 4 4
RESPONSE 760167 507 4 5
RESPONSE 761669 1009 4 5
RESPONSE 761670 9 5 5
RESPONSE 762667 5 3 3
RESPONSE 763666 3 2 2
RESPONSE 765172 509 5 6
RESPONSE 765672 7 5 5
RESPONSE 767173 507 4 5
RESPONSE 768673 1007 3 4
RESPONSE 769674 6 4 4
RESPONSE 770676 2009 4 5
RESPONSE 771679 1010 4 5
RESPONSE 772678 1008 4 5
RESPONSE 773678 7 4 4
RESPONSE 774678 5 3 3
RESPONSE 774679 2008 3 4
RESPONSE 775677 3 2 2
RESPONSE 777180 506 3 4
RESPONSE 777679 4 3 3
RESPONSE 779183 507 4 5
RESPONSE 779681 5 3 3
RESPONSE 780682 5 3 3
RESPONSE 781685 6 4 4
RESPONSE 782684 4 3 3
RESPONSE 783682 2 1 1
RESPONSE 785190 509 5 6
RESPONSE 785684 2 1 1
RESPONSE 786691 7 4 4
RESPONSE 788192 507 4 5
RESPONSE 788690 5 3 3
RESPONSE 790194 508 4 5
RESPONSE 790693 6 4 4
RESPONSE 792197 509 5 6
RESPONSE 792695 6 4 4
RESPONSE 793695 5 3 3
RESPONSE 794697 6 4 4
RESPONSE 795696 5 3 3
RESPONSE 796696 3 2 2
RESPONSE 798201 507 4 5
RESPONSE 799701 6 3 3
RESPONSE 799703 1009 4 5
RESPONSE 800702 6 4 4
RESPONSE 801700 3 2 2
RESPONSE 802704 6 4 4
RESPONSE 804205 506 3 4
RESPONSE 805707 1007 3 4
RESPONSE 805708 7 3 3
RESPONSE 806706 5 3 3
RESPONSE 807707 5 3 3
RESPONSE 808709 6 4 4
RESPONSE 809710 6 4 4
RESPONSE 811214 509 5 6
RESPONSE 811711 5 3 3
RESPONSE 812711 4 3 3
RESPONSE 814214 506 3 4
RESPONSE 815717 8 3 3
RESPONSE 815718 1009 4 5
RESPONSE 816717 7 4 4
RESPONSE 818217 506 3 4
RESPONSE 819718 1006 3 4
RESPONSE 821720 2007 3 4
RESPONSE 822724 2010 5 6
RESPONSE 825722 4007 3 4
RESPONSE 826723 4007 3 4
RESPONSE 830722 7005 2 3
RESPONSE 830724 5006 3 3
RESPONSE 830728 3008 3 3
RESPONSE 830731 2011 3 3
RESPONSE 831229 4511 3 4
RESPONSE 831235 1514 3 4
RESPONSE 831236 514 3 4
RESPONSE 831725 7007 3 4
RESPONSE 832727 4 2 2
RESPONSE 832730 1009 4 5
RESPONSE 834232 509 5 6
RESPONSE 835729 1005 2 3
RESPONSE 836728 2 1 1
RESPONSE 837734 2009 4 5
RESPONSE 838734 1007 3 4
RESPONSE 839736 7 4 4
RESPONSE 839737 1009 5 6
RESPONSE 841235 506 3 4
RESPONSE 842737 1007 3 4
RESPONSE 842739 8 4 4
RESPONSE 844240 507 4 5
RESPONSE 845737 3 1 1
RESPONSE 845742 1009 5 6
RESPONSE 847242 508 4 5
RESPONSE 847739 3 2 2
RESPONSE 848740 3 2 2
RESPONSE 850245 507 4 5
RESPONSE 850743 4 3 3
RESPONSE 852243 504 2 3
RESPONSE 852743 3 2 2
RESPONSE 854247 506 3 4
RESPONSE 854745 3 2 2
RESPONSE 856250 507 4 5
RESPONSE 856745 2 1 1
RESPONSE 857751 6 4 4
RESPONSE 859253 507 4 5
RESPONSE 859751 5 3 3
RESPONSE 861252 505 2 3
RESPONSE 861754 5 3 3
RESPONSE 862754 5 3 3
RESPONSE 864255 504 2 3
RESPONSE 864759 8 5 5
RESPONSE 866258 506 3 4
RESPONSE 866760 6 4 4
RESPONSE 867759 5 3 3
RESPONSE 869261 506 3 4
RESPONSE 870766 1010 4 5
RESPONSE 870767 10 4 4
RESPONSE 871759 2 1 1
RESPONSE 872766 7 5 5
RESPONSE 873763 3 2 2
RESPONSE 875266 506 3 4
RESPONSE 875768 7 5 5
RESPONSE 876767 5 3 3
RESPONSE 877766 3 2 2
RESPONSE 878770 6 4 4
RESPONSE 879769 5 3 3
RESPONSE 880772 6 4 4
RESPONSE 881773 6 4 4
RESPONSE 883276 509 5 6
RESPONSE 883773 4 3 3
RESPONSE 884774 5 3 3
RESPONSE 886278 507 4 5
RESPONSE 886775 4 3 3
RESPONSE 887775 3 2 2
RESPONSE 888780 8 5 5
RESPONSE 890283 509 5 6
RESPONSE 890781 6 4 4
RESPONSE 891782 6 4 4
RESPONSE 893282 506 3 4
RESPONSE 893783 6 4 4
RESPONSE 895284 506 3 4
RESPONSE 896788 1009 4 5
RESPONSE 896791 11 5 5
RESPONSE 898287 506 3 4
RESPONSE 898785 3 2 2
RESPONSE 899789 6 4 4
RESPONSE 901289 506 3 4
RESPONSE 902793 1009 5 6
RESPONSE 904791 4 2 2
RESPONSE 904795 2010 4 5
RESPONSE 905792 5 2 2
RESPONSE 905794 2008 4 5
RESPONSE 907294 506 3 4
RESPONSE 908796 1008 3 4
RESPONSE 908798 9 4 4
RESPONSE 909796 6 4 4
RESPONSE 911299 507 4 5
RESPONSE 912798 5 2 2
RESPONSE 912800 1008 3 4
RESPONSE 914300 506 3 4
RESPONSE 914799 5 3 3
RESPONSE 915800 5 3 3
RESPONSE 916800 3 2 2
RESPONSE 918305 507 4 5
RESPONSE 918801 3 2 2
RESPONSE 920306 507 4 5
RESPONSE 920805 5 3 3
RESPONSE 922307 506 3 4
RESPONSE 922806 5 3 3
RESPONSE 923806 3 2 2
RESPONSE 925311 507 4 5
RESPONSE 925807 3 2 2
RESPONSE 926808 3 2 2
RESPONSE 928314 507 4 5
RESPONSE 929812 1005 2 3
RESPONSE 930816 8 5 5
RESPONSE 931818 2010 4 5
RESPONSE 931820 10 5 5
RESPONSE 932812 2 1 1
RESPONSE 934317 506 3 4
RESPONSE 934817 5 3 3
RESPONSE 935819 6 4 4
RESPONSE 937320 506 3 4
RESPONSE 938822 6 3 3
RESPONSE 938823 1008 4 5
RESPONSE 940322 506 3 4
RESPONSE 941826 7 3 3
RESPONSE 941826 1009 4 5
RESPONSE 943325 506 3 4
RESPONSE 943828 7 5 5
RESPONSE 944826 5 3 3
RESPONSE 946331 509 5 6
RESPONSE 946829 6 4 4
RESPONSE 948331 507 4 5
RESPONSE 949833 1008 4 5
RESPONSE 951833 6 2 2
RESPONSE 951835 2009 4 5
RESPONSE 952833 2006 3 4
RESPONSE 953334 506 3 4
RESPONSE 954835 1006 3 4
RESPONSE 954835 6 3 3
RESPONSE 955836 6 4 4
RESPONSE 956835 5 3 3
RESPONSE 958340 509 5 6
RESPONSE 959840 7 4 4
RESPONSE 959841 1009 4 5
RESPONSE 960840 6 4 4
RESPONSE 962341 506 3 4
RESPONSE 962841 5 3 3
RESPONSE 964341 504 2 3
RESPONSE 964844 6 4 4
RESPONSE 966348 509 5 6
RESPONSE 967846 1007 3 4
RESPONSE 967847 6 3 3
RESPONSE 968846 5 3 3
RESPONSE 969847 5 3 3
RESPONSE 971347 504 2 3
RESPONSE 972851 1007 3 4
RESPONSE 972852 7 3 3
RESPONSE 973850 5 3 3
RESPONSE 974853 6 4 4
RESPONSE 975852 5 3 3
RESPONSE 977354 506 3 4
RESPONSE 978857 1008 4 5
RESPONSE 979854 3 2 2
RESPONSE 980856 2006 2 3
RESPONSE 981862 1010 4 5
RESPONSE 981863 10 5 5
RESPONSE 982858 5 3 3
RESPONSE 983858 3 2 2
RESPONSE 985361 506 3 4
RESPONSE 985864 7 5 5
RESPONSE 987362 505 2 3
RESPONSE 987864 6 4 4
RESPONSE 989368 509 5 6
RESPONSE 989863 3 2 2
RESPONSE 990865 5 3 3
RESPONSE 992366 504 2 3
RESPONSE 993872 1009 5 6
RESPONSE 994867 3 2 2
RESPONSE 995870 5 2 2
RESPONSE 995873 2009 4 5
RESPONSE 996872 7 4 4
RESPONSE 998374 507 4 5
RESPONSE 999878 9 4 4
RESPONSE 999879 1011 5 6
RESPONSE 1000873 3 2 2
RESPONSE 1001873 3 2 2
RESPONSE 1003378 507 4 5
RESPONSE 1003875 3 2 2
RESPONSE 1005380 507 4 5
RESPONSE 1006878 3 1 1
RESPONSE 1006880 1006 3 4
RESPONSE 1008383 507 4 5
RESPONSE 1009885 7 3 3
RESPONSE 1009886 1009 4 5
RESPONSE 1011386 508 4 5
RESPONSE 1012888 8 3 3
RESPONSE 1012889 1010 4 5
RESPONSE 1014387 506 3 4
RESPONSE 1015889 1008 4 5
RESPONSE 1016887 3 2 2
RESPONSE 1017889 2006 2 3
RESPONSE 1017891 7 3 3
RESPONSE 1019394 509 5 6
RESPONSE 1020892 1006 3 4
RESPONSE 1021893 5 3 3
RESPONSE 1022894 2007 3 4
RESPONSE 1022896 7 3 3
RESPONSE 1024397 507 4 5
RESPONSE 1024894 3 2 2
RESPONSE 1026399 508 4 5
RESPONSE 1027899 1007 3 4
RESPONSE 1027901 8 4 4
RESPONSE 1028899 5 3 3
RESPONSE 1030401 506 2 3
RESPONSE 1031901 1005 2 3
RESPONSE 1031903 6 3 3
RESPONSE 1033403 506 3 4
RESPONSE 1034905 1007 3 4
RESPONSE 1036909 8 3 3
RESPONSE 1036911 2011 5 6
RESPONSE 1037906 2005 2 3
RESPONSE 1037909 7 4 4
RESPONSE 1038908 6 4 4
RESPONSE 1040409 506 3 4
RESPONSE 1040905 2 1 1
RESPONSE 1042412 508 4 5
RESPONSE 1042910 5 3 3
RESPONSE 1044414 507 4 5
RESPONSE 1044913 6 4 4
RESPONSE 1046415 507 4 5
RESPONSE 1046911 2 1 1
RESPONSE 1047916 6 4 4
RESPONSE 1048915 5 3 3
RESPONSE 1050417 506 3 4
RESPONSE 1050918 6 4 4
RESPONSE 1052418 505 2 3
RESPONSE 1052921 6 4 4
RESPONSE 1053921 4 3 3
RESPONSE 1055424 507 4 5
RESPONSE 1055921 3 2 2
RESPONSE 1057426 508 4 5
RESPONSE 1057926 6 4 4
RESPONSE 1058925 5 3 3
RESPONSE 1060427 506 3 4
RESPONSE 1060928 6 4 4
RESPONSE 1061931 7 5 5
RESPONSE 1062929 5 3 3
RESPONSE 1063927 2 1 1
RESPONSE 1065435 509 5 6
RESPONSE 1066933 6 2 2
RESPONSE 1066934 1007 3 4
RESPONSE 1068436 507 4 5
RESPONSE 1069933 3 1 1
RESPONSE 1069936 1007 3 4
RESPONSE 1070934 3 2 2
RESPONSE 1071937 5 3 3
RESPONSE 1072939 6 4 4
RESPONSE 1073939 5 3 3
RESPONSE 1074938 3 2 2
RESPONSE 1076443 507 4 5
RESPONSE 1077944 1008 4 5
RESPONSE 1078944 6 4 4
RESPONSE 1079944 2007 3 4
RESPONSE 1080947 7 3 3
RESPONSE 1080950 1010 5 6
RESPONSE 1081944 3 2 2
RESPONSE 1083447 506 3 4
RESPONSE 1083945 3 2 2
RESPONSE 1085451 507 4 5
RESPONSE 1086950 1005 2 3
RESPONSE 1087954 8 5 5
RESPONSE 1088956 2011 4 5
RESPONSE 1088957 10 5 5
RESPONSE 1089951 3 2 2
RESPONSE 1091455 507 3 4
RESPONSE 1091956 6 4 4
RESPONSE 1092954 3 2 2
RESPONSE 1094456 504 2 3
RESPONSE 1094954 2 1 1
RESPONSE 1096460 507 4 5
RESPONSE 1097960 1006 3 4
RESPONSE 1098962 6 4 4
RESPONSE 1099964 2009 4 5
RESPONSE 1100966 1010 5 6
RESPONSE 1101964 1007 3 4
RESPONSE 1101966 7 4 4
RESPONSE 1102966 6 4 4
RESPONSE 1104466 506 3 4
RESPONSE 1105969 1008 3 4
RESPONSE 1105971 9 4 4
RESPONSE 1106966 3 2 2
RESPONSE 1107967 3 2 2
RESPONSE 1109470 506 3 4
RESPONSE 1110973 1008 4 5
RESPONSE 1111975 8 5 5
RESPONSE 1112973 5 2 2
RESPONSE 1112974 2008 3 4
RESPONSE 1114475 506 3 4
RESPONSE 1114976 6 4 4
RESPONSE 1116477 506 3 4
RESPONSE 1117979 1007 3 4
RESPONSE 1117980 8 4 4
RESPONSE 1119481 507 4 5
RESPONSE 1120982 1008 4 5
RESPONSE 1122982 2007 3 4
RESPONSE 1123984 2008 4 5
RESPONSE 1126982 2004 1 1
RESPONSE 1126985 4009 3 4
RESPONSE 1126988 1009 3 3
RESPONSE 1127489 508 2 3
RESPONSE 1127985 4007 4 5
RESPONSE 1128991 1009 5 6
RESPONSE 1130990 6 2 2
RESPONSE 1130994 2012 5 6
RESPONSE 1131991 2008 4 5
RESPONSE 1132492 508 4 5
RESPONSE 1132991 6 4 4
RESPONSE 1133992 6 4 4
RESPONSE 1135493 506 3 4
RESPONSE 1136996 8 3 3
RESPONSE 1136997 1009 4 5
RESPONSE 1138497 508 4 5
RESPONSE 1139999 1009 4 5
RESPONSE 1140000 9 4 4
RESPONSE 1140998 6 4 4
RESPONSE 1141996 3 2 2
RESPONSE 1142997 3 2 2
RESPONSE 1143999 5 3 3
RESPONSE 1145001 6 4 4
RESPONSE 1146504 508 4 5
RESPONSE 1147002 5 3 3
RESPONSE 1148004 6 4 4
RESPONSE 1149005 6 4 4
RESPONSE 1150004 5 3 3
RESPONSE 1151506 506 3 4
RESPONSE 1153008 1006 3 4
RESPONSE 1155008 2006 2 3
RESPONSE 1155009 5 2 2
RESPONSE 1156011 2007 4 5
RESPONSE 1156513 509 4 5
RESPONSE 1158013 1008 4 5
RESPONSE 1160013 2007 3 4
RESPONSE 1161016 2009 5 6
RESPONSE 1164017 2007 3 3
RESPONSE 1164019 4011 5 6
RESPONSE 1164021 10 2 2
RESPONSE 1164022 1012 4 4
RESPONSE 1165017 4009 4 5
RESPONSE 1165018 7 4 4
RESPONSE 1166521 509 5 6
RESPONSE 1167019 6 4 4
RESPONSE 1168018 5 3 3
RESPONSE 1169019 5 3 3
RESPONSE 1170023 7 5 5
RESPONSE 1171022 6 4 4
RESPONSE 1172523 506 3 4
RESPONSE 1173023 5 3 3
RESPONSE 1174526 507 4 5
RESPONSE 1175023 4 2 2
RESPONSE 1176026 5 3 3
RESPONSE 1177530 509 5 6
RESPONSE 1178030 8 5 5
RESPONSE 1179532 509 5 6
RESPONSE 1181031 1007 3 4
RESPONSE 1182032 6 4 4
RESPONSE 1183034 2009 4 5
RESPONSE 1184032 4 2 2
RESPONSE 1184034 1007 3 4
RESPONSE 1185033 5 3 3
RESPONSE 1186031 2 1 1
RESPONSE 1187033 3 2 2
RESPONSE 1188537 506 3 4
RESPONSE 1190040 1008 4 5
RESPONSE 1192038 3 1 1
RESPONSE 1192042 2009 4 5
RESPONSE 1193041 5 2 2
RESPONSE 1193045 2011 5 6
RESPONSE 1194038 2 1 1
RESPONSE 1195041 3 2 2
RESPONSE 1196046 8 5 5
RESPONSE 1197546 507 4 5
RESPONSE 1198043 3 2 2
RESPONSE 1199044 3 2 2
RESPONSE 1200549 507 4 5
RESPONSE 1201049 6 4 4
RESPONSE 1202551 507 4 5
RESPONSE 1204054 1009 5 6
RESPONSE 1206054 2009 4 5
RESPONSE 1207053 5 3 3
RESPONSE 1207054 2008 4 5
RESPONSE 1208555 506 3 4
RESPONSE 1210058 4011 3 4
RESPONSE 1210059 1010 4 5
RESPONSE 1212059 7 3 3
RESPONSE 1212060 2010 4 5
RESPONSE 1213059 2008 4 5
RESPONSE 1213560 507 4 5
RESPONSE 1215061 1007 3 4
RESPONSE 1215062 7 3 3
RESPONSE 1216562 506 3 4
RESPONSE 1217058 2 1 1
RESPONSE 1218061 3 2 2
RESPONSE 1219566 507 4 5
RESPONSE 1221068 1008 4 5
RESPONSE 1223071 2010 5 6
RESPONSE 1224069 2008 4 5
RESPONSE 1227070 4008 3 4
RESPONSE 1227072 2008 4 4
RESPONSE 1227578 1514 4 5
RESPONSE 1227580 514 4 5
RESPONSE 1228068 4006 2 3
RESPONSE 1228069 4 2 2
RESPONSE 1229574 508 4 5
RESPONSE 1230070 3 2 2
RESPONSE 1231074 6 4 4
RESPONSE 1232074 5 3 3
RESPONSE 1233075 5 3 3
RESPONSE 1234072 2 1 1
RESPONSE 1235076 5 3 3
RESPONSE 1236076 4 2 2
RESPONSE 1237581 507 4 5
RESPONSE 1238080 6 4 4
RESPONSE 1239581 506 3 4
RESPONSE 1240079 3 2 2
RESPONSE 1241083 6 4 4
RESPONSE 1242585 507 4 5
RESPONSE 1244084 5 2 2
RESPONSE 1244086 1007 3 4
RESPONSE 1245588 507 4 5
RESPONSE 1246086 4 3 3
RESPONSE 1247590 508 4 5
RESPONSE 1248088 5 3 3
RESPONSE 1249089 5 3 3
RESPONSE 1250089 5 3 3
RESPONSE 1251092 6 4 4
RESPONSE 1252596 509 5 6
RESPONSE 1253092 5 3 3
RESPONSE 1254594 506 3 4
RESPONSE 1255092 3 2 2
RESPONSE 1256599 509 5 6
RESPONSE 1258099 1008 4 5
RESPONSE 1259096 3 2 2
RESPONSE 1260100 2008 3 4
RESPONSE 1260100 7 3 3
RESPONSE 1261099 5 3 3
RESPONSE 1262100 5 3 3
RESPONSE 1263101 5 3 3
RESPONSE 1264606 509 5 6
RESPONSE 1265103 5 3 3
RESPONSE 1266102 3 2 2
RESPONSE 1267606 506 3 4
RESPONSE 1269107 1007 3 4
RESPONSE 1270105 3 2 2
RESPONSE 1271108 2006 2 3
RESPONSE 1271109 6 3 3
RESPONSE 1272106 2 1 1
RESPONSE 1273612 507 4 5
RESPONSE 1275113 1007 3 4
RESPONSE 1275114 7 4 4
RESPONSE 1276112 5 3 3
RESPONSE 1277115 6 4 4
RESPONSE 1278615 506 3 4
RESPONSE 1279113 3 2 2
RESPONSE 1280618 507 4 5
RESPONSE 1282120 1008 3 4
RESPONSE 1282122 9 4 4
RESPONSE 1283623 509 5 6
RESPONSE 1284118 3 2 2
RESPONSE 1285120 5 3 3
RESPONSE 1286120 3 2 2
RESPONSE 1287625 507 4 5
RESPONSE 1289124 5 2 2
RESPONSE 1289127 1009 4 5
RESPONSE 1290125 5 3 3
RESPONSE 1291627 506 3 4
RESPONSE 1292126 5 3 3
RESPONSE 1293629 506 3 4
RESPONSE 1294130 6 4 4
RESPONSE 1295630 506 3 4
RESPONSE 1297131 1005 2 3
RESPONSE 1297134 8 4 4
RESPONSE 1298132 5 3 3
RESPONSE 1299131 3 2 2
RESPONSE 1300131 2 1 1
RESPONSE 1301133 3 2 2
RESPONSE 1302637 506 3 4
RESPONSE 1303139 8 5 5
RESPONSE 1304136 3 2 2
RESPONSE 1305136 3 2 2
RESPONSE 1306137 3 2 2
RESPONSE 1307644 509 5 6
RESPONSE 1309142 1006 3 4
RESPONSE 1311146 2009 4 5
RESPONSE 1312145 6 3 3
RESPONSE 1312146 2008 3 4
RESPONSE 1313646 506 3 4
RESPONSE 1314144 3 2 2
RESPONSE 1315148 4010 4 5
RESPONSE 1315648 506 3 4
RESPONSE 1316146 3 2 2
RESPONSE 1317148 5 3 3
RESPONSE 1318652 508 4 5
RESPONSE 1319150 5 3 3
RESPONSE 1320652 506 3 4
RESPONSE 1321155 8 5 5
RESPONSE 1322150 2 1 1
RESPONSE 1323657 507 4 5
RESPONSE 1325158 1008 4 5
RESPONSE 1326158 7 4 4
RESPONSE 1327158 6 3 3
RESPONSE 1327160 2009 4 5
RESPONSE 1328161 8 5 5
RESPONSE 1329662 508 4 5
RESPONSE 1331163 1008 4 5
RESPONSE 1332160 3 1 1
RESPONSE 1333164 2008 3 4
RESPONSE 1334163 4 2 2
RESPONSE 1334165 1007 3 4
RESPONSE 1335666 506 3 4
RESPONSE 1336166 6 4 4
RESPONSE 1337666 505 2 3
RESPONSE 1338166 3 2 2
RESPONSE 1339168 5 3 3
RESPONSE 1340669 505 2 3
RESPONSE 1341167 2 1 1
RESPONSE 1342171 5 3 3
RESPONSE 1343170 3 2 2
RESPONSE 1344672 505 2 3
RESPONSE 1345173 5 3 3
RESPONSE 1346171 2 1 1
RESPONSE 1347175 5 3 3
RESPONSE 1348677 506 3 4
RESPONSE 1350181 1009 5 6
RESPONSE 1352183 2011 5 6
RESPONSE 1353181 2007 3 4
RESPONSE 1356188 2011 4 4
RESPONSE 1356188 4014 4 5
RESPONSE 1356189 1012 4 4
RESPONSE 1356691 512 4 5
RESPONSE 1357182 4 2 2
RESPONSE 1357186 4010 4 5
RESPONSE 1358185 6 4 4
RESPONSE 1359186 6 4 4
RESPONSE 1360688 508 4 5
RESPONSE 1362188 1007 3 4
RESPONSE 1362189 7 4 4
RESPONSE 1363188 5 3 3
RESPONSE 1364189 4 3 3
RESPONSE 1365191 6 4 4
RESPONSE 1366189 3 2 2
RESPONSE 1367193 6 4 4
RESPONSE 1368192 4 3 3
RESPONSE 1369694 506 3 4
RESPONSE 1371197 1007 3 4
RESPONSE 1371198 8 4 4
RESPONSE 1372696 504 2 3
RESPONSE 1373195 3 2 2
RESPONSE 1374699 506 3 4
RESPONSE 1376199 4 2 2
RESPONSE 1376202 1008 4 5
RESPONSE 1377702 506 3 4
RESPONSE 1379206 1009 4 5
RESPONSE 1379207 9 4 4
RESPONSE 1380706 508 4 5
RESPONSE 1382204 4 2 2
RESPONSE 1382206 1007 3 4
RESPONSE 1383204 3 2 2
RESPONSE 1384711 509 5 6
RESPONSE 1385207 5 3 3
RESPONSE 1386711 508 4 5
RESPONSE 1387206 2 1 1
RESPONSE 1388713 508 4 5
RESPONSE 1390212 5 2 2
RESPONSE 1390214 1008 4 5
RESPONSE 1391213 5 3 3
RESPONSE 1392212 3 2 2
RESPONSE 1393213 3 2 2
RESPONSE 1394715 504 2 3
RESPONSE 1395216 5 3 3
RESPONSE 1396218 6 4 4
RESPONSE 1397722 509 5 6
RESPONSE 1399222 7 3 3
RESPONSE 1399223 1009 4 5
RESPONSE 1400720 504 2 3
RESPONSE 1402222 1005 2 3
RESPONSE 1404226 2009 3 4
RESPONSE 1404227 7 3 3
RESPONSE 1405225 2006 3 4
RESPONSE 1405728 508 4 5
RESPONSE 1406226 6 4 4
RESPONSE 1407728 507 4 5
RESPONSE 1409230 7 3 3
RESPONSE 1409232 1010 5 6
RESPONSE 1410729 506 3 4
RESPONSE 1411232 8 5 5
RESPONSE 1412733 507 4 5
RESPONSE 1414234 1008 4 5
RESPONSE 1416235 2008 3 4
RESPONSE 1417236 2008 4 5
RESPONSE 1420239 4010 4 5
RESPONSE 1421239 2008 3 3
RESPONSE 1421240 4010 4 5
RESPONSE 1421241 8 3 3
RESPONSE 1421744 1511 5 6
RESPONSE 1422241 8 5 5
RESPONSE 1423741 507 4 5
RESPONSE 1424241 6 4 4
RESPONSE 1425239 7008 3 4
RESPONSE 1425745 509 5 6
RESPONSE 1427243 1006 3 4
RESPONSE 1429245 6 3 3
RESPONSE 1429249 2011 5 6
RESPONSE 1430247 8 4 4
RESPONSE 1430248 2009 5 6
RESPONSE 1431747 506 3 4
RESPONSE 1432248 6 4 4
RESPONSE 1433246 3 2 2
RESPONSE 1434249 5 3 3
RESPONSE 1435249 3 2 2
RESPONSE 1436251 5 3 3
RESPONSE 1437753 506 3 4
RESPONSE 1438252 3 2 2
RESPONSE 1439755 506 3 4
RESPONSE 1440255 5 3 3
RESPONSE 1441758 507 4 5
RESPONSE 1443258 1006 3 4
RESPONSE 1445260 2008 3 4
RESPONSE 1445263 8 4 4
RESPONSE 1446259 2005 2 3
RESPONSE 1446761 506 3 4
RESPONSE 1448261 5 2 2
RESPONSE 1448264 1008 4 5
RESPONSE 1449262 5 3 3
RESPONSE 1450767 509 5 6
RESPONSE 1451266 7 5 5
RESPONSE 1452266 6 4 4
RESPONSE 1453766 506 3 4
RESPONSE 1455267 4 2 2
RESPONSE 1455268 1006 3 4
RESPONSE 1456772 509 5 6
RESPONSE 1458272 7 3 3
RESPONSE 1458274 1010 4 5
RESPONSE 1459772 506 3 4
RESPONSE 1461273 1007 3 4
RESPONSE 1463278 2010 5 6
RESPONSE 1464276 2008 4 5
RESPONSE 1467277 2006 2 2
RESPONSE 1467278 4008 3 4
RESPONSE 1467283 11 4 4
RESPONSE 1467783 1511 4 5
RESPONSE 1468276 4006 3 4
RESPONSE 1469280 1006 3 4
RESPONSE 1471280 2006 2 3
RESPONSE 1472283 6 3 3
RESPONSE 1472284 2009 4 5
RESPONSE 1473284 6 4 4
RESPONSE 1474786 506 3 4
RESPONSE 1475286 4010 4 5
RESPONSE 1475287 7 3 3
RESPONSE 1476790 509 5 6
RESPONSE 1478288 1006 3 4
RESPONSE 1480292 2009 4 5
RESPONSE 1480294 10 5 5
RESPONSE 1481290 2007 3 4
RESPONSE 1481791 506 3 4
RESPONSE 1483290 4 2 2
RESPONSE 1483293 1008 4 5
RESPONSE 1484794 507 4 5
RESPONSE 1485294 6 4 4
RESPONSE 1486798 509 5 6
RESPONSE 1487294 5 3 3
RESPONSE 1488796 506 3 4
RESPONSE 1490300 8 3 3
RESPONSE 1490302 1011 5 6
RESPONSE 1491799 506 3 4
RESPONSE 1492298 5 3 3
RESPONSE 1493301 6 4 4
RESPONSE 1494300 5 3 3
RESPONSE 1495301 5 3 3
RESPONSE 1496305 8 5 5
RESPONSE 1497301 3 2 2
RESPONSE 1498304 5 3 3
RESPONSE 1499305 5 3 3
RESPONSE 1500808 507 4 5
RESPONSE 1502307 1005 2 3
RESPONSE 1504310 2008 3 4
RESPONSE 1504312 7 4 4
RESPONSE 1505309 4 2 2
RESPONSE 1505310 2007 3 4
RESPONSE 1506310 5 3 3
RESPONSE 1507812 506 3 4
RESPONSE 1509316 1009 5 6
RESPONSE 1511317 2009 4 5
RESPONSE 1512318 7 3 3
RESPONSE 1512319 2009 4 5
RESPONSE 1513817 504 2 3
RESPONSE 1514321 7 5 5
RESPONSE 1515316 4006 3 4
RESPONSE 1515818 504 2 3
RESPONSE 1517324 8 3 3
RESPONSE 1517324 1009 4 5
RESPONSE 1518321 5 3 3
RESPONSE 1519322 5 3 3
RESPONSE 1520322 3 2 2
RESPONSE 1521827 508 4 5
RESPONSE 1523326 1006 3 4
RESPONSE 1525326 3 1 1
RESPONSE 1525328 2007 3 4
RESPONSE 1526330 2008 4 5
RESPONSE 1526828 505 2 3
RESPONSE 1527327 3 2 2
RESPONSE 1528831 506 3 4
RESPONSE 1530332 6 3 3
RESPONSE 1530333 1008 3 4
RESPONSE 1531833 506 3 4
RESPONSE 1532336 8 5 5
RESPONSE 1533835 506 3 4
RESPONSE 1535335 4 2 2
RESPONSE 1535335 1006 2 3
RESPONSE 1536839 508 4 5
RESPONSE 1537338 6 4 4
RESPONSE 1538338 5 3 3
RESPONSE 1539337 3 2 2
RESPONSE 1540340 5 3 3
RESPONSE 1541843 507 4 5
RESPONSE 1543345 1008 4 5
RESPONSE 1545345 2008 3 4
RESPONSE 1546347 6 3 3
RESPONSE 1546349 2010 4 5
RESPONSE 1547847 506 3 4
RESPONSE 1548348 6 4 4
RESPONSE 1549348 4008 4 5
RESPONSE 1549850 507 4 5
RESPONSE 1551349 1005 2 3
RESPONSE 1552352 6 4 4
RESPONSE 1553351 2006 2 3
RESPONSE 1554356 1009 5 6
RESPONSE 1555354 1006 3 4
RESPONSE 1556354 5 3 3
RESPONSE 1557357 2009 4 5
RESPONSE 1558355 1004 2 3
RESPONSE 1559360 8 4 4
RESPONSE 1559361 1010 4 5
RESPONSE 1560357 5 3 3
RESPONSE 1561861 508 4 5
RESPONSE 1562359 4 3 3
RESPONSE 1563863 507 4 5
RESPONSE 1565363 1007 3 4
RESPONSE 1565365 8 4 4
RESPONSE 1566864 506 3 4
RESPONSE 1567363 4 3 3
RESPONSE 1568365 5 3 3
RESPONSE 1569364 3 2 2
RESPONSE 1570869 508 4 5
RESPONSE 1571369 6 4 4
RESPONSE 1572871 507 4 5
RESPONSE 1574371 1006 3 4
RESPONSE 1576373 2008 3 4
RESPONSE 1576375 8 4 4
RESPONSE 1577373 2007 3 4
RESPONSE 1577374 7 3 3
RESPONSE 1578875 508 4 5
RESPONSE 1580376 1007 3 4
RESPONSE 1580377 7 3 3
RESPONSE 1581374 3 2 2
RESPONSE 1582373 2 1 1
RESPONSE 1583878 506 3 4
RESPONSE 1584378 5 3 3
RESPONSE 1585378 4 3 3
RESPONSE 1586379 3 2 2
RESPONSE 1587884 507 4 5
RESPONSE 1589384 1007 3 4
RESPONSE 1589385 6 3 3
RESPONSE 1590382 3 2 2
RESPONSE 1591886 506 3 4
RESPONSE 1593387 1006 3 4
RESPONSE 1594386 3 2 2
RESPONSE 1595390 2009 3 4
RESPONSE 1595392 8 4 4
RESPONSE 1596388 3 2 2
RESPONSE 1597893 507 4 5
RESPONSE 1598389 3 2 2
RESPONSE 1599392 5 3 3
RESPONSE 1600894 506 3 4
RESPONSE 1602396 6 3 3
RESPONSE 1602399 1010 5 6
RESPONSE 1603394 3 2 2
RESPONSE 1604393 2 1 1
RESPONSE 1605395 3 2 2
RESPONSE 1606398 5 3 3
RESPONSE 1607900 506 3 4
RESPONSE 1608400 5 3 3
RESPONSE 1609905 509 5 6
RESPONSE 1611404 6 3 3
RESPONSE 1611405 1008 4 5
RESPONSE 1612906 507 4 5
RESPONSE 1613404 5 3 3
RESPONSE 1614407 6 4 4
RESPONSE 1615908 507 4 5
RESPONSE 1616407 5 3 3
RESPONSE 1617910 507 4 5
RESPONSE 1619412 1008 4 5
RESPONSE 1621413 2009 4 5
RESPONSE 1622413 2007 3 4
RESPONSE 1625412 4006 2 3
RESPONSE 1626414 4006 2 3
RESPONSE 1630420 7011 5 6
RESPONSE 1631415 7006 2 3
RESPONSE 1635419 7008 1 1
RESPONSE 1635421 10011 3 4
RESPONSE 1635422 8011 4 4
RESPONSE 1635428 4014 4 4
RESPONSE 1635430 3015 3 3
RESPONSE 1635433 2017 4 4
RESPONSE 1635435 1018 3 3
RESPONSE 1635924 6512 3 4
RESPONSE 1635930 5516 5 6
RESPONSE 1635937 519 3 4
RESPONSE 1636419 10009 3 4
RESPONSE 1637423 1005 2 3
RESPONSE 1637426 7 4 4
RESPONSE 1638423 3 2 2
RESPONSE 1639926 506 3 4
RESPONSE 1640424 3 2 2
RESPONSE 1641429 7 4 4
RESPONSE 1642429 6 4 4
RESPONSE 1643931 507 4 5
RESPONSE 1644428 3 2 2
RESPONSE 1645432 6 4 4
RESPONSE 1646933 506 3 4
RESPONSE 1647429 2 1 1
RESPONSE 1648432 3 2 2
RESPONSE 1649435 6 4 4
RESPONSE 1650937 507 4 5
RESPONSE 1651435 5 3 3
RESPONSE 1652436 5 3 3
RESPONSE 1653939 506 3 4
RESPONSE 1655439 5 2 2
RESPONSE 1655442 1009 4 5
RESPONSE 1656440 5 3 3
RESPONSE 1657941 505 2 3
RESPONSE 1659444 1006 3 4
RESPONSE 1661445 2006 2 3
RESPONSE 1662447 2007 3 4
RESPONSE 1662448 6 3 3
RESPONSE 1663450 7 5 5
RESPONSE 1664952 509 5 6
RESPONSE 1665447 4006 3 4
RESPONSE 1665451 6 4 4
RESPONSE 1666952 507 4 5
RESPONSE 1668451 4 2 2
RESPONSE 1668454 1008 4 5
RESPONSE 1669955 507 4 5
RESPONSE 1671455 1007 3 4
RESPONSE 1673457 2007 3 4
RESPONSE 1674457 2006 3 4
RESPONSE 1677456 2003 1 1
RESPONSE 1677460 4009 4 5
RESPONSE 1677461 1007 2 2
RESPONSE 1677964 510 4 5
RESPONSE 1678458 4006 3 4
RESPONSE 1679463 7 3 3
RESPONSE 1679463 1009 4 5
RESPONSE 1680962 506 3 4
RESPONSE 1681462 5 3 3
RESPONSE 1682461 3 2 2
RESPONSE 1683965 506 3 4
RESPONSE 1685470 1010 4 5
RESPONSE 1685471 10 5 5
RESPONSE 1686469 7 4 4
RESPONSE 1687970 508 4 5
RESPONSE 1688470 6 4 4
RESPONSE 1689970 506 3 4
RESPONSE 1690470 4 3 3
RESPONSE 1691471 5 3 3
RESPONSE 1692971 504 2 3
RESPONSE 1693474 6 4 4
RESPONSE 1694473 5 3 3
RESPONSE 1695477 7 5 5
RESPONSE 1696474 3 2 2
RESPONSE 1697979 507 4 5
RESPONSE 1698476 3 2 2
RESPONSE 1699479 5 3 3
RESPONSE 1700478 3 2 2
RESPONSE 1701982 506 3 4
RESPONSE 1702481 5 3 3
RESPONSE 1703985 508 4 5
RESPONSE 1705487 1008 3 4
RESPONSE 1705489 9 4 4
RESPONSE 1706486 6 4 4
RESPONSE 1707987 506 3 4
RESPONSE 1708485 3 2 2
RESPONSE 1709486 3 2 2
RESPONSE 1710486 2 1 1
RESPONSE 1711994 509 5 6
RESPONSE 1713490 1005 2 3
RESPONSE 1713491 5 2 2
RESPONSE 1714491 3 2 2
RESPONSE 1715496 8 5 5
RESPONSE 1716493 3 2 2
RESPONSE 1717998 508 4 5
RESPONSE 1718493 2 1 1
RESPONSE 1719498 6 4 4
RESPONSE 1720494 2 1 1
RESPONSE 1721501 8 5 5
RESPONSE 1722502 7 5 5
RESPONSE 1724003 507 4 5
RESPONSE 1725505 1009 4 5
RESPONSE 1725506 9 4 4
RESPONSE 1726504 6 4 4
RESPONSE 1727502 3 2 2
RESPONSE 1729007 508 4 5
RESPONSE 1729505 4 3 3
RESPONSE 1730505 3 2 2
RESPONSE 1732009 506 3 4
RESPONSE 1732507 3 2 2
RESPONSE 1734012 508 4 5
RESPONSE 1734513 8 5 5
RESPONSE 1735509 3 2 2
RESPONSE 1736511 5 3 3
RESPONSE 1738014 506 3 4
RESPONSE 1738510 2 1 1
RESPONSE 1739514 5 3 3
RESPONSE 1741016 506 3 4
RESPONSE 1742519 1008 4 5
RESPONSE 1744518 2006 2 3
RESPONSE 1744521 7 4 4
RESPONSE 1745519 2006 3 4
RESPONSE 1746024 510 5 6
RESPONSE 1746518 3 2 2
RESPONSE 1748022 506 3 4
RESPONSE 1748519 3 2 2
RESPONSE 1749522 5 3 3
RESPONSE 1751024 506 3 4
RESPONSE 1751523 4 3 3
RESPONSE 1753027 507 4 5
RESPONSE 1753527 6 4 4
RESPONSE 1754523 2 1 1
RESPONSE 1756030 507 4 5
RESPONSE 1757528 4 2 2
RESPONSE 1757532 1008 4 5
RESPONSE 1759031 506 3 4
RESPONSE 1760531 4 2 2
RESPONSE 1760534 1008 4 5
RESPONSE 1761534 7 4 4
RESPONSE 1762535 6 4 4
RESPONSE 1764037 508 4 5
RESPONSE 1765535 4 2 2
RESPONSE 1765537 1007 3 4
RESPONSE 1766538 6 4 4
RESPONSE 1768037 504 2 3
RESPONSE 1768542 8 5 5
RESPONSE 1770042 507 4 5
RESPONSE 1770540 4 3 3
RESPONSE 1772042 506 3 4
RESPONSE 1772542 5 3 3
RESPONSE 1773541 3 2 2
RESPONSE 1775048 509 5 6
RESPONSE 1776547 1007 3 4
RESPONSE 1778549 6 3 3
RESPONSE 1778550 2009 4 5
RESPONSE 1779545 2 1 1
RESPONSE 1779550 2008 4 5
RESPONSE 1781049 506 3 4
RESPONSE 1782554 1009 5 6
RESPONSE 1784554 2009 4 5
RESPONSE 1785551 2005 2 3
RESPONSE 1788556 2007 3 3
RESPONSE 1788559 4012 4 5
RESPONSE 1789064 514 4 5
RESPONSE 1789065 1515 5 6
RESPONSE 1789554 4006 3 4
RESPONSE 1789554 4 2 2
RESPONSE 1791059 508 4 5
RESPONSE 1791557 5 3 3
RESPONSE 1792556 3 2 2
RESPONSE 1794062 508 4 5
RESPONSE 1794559 5 3 3
RESPONSE 1795559 3 2 2
RESPONSE 1796558 2 1 1
RESPONSE 1797561 3 2 2
RESPONSE 1799064 506 3 4
RESPONSE 1799565 6 4 4
RESPONSE 1801067 507 4 5
RESPONSE 1801566 5 3 3
RESPONSE 1803066 504 2 3
RESPONSE 1803567 4 3 3
RESPONSE 1804570 6 4 4
RESPONSE 1806072 508 4 5
RESPONSE 1806569 3 2 2
RESPONSE 1807569 3 2 2
RESPONSE 1809072 505 2 3
RESPONSE 1809574 6 4 4
RESPONSE 1811076 507 4 5
RESPONSE 1812577 1008 3 4
RESPONSE 1812579 9 4 4
RESPONSE 1814079 508 4 5
RESPONSE 1814580 7 5 5
RESPONSE 1816078 504 2 3
RESPONSE 1816581 6 4 4
RESPONSE 1817580 5 3 3
RESPONSE 1818581 5 3 3
RESPONSE 1819582 5 3 3
RESPONSE 1820582 4 3 3
RESPONSE 1822084 505 2 3
RESPONSE 1823585 5 2 2
RESPONSE 1823588 1009 4 5
RESPONSE 1824585 3 2 2
RESPONSE 1825587 5 3 3
RESPONSE 1826589 6 4 4
RESPONSE 1827586 2 1 1
RESPONSE 1828588 3 2 2
RESPONSE 1830093 508 4 5
RESPONSE 1831592 1005 2 3
RESPONSE 1833596 2009 4 5
RESPONSE 1834594 2006 2 3
RESPONSE 1834595 5 3 3
RESPONSE 1836097 506 3 4
RESPONSE 1836598 6 4 4
RESPONSE 1837599 4010 5 6
RESPONSE 1838099 507 3 4
RESPONSE 1839600 1007 3 4
RESPONSE 1839601 6 3 3
RESPONSE 1840599 3 2 2
RESPONSE 1841600 3 2 2
RESPONSE 1842603 6 4 4
RESPONSE 1843604 6 4 4
RESPONSE 1845103 505 2 3
RESPONSE 1845604 5 3 3
RESPONSE 1846606 5 3 3
RESPONSE 1847605 3 2 2
RESPONSE 1849108 506 3 4
RESPONSE 1850610 1006 3 4
RESPONSE 1852615 2011 4 5
RESPONSE 1852616 8 4 4
RESPONSE 1853614 2007 3 4
RESPONSE 1853615 7 4 4
RESPONSE 1855115 506 3 4
RESPONSE 1855614 5 3 3
RESPONSE 1857116 506 3 4
RESPONSE 1857615 3 2 2
RESPONSE 1859118 506 3 4
RESPONSE 1859616 3 2 2
RESPONSE 1861119 505 2 3
RESPONSE 1862624 1009 5 6
RESPONSE 1864626 2010 5 6
RESPONSE 1865622 3 2 2
RESPONSE 1865624 2007 3 4
RESPONSE 1867125 506 3 4
RESPONSE 1867622 2 1 1
RESPONSE 1868626 4009 3 4
RESPONSE 1868627 6 3 3
RESPONSE 1869624 3 2 2
RESPONSE 1870630 8 5 5
RESPONSE 1872129 506 3 4
RESPONSE 1872629 5 3 3
RESPONSE 1874129 504 2 3
RESPONSE 1875632 1006 3 4
RESPONSE 1877635 2009 4 5
RESPONSE 1878634 5 2 2
RESPONSE 1878637 2010 3 4
RESPONSE 1880138 507 4 5
RESPONSE 1880636 5 3 3
RESPONSE 1881637 4009 4 5
RESPONSE 1882137 505 2 3
RESPONSE 1883641 1008 4 5
RESPONSE 1884638 3 2 2
RESPONSE 1885642 2008 3 4
RESPONSE 1886644 7 3 3
RESPONSE 1886645 1009 4 5
RESPONSE 1888145 507 4 5
RESPONSE 1888643 3 2 2
RESPONSE 1889647 6 4 4
RESPONSE 1890648 6 4 4
RESPONSE 1891648 5 3 3
RESPONSE 1892649 5 3 3
RESPONSE 1893649 3 2 2
RESPONSE 1895154 508 4 5
RESPONSE 1895653 6 4 4
RESPONSE 1897154 507 3 4
RESPONSE 1898658 1010 5 6
RESPONSE 1900656 5 2 2
RESPONSE 1900659 2010 4 5
RESPONSE 1901660 2009 5 6
RESPONSE 1902158 507 3 4
RESPONSE 1902658 6 4 4
RESPONSE 1903659 6 4 4
RESPONSE 1904658 5 3 3
RESPONSE 1906162 507 4 5
RESPONSE 1906659 3 2 2
RESPONSE 1907661 5 3 3
RESPONSE 1909163 506 3 4
RESPONSE 1910667 8 3 3
RESPONSE 1910669 1011 5 6
RESPONSE 1911664 4 2 2
RESPONSE 1913169 508 4 5
RESPONSE 1913665 3 2 2
RESPONSE 1915170 507 4 5
RESPONSE 1916673 1009 5 6
RESPONSE 1917671 6 4 4
RESPONSE 1918669 3 1 1
RESPONSE 1918673 2009 4 5
RESPONSE 1919673 6 4 4
RESPONSE 1921175 507 4 5
RESPONSE 1922675 1006 2 3
RESPONSE 1922679 9 5 5
RESPONSE 1924176 506 3 4
RESPONSE 1925676 1005 2 3
RESPONSE 1927682 2009 4 5
RESPONSE 1928680 4 2 2
RESPONSE 1928684 2011 5 6
RESPONSE 1930185 509 5 6
RESPONSE 1930680 3 2 2
RESPONSE 1931681 3 2 2
RESPONSE 1931682 4008 4 5
RESPONSE 1932682 3 2 2
RESPONSE 1934188 509 5 6
RESPONSE 1934685 4 3 3
RESPONSE 1935685 4 3 3
RESPONSE 1936687 5 3 3
RESPONSE 1938189 506 3 4
RESPONSE 1938687 3 2 2
RESPONSE 1939691 6 4 4
RESPONSE 1941192 506 3 4
RESPONSE 1942694 1008 4 5
RESPONSE 1944693 2006 2 3
RESPONSE 1944698 9 5 5
RESPONSE 1945696 2008 4 5
RESPONSE 1945696 7 4 4
RESPONSE 1946694 5 3 3
RESPONSE 1947695 4 3 3
RESPONSE 1948696 5 3 3
RESPONSE 1949697 5 3 3
RESPONSE 1951201 507 4 5
RESPONSE 1951697 3 2 2
RESPONSE 1953202 507 4 5
RESPONSE 1953699 3 2 2
RESPONSE 1955203 506 3 4
RESPONSE 1956703 1005 2 3
RESPONSE 1957703 3 2 2
RESPONSE 1958706 2007 3 4
RESPONSE 1959707 6 4 4
RESPONSE 1959708 1008 4 5
RESPONSE 1961209 507 4 5
RESPONSE 1961709 6 4 4
RESPONSE 1962708 5 3 3
RESPONSE 1964210 504 2 3
RESPONSE 1964711 5 3 3
RESPONSE 1966215 507 4 5
RESPONSE 1966711 3 2 2
RESPONSE 1968216 506 3 4
RESPONSE 1968716 5 3 3
RESPONSE 1969715 3 2 2
RESPONSE 1971219 506 3 4
RESPONSE 1971719 5 3 3
RESPONSE 1972719 5 3 3
RESPONSE 1973720 5 3 3
RESPONSE 1975221 504 2 3
RESPONSE 1976726 1009 4 5
RESPONSE 1976727 8 4 4
RESPONSE 1977724 5 3 3
RESPONSE 1978722 2 1 1
RESPONSE 1979724 3 2 2
RESPONSE 1980726 5 3 3
RESPONSE 1981727 5 3 3
RESPONSE 1983231 507 4 5
RESPONSE 1984732 1008 4 5
RESPONSE 1985728 2 1 1
RESPONSE 1986731 4 2 2
RESPONSE 1986733 2008 3 4
RESPONSE 1987733 5 3 3
RESPONSE 1988732 3 2 2
RESPONSE 1989736 6 4 4
RESPONSE 1991238 508 4 5
RESPONSE 1992739 1008 4 5
RESPONSE 1994740 2007 3 4
RESPONSE 1995739 2006 3 4
RESPONSE 1998741 4007 3 4
RESPONSE 1999742 4007 3 4
RESPONSE 2003743 7007 2 3
RESPONSE 2003744 5007 3 3
RESPONSE 2003747 4009 2 2
RESPONSE 2003749 3011 3 3
RESPONSE 2003757 16 5 5
RESPONSE 2004257 1517 3 4
RESPONSE 2004258 2518 4 5
RESPONSE 2004742 7006 2 3
RESPONSE 2005748 1006 3 4
RESPONSE 2006748 5 3 3
RESPONSE 2007752 2009 4 5
RESPONSE 2008748 3 1 1
RESPONSE 2008751 1007 3 4
RESPONSE 2010252 506 3 4
RESPONSE 2010752 4 3 3
RESPONSE 2012252 504 2 3
RESPONSE 2012755 6 4 4
RESPONSE 2013756 6 4 4
RESPONSE 2015258 507 4 5
RESPONSE 2015754 3 2 2
RESPONSE 2017259 506 3 4
RESPONSE 2017758 5 3 3
RESPONSE 2019263 509 5 6
RESPONSE 2019760 5 3 3
RESPONSE 2021262 506 3 4
RESPONSE 2022764 1008 4 5
RESPONSE 2023766 7 5 5
RESPONSE 2024764 4 2 2
RESPONSE 2024767 2010 4 5
RESPONSE 2026269 509 5 6
RESPONSE 2027766 4 2 2
RESPONSE 2027771 1009 5 6
RESPONSE 2029270 507 4 5
RESPONSE 2030770 1007 3 4
RESPONSE 2031769 3 2 2
RESPONSE 2032772 2007 3 4
RESPONSE 2033770 3 1 1
RESPONSE 2033773 1007 3 4
RESPONSE 2035277 509 5 6
RESPONSE 2035772 3 2 2
RESPONSE 2036775 5 3 3
RESPONSE 2037778 7 5 5
RESPONSE 2038775 3 2 2
RESPONSE 2040280 508 4 5
RESPONSE 2041781 7 3 3
RESPONSE 2041782 1008 3 4
RESPONSE 2042781 6 4 4
RESPONSE 2044283 507 4 5
RESPONSE 2045785 1008 4 5
RESPONSE 2046785 7 4 4
RESPONSE 2047784 5 2 2
RESPONSE 2047789 2011 5 6
RESPONSE 2049287 506 3 4
RESPONSE 2049787 6 4 4
RESPONSE 2051290 507 4 5
RESPONSE 2051788 4 3 3
RESPONSE 2053291 507 4 5
RESPONSE 2054790 1005 2 3
RESPONSE 2056796 2010 5 6
RESPONSE 2057791 2005 2 3
RESPONSE 2060795 4007 3 4
RESPONSE 2061793 4005 2 3
RESPONSE 2065797 5007 3 3
RESPONSE 2065798 7009 3 4
RESPONSE 2066305 4514 3 4
RESPONSE 2066308 3517 5 6
RESPONSE 2066797 2003 3 3
RESPONSE 2066798 7007 3 4
RESPONSE 2066799 4 2 2
RESPONSE 2067301 1507 3 4
RESPONSE 2067306 3513 4 5
RESPONSE 2067801 6 4 4
RESPONSE 2068800 3 2 2
RESPONSE 2069805 8 5 5
RESPONSE 2070803 5 3 3
RESPONSE 2072305 506 3 4
RESPONSE 2072806 6 4 4
RESPONSE 2073806 5 3 3
RESPONSE 2074808 6 4 4
RESPONSE 2076310 507 4 5
RESPONSE 2076809 6 4 4
RESPONSE 2077807 3 2 2
RESPONSE 2078813 8 5 5
RESPONSE 2080310 504 2 3
RESPONSE 2081812 1005 2 3
RESPONSE 2082813 5 3 3
RESPONSE 2083815 5 2 2
RESPONSE 2083816 2008 3 4
RESPONSE 2085318 507 4 5
RESPONSE 2086818 1007 3 4
RESPONSE 2087818 5 3 3
RESPONSE 2088821 2009 4 5
RESPONSE 2089819 5 2 2
RESPONSE 2089823 1009 4 5
RESPONSE 2091323 508 4 5
RESPONSE 2092823 6 3 3
RESPONSE 2092824 1007 3 4
RESPONSE 2094326 507 4 5
RESPONSE 2094824 5 3 3
RESPONSE 2096329 509 5 6
RESPONSE 2096823 2 1 1
RESPONSE 2097825 3 2 2
RESPONSE 2098829 6 4 4
RESPONSE 2100329 506 3 4
RESPONSE 2100828 3 2 2
RESPONSE 2101830 4 3 3
RESPONSE 2102832 6 4 4
RESPONSE 2103832 5 3 3
RESPONSE 2105335 507 4 5
RESPONSE 2105835 6 4 4
RESPONSE 2106832 2 1 1
RESPONSE 2108338 508 4 5
RESPONSE 2108836 5 3 3
RESPONSE 2109838 6 4 4
RESPONSE 2110838 4 3 3
RESPONSE 2111836 2 1 1
RESPONSE 2112838 3 2 2
RESPONSE 2114342 506 3 4
RESPONSE 2115842 4 2 2
RESPONSE 2115845 1008 4 5
RESPONSE 2116843 5 3 3
RESPONSE 2118345 506 3 4
RESPONSE 2119848 1008 4 5
RESPONSE 2120848 6 4 4
RESPONSE 2121850 2009 4 5
RESPONSE 2122848 1005 2 3
RESPONSE 2122850 6 3 3
RESPONSE 2124351 506 3 4
RESPONSE 2125854 1008 4 5
RESPONSE 2127856 8 3 3
RESPONSE 2127858 2011 5 6
RESPONSE 2128855 2008 4 5
RESPONSE 2129353 505 2 3
RESPONSE 2130856 6 3 3
RESPONSE 2130857 1008 4 5
RESPONSE 2131858 8 5 5
RESPONSE 2133361 509 5 6
RESPONSE 2133859 6 4 4
RESPONSE 2135358 504 2 3
RESPONSE 2136860 5 2 2
RESPONSE 2136863 1009 4 5
RESPONSE 2138363 507 4 5
RESPONSE 2139863 1006 3 4
RESPONSE 2140863 5 3 3
RESPONSE 2141865 2008 3 4
RESPONSE 2141867 8 4 4
RESPONSE 2143366 506 3 4
RESPONSE 2143866 5 3 3
RESPONSE 2145371 509 5 6
RESPONSE 2146870 6 3 3
RESPONSE 2146873 1010 5 6
RESPONSE 2147869 5 3 3
RESPONSE 2149370 505 2 3
RESPONSE 2149868 2 1 1
RESPONSE 2151373 506 3 4
RESPONSE 2151873 5 3 3
RESPONSE 2152875 6 4 4
RESPONSE 2153877 7 4 4
RESPONSE 2154879 8 5 5
RESPONSE 2156378 506 3 4
RESPONSE 2156879 6 4 4
RESPONSE 2157881 7 4 4
RESPONSE 2159381 506 3 4
RESPONSE 2159879 3 2 2
RESPONSE 2161384 507 4 5
RESPONSE 2161883 5 3 3
RESPONSE 2162886 7 4 4
RESPONSE 2164386 506 3 4
RESPONSE 2165888 1008 4 5
RESPONSE 2166884 2 1 1
RESPONSE 2167889 2007 3 4
RESPONSE 2168892 1008 4 5
RESPONSE 2169892 7 4 4
RESPONSE 2169894 1010 5 6
RESPONSE 2171395 509 5 6
RESPONSE 2172893 6 3 3
RESPONSE 2172894 1007 3 4
RESPONSE 2173895 6 4 4
RESPONSE 2175398 509 5 6
RESPONSE 2176898 1007 3 4
RESPONSE 2176900 9 4 4
RESPONSE 2178399 507 4 5
RESPONSE 2179902 8 4 4
RESPONSE 2179903 1010 4 5
RESPONSE 2181402 508 4 5
RESPONSE 2181901 5 3 3
RESPONSE 2183402 506 3 4
RESPONSE 2183902 5 3 3
RESPONSE 2184901 3 2 2
RESPONSE 2185907 8 5 5
RESPONSE 2187406 506 3 4
RESPONSE 2188909 1008 4 5
RESPONSE 2190912 2010 5 6
RESPONSE 2191913 2010 5 6
RESPONSE 2194915 2009 4 4
RESPONSE 2194916 8 2 2
RESPONSE 2194917 4013 5 6
RESPONSE 2195421 1513 4 5
RESPONSE 2195914 4009 4 5
RESPONSE 2196916 1008 4 5
RESPONSE 2198916 5 2 2
RESPONSE 2198917 2008 3 4
RESPONSE 2199917 6 3 3
RESPONSE 2199920 2010 5 6
RESPONSE 2200917 6 4 4
RESPONSE 2202419 507 4 5
RESPONSE 2202918 5 3 3
RESPONSE 2203920 6 4 4
RESPONSE 2205421 506 3 4
RESPONSE 2205917 2 1 1
RESPONSE 2206923 6 4 4
RESPONSE 2208423 506 3 4
RESPONSE 2208923 5 3 3
RESPONSE 2210425 506 3 4
RESPONSE 2211927 1006 3 4
RESPONSE 2213931 2010 5 6
RESPONSE 2214930 2008 4 5
RESPONSE 2217930 4007 3 4
RESPONSE 2218930 2005 3 3
RESPONSE 2218933 4010 5 6
RESPONSE 2219439 512 3 4
RESPONSE 2219440 1514 4 5
RESPONSE 2219933 4 3 3
RESPONSE 2221438 509 5 6
RESPONSE 2221933 3 2 2
RESPONSE 2222935 7010 5 6
RESPONSE 2223440 509 5 6
RESPONSE 2223938 6 4 4
RESPONSE 2224939 6 4 4
RESPONSE 2226441 508 4 5
RESPONSE 2226937 3 2 2
RESPONSE 2227938 3 2 2
RESPONSE 2228941 5 3 3
RESPONSE 2230443 506 3 4
RESPONSE 2231944 1006 3 4
RESPONSE 2233943 3 1 1
RESPONSE 2233948 2009 4 5
RESPONSE 2234949 2010 4 5
RESPONSE 2234950 9 4 4
RESPONSE 2235947 6 4 4
RESPONSE 2236945 3 2 2
RESPONSE 2237948 5 3 3
RESPONSE 2238950 6 4 4
RESPONSE 2239949 5 3 3
RESPONSE 2241450 505 2 3
RESPONSE 2241953 6 4 4
RESPONSE 2243453 506 3 4
RESPONSE 2243956 8 5 5
RESPONSE 2245454 504 2 3
RESPONSE 2246955 1005 2 3
RESPONSE 2247955 3 2 2
RESPONSE 2248958 2007 3 4
RESPONSE 2249962 1010 5 6
RESPONSE 2250961 6 3 3
RESPONSE 2250962 1009 4 5
RESPONSE 2251958 3 2 2
RESPONSE 2253461 504 2 3
RESPONSE 2254963 1005 2 3
RESPONSE 2254964 6 3 3
RESPONSE 2256465 506 3 4
RESPONSE 2256963 3 2 2
RESPONSE 2257967 6 4 4
RESPONSE 2258968 6 4 4
RESPONSE 2259968 6 4 4
RESPONSE 2261471 507 4 5
RESPONSE 2262972 1008 4 5
RESPONSE 2263969 3 2 2
RESPONSE 2264974 2009 4 5
RESPONSE 2265972 1005 2 3
RESPONSE 2266976 1008 4 5
RESPONSE 2268976 2007 3 4
RESPONSE 2269979 8 4 4
RESPONSE 2269980 2010 4 5
RESPONSE 2270976 3 2 2
RESPONSE 2272481 507 4 5
RESPONSE 2272976 4005 2 3
RESPONSE 2273984 1009 5 6
RESPONSE 2275982 2007 2 3
RESPONSE 2275983 5 2 2
RESPONSE 2276985 7 3 3
RESPONSE 2276986 2009 5 6
RESPONSE 2277980 2 1 1
RESPONSE 2279485 506 3 4
RESPONSE 2280988 1008 4 5
RESPONSE 2281985 3 2 2
RESPONSE 2282990 2009 3 4
RESPONSE 2282991 9 4 4
RESPONSE 2283988 5 3 3
RESPONSE 2285490 506 3 4
RESPONSE 2286992 1007 3 4
RESPONSE 2287993 6 4 4
RESPONSE 2288992 2006 2 3
RESPONSE 2289996 1008 3 4
RESPONSE 2290998 1009 5 6
RESPONSE 2292997 2007 3 4
RESPONSE 2293998 2008 4 5
RESPONSE 2297002 4010 4 5
RESPONSE 2297003 2010 5 5
RESPONSE 2297005 10 3 3
RESPONSE 2297505 1511 3 4
RESPONSE 2298001 4009 3 4
RESPONSE 2298004 9 5 5
RESPONSE 2299002 6 4 4
RESPONSE 2300504 508 4 5
RESPONSE 2302006 1008 4 5
RESPONSE 2304005 5 2 2
RESPONSE 2304008 2009 3 4
RESPONSE 2305009 2009 4 5
RESPONSE 2305009 9 4 4
RESPONSE 2306004 3 2 2
RESPONSE 2307007 5 3 3
RESPONSE 2308007 5 3 3
RESPONSE 2309511 507 4 5
RESPONSE 2311012 1006 3 4
RESPONSE 2313017 2010 5 6
RESPONSE 2314011 2 1 1
RESPONSE 2314013 2006 3 4
RESPONSE 2315014 5 3 3
RESPONSE 2316518 508 4 5
RESPONSE 2317014 4006 3 4
RESPONSE 2318019 1008 4 5
RESPONSE 2320023 2010 5 6
RESPONSE 2321018 2005 2 3
RESPONSE 2324023 4008 4 5
RESPONSE 2325021 2005 2 2
RESPONSE 2325023 4008 4 5
RESPONSE 2325025 1007 3 3
RESPONSE 2325529 512 5 6
RESPONSE 2326022 3 2 2
RESPONSE 2327528 509 5 6
RESPONSE 2329023 7007 3 4
RESPONSE 2329029 1008 3 4
RESPONSE 2329029 8 4 4
RESPONSE 2330025 3 2 2
RESPONSE 2331026 3 2 2
RESPONSE 2332530 506 3 4
RESPONSE 2333031 6 4 4
RESPONSE 2334031 5 3 3
RESPONSE 2335534 507 4 5
RESPONSE 2337032 1005 2 3
RESPONSE 2338034 5 3 3
RESPONSE 2339039 2010 5 6
RESPONSE 2340036 1006 2 3
RESPONSE 2341040 1009 5 6
RESPONSE 2343039 2007 3 4
RESPONSE 2344038 2006 2 3
RESPONSE 2344040 5 3 3
RESPONSE 2345042 6 4 4
RESPONSE 2346542 506 3 4
RESPONSE 2347042 4008 3 4
RESPONSE 2348045 1009 4 5
RESPONSE 2349042 4 2 2
RESPONSE 2350045 5 2 2
RESPONSE 2350046 2008 3 4
RESPONSE 2351545 505 2 3
RESPONSE 2353049 1008 4 5
RESPONSE 2354045 2 1 1
RESPONSE 2355050 2007 3 4
RESPONSE 2356054 1010 5 6
RESPONSE 2357053 7 3 3
RESPONSE 2357053 1008 3 4
RESPONSE 2358050 3 2 2
RESPONSE 2359054 6 4 4
RESPONSE 2360556 507 4 5
RESPONSE 2361054 5 3 3
RESPONSE 2362558 507 4 5
RESPONSE 2363054 3 2 2
RESPONSE 2364559 507 4 5
RESPONSE 2366059 1006 3 4
RESPONSE 2368061 2008 3 4
RESPONSE 2369065 2011 4 5
RESPONSE 2369066 9 4 4
RESPONSE 2370566 509 5 6
RESPONSE 2372066 1007 2 3
RESPONSE 2372067 4011 3 4
RESPONSE 2372069 10 5 5
RESPONSE 2373566 506 3 4
RESPONSE 2374066 5 3 3
RESPONSE 2375569 508 4 5
RESPONSE 2376067 5 3 3
RESPONSE 2377570 506 3 4
RESPONSE 2379073 8 3 3
RESPONSE 2379075 1010 5 6
RESPONSE 2380070 3 2 2
RESPONSE 2381072 5 3 3
RESPONSE 2382070 2 1 1
RESPONSE 2383575 506 3 4
RESPONSE 2384074 5 3 3
RESPONSE 2385075 5 3 3
RESPONSE 2386580 507 4 5
RESPONSE 2387078 5 3 3
RESPONSE 2388080 6 4 4
RESPONSE 2389581 506 3 4
RESPONSE 2391084 1008 4 5
RESPONSE 2392083 5 3 3
RESPONSE 2393086 2009 4 5
RESPONSE 2394086 1008 3 4
RESPONSE 2394087 8 4 4
RESPONSE 2395086 6 4 4
RESPONSE 2396086 5 3 3
RESPONSE 2397088 6 4 4
RESPONSE 2398591 508 4 5
RESPONSE 2399087 3 2 2
RESPONSE 2400593 509 5 6
RESPONSE 2402092 1007 3 4
RESPONSE 2404094 6 3 3
RESPONSE 2404095 2008 3 4
RESPONSE 2405095 7 3 3
RESPONSE 2405096 2009 4 5
RESPONSE 2406095 6 4 4
RESPONSE 2407598 508 4 5
RESPONSE 2408095 5 3 3
RESPONSE 2409097 5 3 3
RESPONSE 2410096 3 2 2
RESPONSE 2411098 5 3 3
RESPONSE 2412100 6 4 4
RESPONSE 2413097 2 1 1
RESPONSE 2414602 506 3 4
RESPONSE 2416106 1009 5 6
RESPONSE 2417103 5 3 3
RESPONSE 2418105 6 3 3
RESPONSE 2418106 2008 3 4
RESPONSE 2419608 507 4 5
RESPONSE 2420105 3 2 2
RESPONSE 2421610 508 4 5
RESPONSE 2423111 1007 3 4
RESPONSE 2423112 8 4 4
RESPONSE 2424111 6 4 4
RESPONSE 2425611 506 3 4
RESPONSE 2426111 5 3 3
RESPONSE 2427614 506 3 4
RESPONSE 2428113 5 3 3
RESPONSE 2429114 5 3 3
RESPONSE 2430614 504 2 3
RESPONSE 2432118 6 3 3
RESPONSE 2432121 1010 5 6
RESPONSE 2433117 5 3 3
RESPONSE 2434621 507 4 5
RESPONSE 2436124 1010 5 6
RESPONSE 2437120 4 2 2
RESPONSE 2438122 2006 2 3
RESPONSE 2438123 6 3 3
RESPONSE 2439123 5 3 3
RESPONSE 2440625 506 3 4
RESPONSE 2442126 1006 3 4
RESPONSE 2444127 2006 2 3
RESPONSE 2445130 2008 3 4
RESPONSE 2445132 8 4 4
RESPONSE 2446130 6 4 4
RESPONSE 2447631 506 3 4
RESPONSE 2448132 7 3 3
RESPONSE 2448134 4011 4 5
RESPONSE 2449129 3 2 2
RESPONSE 2450130 3 2 2
RESPONSE 2451135 8 5 5
RESPONSE 2452638 509 5 6
RESPONSE 2453134 5 3 3
RESPONSE 2454636 506 3 4
RESPONSE 2455136 5 3 3
RESPONSE 2456138 6 4 4
RESPONSE 2457640 507 4 5
RESPONSE 2459142 1008 4 5
RESPONSE 2461145 2010 5 6
RESPONSE 2462144 2009 4 5
RESPONSE 2465142 2003 2 2
RESPONSE 2465144 4008 3 4
RESPONSE 2465149 8 3 3
RESPONSE 2465150 1010 3 3
RESPONSE 2466143 4005 2 3
RESPONSE 2466651 509 5 6
RESPONSE 2468148 5 2 2
RESPONSE 2468150 1007 3 4
RESPONSE 2469649 504 2 3
RESPONSE 2471150 4 2 2
RESPONSE 2471152 1007 3 4
RESPONSE 2472653 506 3 4
RESPONSE 2474154 1006 3 4
RESPONSE 2476155 5 2 2
RESPONSE 2476156 2007 3 4
RESPONSE 2477157 2008 4 5
RESPONSE 2477659 508 4 5
RESPONSE 2479159 7 3 3
RESPONSE 2479161 1009 4 5
RESPONSE 2480158 5 3 3
RESPONSE 2481161 7 4 4
RESPONSE 2482161 6 4 4
RESPONSE 2483161 5 3 3
RESPONSE 2484164 8 5 5
RESPONSE 2485663 506 3 4
RESPONSE 2486166 7 5 5
RESPONSE 2487666 507 4 5
RESPONSE 2489167 1006 3 4
RESPONSE 2491167 4 2 2
RESPONSE 2491172 2011 5 6
RESPONSE 2492172 2010 5 6
RESPONSE 2492671 506 3 4
RESPONSE 2493170 5 3 3
RESPONSE 2494671 504 2 3
RESPONSE 2495172 5 3 3
RESPONSE 2496674 506 3 4
RESPONSE 2498177 1008 4 5
RESPONSE 2500178 6 3 3
RESPONSE 2500179 2009 4 5
RESPONSE 2501177 4 2 2
RESPONSE 2501179 2008 3 4
RESPONSE 2502678 506 3 4
RESPONSE 2503180 6 4 4
RESPONSE 2504682 507 4 5
RESPONSE 2506183 1008 4 5
RESPONSE 2507183 6 4 4
RESPONSE 2508183 2007 3 4
RESPONSE 2509186 7 3 3
RESPONSE 2509186 1009 3 4
RESPONSE 2510184 5 3 3
RESPONSE 2511187 7 4 4
RESPONSE 2512688 506 3 4
RESPONSE 2514189 1007 3 4
RESPONSE 2516189 2006 2 3
RESPONSE 2517192 2008 4 5
RESPONSE 2520192 2005 3 3
RESPONSE 2520194 4009 4 5
RESPONSE 2520701 1513 4 5
RESPONSE 2520702 514 5 6
RESPONSE 2521191 4005 3 4
RESPONSE 2522197 1009 4 5
RESPONSE 2522199 10 5 5
RESPONSE 2523195 5 3 3
RESPONSE 2524699 508 4 5
RESPONSE 2526200 1008 4 5
RESPONSE 2527195 2 1 1
RESPONSE 2528202 2009 4 5
RESPONSE 2529204 1009 4 5
RESPONSE 2530202 1007 2 3
RESPONSE 2530204 8 4 4
RESPONSE 2531703 506 3 4
RESPONSE 2533206 1008 3 4
RESPONSE 2533207 8 4 4
RESPONSE 2534202 2 1 1
RESPONSE 2535707 506 3 4
RESPONSE 2537210 1008 4 5
RESPONSE 2538209 6 4 4
RESPONSE 2539207 3 1 1
RESPONSE 2539213 2010 5 6
RESPONSE 2540208 3 2 2
RESPONSE 2541714 508 4 5
RESPONSE 2543215 1008 4 5
RESPONSE 2544212 3 2 2
RESPONSE 2545215 2007 3 4
RESPONSE 2546215 5 3 3
RESPONSE 2546218 1009 4 5
RESPONSE 2547719 507 4 5
RESPONSE 2548215 3 2 2
RESPONSE 2549718 505 2 3
RESPONSE 2550218 5 3 3
RESPONSE 2551721 506 3 4
RESPONSE 2553223 1007 3 4
RESPONSE 2553225 8 3 3
RESPONSE 2554222 5 3 3
RESPONSE 2555723 505 2 3
RESPONSE 2557227 1008 4 5
RESPONSE 2559227 2007 2 3
RESPONSE 2559230 8 4 4
RESPONSE 2560228 5 2 2
RESPONSE 2560231 2010 4 5
RESPONSE 2561731 507 4 5
RESPONSE 2563232 1008 3 4
RESPONSE 2563234 8 4 4
RESPONSE 2564731 505 2 3
RESPONSE 2565232 5 3 3
RESPONSE 2566737 509 5 6
RESPONSE 2568237 1008 4 5
RESPONSE 2569236 5 3 3
RESPONSE 2570238 2008 3 4
RESPONSE 2570240 9 4 4
RESPONSE 2571740 507 4 5
RESPONSE 2573241 1008 4 5
RESPONSE 2574238 3 2 2
RESPONSE 2575242 6 3 3
RESPONSE 2575244 2010 4 5
RESPONSE 2576741 504 2 3
RESPONSE 2577245 6 4 4
RESPONSE 2578246 6 4 4
RESPONSE 2579748 508 4 5
RESPONSE 2580245 3 2 2
RESPONSE 2581748 506 3 4
RESPONSE 2583251 1008 3 4
RESPONSE 2583253 10 5 5
RESPONSE 2584751 506 3 4
RESPONSE 2585250 4 2 2
RESPONSE 2586753 507 3 4
RESPONSE 2587251 4 2 2
RESPONSE 2588250 2 1 1
RESPONSE 2589253 4 2 2
RESPONSE 2590756 506 3 4
RESPONSE 2591255 5 3 3
RESPONSE 2592258 6 4 4
RESPONSE 2593259 6 4 4
RESPONSE 2594761 508 4 5
RESPONSE 2595256 2 1 1
RESPONSE 2596260 5 3 3
RESPONSE 2597764 508 4 5
RESPONSE 2599265 1008 4 5
RESPONSE 2601264 5 2 2
RESPONSE 2601269 2011 5 6
RESPONSE 2602267 2008 4 5
RESPONSE 2602267 7 4 4
RESPONSE 2603264 3 2 2
RESPONSE 2604767 506 3 4
RESPONSE 2605265 3 2 2
RESPONSE 2606768 504 2 3
RESPONSE 2608272 1008 4 5
RESPONSE 2610271 2006 2 3
RESPONSE 2610272 5 2 2
RESPONSE 2611272 2006 2 3
RESPONSE 2611777 509 5 6
RESPONSE 2612277 7 5 5
RESPONSE 2613776 506 3 4
RESPONSE 2615279 1007 3 4
RESPONSE 2615280 8 4 4
RESPONSE 2616781 508 4 5
RESPONSE 2617278 5 3 3
RESPONSE 2618278 3 2 2
RESPONSE 2619783 508 4 5
RESPONSE 2621283 5 2 2
RESPONSE 2621286 1009 5 6
RESPONSE 2622283 5 3 3
RESPONSE 2623786 507 4 5
RESPONSE 2625287 6 2 2
RESPONSE 2625287 1007 3 4
RESPONSE 2626284 2 1 1
RESPONSE 2627290 8 5 5
RESPONSE 2628288 5 3 3
RESPONSE 2629288 3 2 2
RESPONSE 2630292 6 4 4
RESPONSE 2631791 505 2 3
RESPONSE 2632292 5 3 3
RESPONSE 2633794 506 3 4
RESPONSE 2634295 6 4 4
RESPONSE 2635797 508 4 5
RESPONSE 2637296 1005 2 3
RESPONSE 2637297 6 3 3
RESPONSE 2638798 506 3 4
RESPONSE 2640301 1008 4 5
RESPONSE 2640302 8 4 4
RESPONSE 2641802 507 4 5
RESPONSE 2642300 5 3 3
RESPONSE 2643801 504 2 3
RESPONSE 2645304 1007 3 4
RESPONSE 2646306 7 4 4
RESPONSE 2647308 2009 3 4
RESPONSE 2647309 9 4 4
RESPONSE 2648306 5 3 3
RESPONSE 2649811 509 5 6
RESPONSE 2651310 1007 3 4
RESPONSE 2651311 7 3 3
RESPONSE 2652812 507 4 5
RESPONSE 2653310 5 3 3
RESPONSE 2654812 506 3 4
RESPONSE 2656315 1008 4 5
RESPONSE 2658315 2007 3 4
RESPONSE 2659315 2006 3 4
RESPONSE 2662318 2007 2 2
RESPONSE 2662319 4009 3 4
RESPONSE 2662824 1511 2 3
RESPONSE 2662824 511 2 3
RESPONSE 2663317 4006 3 4
RESPONSE 2664321 1008 4 5
RESPONSE 2666325 2010 5 6
RESPONSE 2667320 2005 2 3
RESPONSE 2670326 4010 5 6
RESPONSE 2671325 2006 4 4
RESPONSE 2671326 1007 2 2
RESPONSE 2671327 4010 5 6
RESPONSE 2671829 508 3 4
RESPONSE 2673329 1008 4 5
RESPONSE 2675323 7006 2 3
RESPONSE 2675333 2010 5 6
RESPONSE 2677326 1002 2 2
RESPONSE 2677328 3005 4 5
RESPONSE 2677331 5 3 3
RESPONSE 2678328 2 1 1
RESPONSE 2679334 4010 4 5
RESPONSE 2680333 6 3 3
RESPONSE 2680336 1009 5 6
RESPONSE 2681334 6 4 4
RESPONSE 2682837 507 4 5
RESPONSE 2684339 1009 5 6
RESPONSE 2685339 8 5 5
RESPONSE 2686338 2007 3 4
RESPONSE 2687341 1008 4 5
RESPONSE 2688341 7 3 3
RESPONSE 2688342 1008 3 4
RESPONSE 2689842 506 3 4
RESPONSE 2690340 3 2 2
RESPONSE 2691343 5 3 3
RESPONSE 2692845 506 3 4
RESPONSE 2693344 5 3 3
RESPONSE 2694347 6 4 4
RESPONSE 2695343 2 1 1
RESPONSE 2696345 3 2 2
RESPONSE 2697851 508 4 5
RESPONSE 2699349 1005 2 3
RESPONSE 2699353 8 4 4
RESPONSE 2700855 509 5 6
RESPONSE 2701351 5 3 3
RESPONSE 2702855 507 4 5
RESPONSE 2703353 4 3 3
RESPONSE 2704855 506 3 4
RESPONSE 2705357 6 4 4
RESPONSE 2706859 508 4 5
RESPONSE 2707358 6 4 4
RESPONSE 2708358 5 3 3
RESPONSE 2709360 6 4 4
RESPONSE 2710362 7 5 5
RESPONSE 2711861 506 3 4
RESPONSE 2712361 5 3 3
RESPONSE 2713359 2 1 1
RESPONSE 2714361 3 2 2
RESPONSE 2715867 508 4 5
RESPONSE 2716366 6 4 4
RESPONSE 2717870 509 5 6
RESPONSE 2718368 6 4 4
RESPONSE 2719367 5 3 3
RESPONSE 2720871 507 4 5
RESPONSE 2721372 8 5 5
RESPONSE 2722873 507 4 5
RESPONSE 2724371 1005 2 3
RESPONSE 2725374 6 4 4
RESPONSE 2726376 2009 4 5
RESPONSE 2727377 1008 4 5
RESPONSE 2728375 1006 2 3
RESPONSE 2728376 6 3 3
RESPONSE 2729375 3 2 2
RESPONSE 2730377 5 3 3
RESPONSE 2731881 508 4 5
RESPONSE 2733381 6 2 2
RESPONSE 2733382 1008 3 4
RESPONSE 2734379 3 2 2
RESPONSE 2735883 506 3 4
RESPONSE 2737386 1008 4 5
RESPONSE 2738383 3 2 2
RESPONSE 2739387 7 3 3
RESPONSE 2739390 2011 5 6
RESPONSE 2740389 8 5 5
RESPONSE 2741888 506 3 4
RESPONSE 2742386 3 2 2
RESPONSE 2743891 507 4 5
RESPONSE 2744391 6 4 4
RESPONSE 2745891 506 3 4
RESPONSE 2747391 3 1 1
RESPONSE 2747392 1006 2 3
RESPONSE 2748393 5 3 3
RESPONSE 2749896 507 4 5
RESPONSE 2751398 7 3 3
RESPONSE 2751399 1009 4 5
RESPONSE 2752899 508 4 5
RESPONSE 2753396 3 2 2
RESPONSE 2754898 504 2 3
RESPONSE 2755399 5 3 3
RESPONSE 2756901 506 3 4
RESPONSE 2758405 8 4 4
RESPONSE 2758406 1009 4 5
RESPONSE 2759401 3 2 2
RESPONSE 2760403 5 3 3
RESPONSE 2761407 7 5 5
RESPONSE 2762906 506 3 4
RESPONSE 2764410 8 3 3
RESPONSE 2764411 1009 4 5
RESPONSE 2765909 506 3 4
RESPONSE 2766409 5 3 3
RESPONSE 2767911 506 3 4
RESPONSE 2768412 6 4 4
RESPONSE 2769411 5 3 3
RESPONSE 2770915 507 4 5
RESPONSE 2772415 1006 3 4
RESPONSE 2773416 6 4 4
RESPONSE 2774417 2007 3 4
RESPONSE 2775417 1006 3 4
RESPONSE 2776420 1008 4 5
RESPONSE 2777420 6 4 4
RESPONSE 2778422 2009 4 5
RESPONSE 2779420 1004 2 3
RESPONSE 2780422 1006 3 4
RESPONSE 2781421 3 2 2
RESPONSE 2782426 7 3 3
RESPONSE 2782426 2010 4 5
RESPONSE 2783424 4 3 3
RESPONSE 2784424 5 3 3
RESPONSE 2785928 507 4 5
RESPONSE 2787429 1008 4 5
RESPONSE 2788427 3 2 2
RESPONSE 2789430 2008 3 4
RESPONSE 2789432 8 4 4
RESPONSE 2790427 2 1 1
RESPONSE 2791932 506 3 4
RESPONSE 2793435 7 4 4
RESPONSE 2793436 1009 4 5
RESPONSE 2794432 3 2 2
RESPONSE 2795434 5 3 3
RESPONSE 2796938 508 4 5
RESPONSE 2798440 7 4 4
RESPONSE 2798441 1010 5 6
RESPONSE 2799436 3 2 2
RESPONSE 2800941 507 4 5
RESPONSE 2802442 1008 4 5
RESPONSE 2804443 2008 3 4
RESPONSE 2804444 7 3 3
RESPONSE 2805445 7 3 3
RESPONSE 2805447 2010 4 5
RESPONSE 2806945 506 3 4
RESPONSE 2807446 6 4 4
RESPONSE 2808949 507 4 5
RESPONSE 2809446 4 3 3
RESPONSE 2810949 506 3 4
RESPONSE 2812452 1008 4 5
RESPONSE 2814456 9 4 4
RESPONSE 2814458 2014 5 6
RESPONSE 2815450 2005 2 3
RESPONSE 2815953 506 3 4
RESPONSE 2817454 1007 3 4
RESPONSE 2817456 8 4 4
RESPONSE 2818953 504 2 3
RESPONSE 2819454 5 3 3
RESPONSE 2820958 507 4 5
RESPONSE 2821458 6 4 4
RESPONSE 2822457 5 3 3
RESPONSE 2823959 506 3 4
RESPONSE 2825459 4 2 2
RESPONSE 2825461 1007 3 4
RESPONSE 2826963 508 4 5
RESPONSE 2828464 1007 3 4
RESPONSE 2828466 8 4 4
RESPONSE 2829462 3 2 2
RESPONSE 2830966 506 3 4
RESPONSE 2831465 5 3 3
RESPONSE 2832967 506 3 4
RESPONSE 2834469 1007 3 4
RESPONSE 2835469 5 3 3
RESPONSE 2836470 2007 3 4
RESPONSE 2837471 1007 3 4
RESPONSE 2838473 1008 4 5
RESPONSE 2839471 3 2 2
RESPONSE 2840475 7 3 3
RESPONSE 2840478 2012 5 6
RESPONSE 2841475 5 3 3
RESPONSE 2842475 4 3 3
RESPONSE 2843979 507 4 5
RESPONSE 2844479 6 4 4
RESPONSE 2845981 507 4 5
RESPONSE 2847480 4 2 2
RESPONSE 2847481 1007 3 4
RESPONSE 2848482 6 4 4
RESPONSE 2849983 506 3 4
RESPONSE 2850481 3 2 2
RESPONSE 2851483 5 3 3
RESPONSE 2852986 506 3 4
RESPONSE 2854486 5 2 2
RESPONSE 2854491 1010 5 6
RESPONSE 2855486 3 2 2
RESPONSE 2856488 5 3 3
RESPONSE 2857487 3 2 2
RESPONSE 2858991 506 3 4
RESPONSE 2859492 6 4 4
RESPONSE 2860493 6 4 4
RESPONSE 2861492 5 3 3
RESPONSE 2862996 507 4 5
RESPONSE 2864497 7 3 3
RESPONSE 2864499 1009 4 5
RESPONSE 2865497 6 4 4
RESPONSE 2866497 5 3 3
RESPONSE 2868001 508 4 5
RESPONSE 2869503 1009 4 5
RESPONSE 2869504 9 5 5
RESPONSE 2871003 507 4 5
RESPONSE 2871501 5 3 3
RESPONSE 2873002 504 2 3
RESPONSE 2873503 5 3 3
RESPONSE 2874505 6 4 4
RESPONSE 2875505 5 3 3
RESPONSE 2877005 504 2 3
RESPONSE 2877509 8 5 5
RESPONSE 2878506 3 2 2
RESPONSE 2880009 506 3 4
RESPONSE 2881512 1008 4 5
RESPONSE 2883511 2006 2 3
RESPONSE 2884513 2007 3 4
RESPONSE 2884516 8 5 5
RESPONSE 2886018 509 5 6
RESPONSE 2886516 6 4 4
RESPONSE 2887513 4006 2 3
RESPONSE 2887516 5 3 3
RESPONSE 2889019 508 4 5
RESPONSE 2889517 5 3 3
RESPONSE 2891019 506 3 4
RESPONSE 2891516 2 1 1
RESPONSE 2893021 506 3 4
RESPONSE 2893521 5 3 3
RESPONSE 2895025 509 5 6
RESPONSE 2896523 1005 2 3
RESPONSE 2897523 3 2 2
RESPONSE 2898527 2009 4 5
RESPONSE 2899528 1008 4 5
RESPONSE 2900526 4 2 2
RESPONSE 2900529 1008 4 5
RESPONSE 2902028 505 2 3
RESPONSE 2903529 1005 2 3
RESPONSE 2905532 2007 3 4
RESPONSE 2906531 3 2 2
RESPONSE 2906534 2009 4 5
RESPONSE 2908034 506 3 4
RESPONSE 2908534 5 3 3
RESPONSE 2909534 4008 4 5
RESPONSE 2909536 6 4 4
RESPONSE 2911035 504 2 3
RESPONSE 2911538 6 4 4
RESPONSE 2913040 507 4 5
RESPONSE 2913538 5 3 3
RESPONSE 2915042 508 4 5
RESPONSE 2915541 5 3 3
RESPONSE 2917045 508 4 5
RESPONSE 2917544 5 3 3
RESPONSE 2919044 504 2 3
RESPONSE 2920547 1006 3 4
RESPONSE 2922549 2007 3 4
RESPONSE 2923550 2008 4 5
RESPONSE 2926552 4009 4 5
RESPONSE 2927550 4006 3 4
RESPONSE 2931554 7008 4 5
RESPONSE 2932557 4009 3 3
RESPONSE 2932558 5011 4 4
RESPONSE 2932558 7012 5 6
RESPONSE 2933062 511 3 3
RESPONSE 2933063 3514 5 6
RESPONSE 2933065 2515 3 4
RESPONSE 2933065 1515 3 4
RESPONSE 2933558 6 4 4
RESPONSE 2935059 506 3 4
RESPONSE 2936557 10011 5 6
RESPONSE 2936563 1009 3 4
RESPONSE 2936563 9 4 4
RESPONSE 2938062 506 3 4
RESPONSE 2939561 3 1 1
RESPONSE 2939564 1007 3 4
RESPONSE 2941066 507 4 5
RESPONSE 2941564 5 3 3
RESPONSE 2943066 506 3 4
RESPONSE 2944569 1008 4 5
RESPONSE 2946571 2009 3 4
RESPONSE 2946573 9 4 4
RESPONSE 2947572 7 4 4
RESPONSE 2947573 2010 4 5
RESPONSE 2948569 3 2 2
RESPONSE 2949568 2 1 1
RESPONSE 2950570 3 2 2
RESPONSE 2951573 5 3 3
RESPONSE 2953075 506 3 4
RESPONSE 2953573 3 2 2
RESPONSE 2954574 3 2 2
RESPONSE 2955579 8 5 5
RESPONSE 2956577 5 3 3
RESPONSE 2958080 506 3 4
RESPONSE 2958579 5 3 3
RESPONSE 2960081 506 3 4
RESPONSE 2961581 4 2 2
RESPONSE 2961585 1009 4 5
RESPONSE 2963085 507 4 5
RESPONSE 2964585 1007 3 4
RESPONSE 2966585 2006 2 3
RESPONSE 2967587 2006 3 4
RESPONSE 2967587 5 3 3
RESPONSE 2969090 507 4 5
RESPONSE 2969587 3 2 2
RESPONSE 2970586 2 1 1
RESPONSE 2970588 4007 3 4
RESPONSE 2971589 5 3 3
RESPONSE 2972593 8 5 5
RESPONSE 2974094 507 4 5
RESPONSE 2975597 9 4 4
RESPONSE 2975598 1011 5 6
RESPONSE 2977094 505 2 3
RESPONSE 2977596 7 4 4
RESPONSE 2979098 507 4 5
RESPONSE 2980600 1008 4 5
RESPONSE 2982603 2010 4 5
RESPONSE 2982605 11 5 5
RESPONSE 2983600 6 3 3
RESPONSE 2983601 2008 4 5
RESPONSE 2985102 507 4 5
RESPONSE 2985602 6 4 4
RESPONSE 2986604 7 5 5
RESPONSE 2988105 507 4 5
RESPONSE 2989607 1008 4 5
RESPONSE 2990607 6 4 4
RESPONSE 2991606 2006 2 3
RESPONSE 2992612 1011 5 6
RESPONSE 2993607 4 2 2
RESPONSE 2993610 1008 4 5
RESPONSE 2995110 506 3 4
RESPONSE 2995610 5 3 3
RESPONSE 2997113 507 4 5
RESPONSE 2998615 1008 4 5
RESPONSE 3000613 2006 2 3
RESPONSE 3001615 5 2 2
RESPONSE 3001615 2007 3 4
RESPONSE 3003117 506 3 4
RESPONSE 3004616 4007 2 3
RESPONSE 3004620 8 3 3
RESPONSE 3004621 1010 4 5
RESPONSE 3006120 507 4 5
RESPONSE 3006618 5 3 3
RESPONSE 3007619 5 3 3
RESPONSE 3009121 506 3 4
RESPONSE 3009621 4 3 3
RESPONSE 3011124 507 4 5
RESPONSE 3011622 4 3 3
RESPONSE 3013126 507 4 5
RESPONSE 3013623 3 2 2
RESPONSE 3015125 504 2 3
RESPONSE 3016626 1005 2 3
RESPONSE 3017626 3 2 2
RESPONSE 3018628 4 2 2
RESPONSE 3018631 2009 4 5
RESPONSE 3020134 509 5 6
RESPONSE 3021632 1007 3 4
RESPONSE 3022634 6 4 4
RESPONSE 3023635 2008 4 5
RESPONSE 3024638 9 4 4
RESPONSE 3024639 1010 4 5
RESPONSE 3026138 507 4 5
RESPONSE 3027638 6 3 3
RESPONSE 3027641 1010 5 6
RESPONSE 3029140 507 4 5
RESPONSE 3029637 3 2 2
RESPONSE 3031142 507 4 5
RESPONSE 3031640 5 3 3
RESPONSE 3033144 507 4 5
RESPONSE 3034646 8 4 4
RESPONSE 3034647 1010 5 6
RESPONSE 3036146 507 4 5
RESPONSE 3036646 6 4 4
RESPONSE 3037644 3 2 2
RESPONSE 3039147 506 3 4
RESPONSE 3040649 6 3 3
RESPONSE 3040652 1010 5 6
RESPONSE 3042152 507 4 5
RESPONSE 3042651 6 4 4
RESPONSE 3043649 3 2 2
RESPONSE 3044652 5 3 3
RESPONSE 3045654 6 4 4
RESPONSE 3046656 8 5 5
RESPONSE 3047653 3 2 2
RESPONSE 3049155 505 2 3
RESPONSE 3050657 4 2 2
RESPONSE 3050658 1007 3 4
RESPONSE 3052160 507 4 5
RESPONSE 3053662 7 4 4
RESPONSE 3053663 1009 4 5
RESPONSE 3054660 5 3 3
RESPONSE 3055661 5 3 3
RESPONSE 3056663 6 4 4
RESPONSE 3057663 5 3 3
RESPONSE 3059165 506 3 4
RESPONSE 3059665 5 3 3
RESPONSE 3060664 3 2 2
RESPONSE 3062169 507 4 5
RESPONSE 3063671 1008 4 5
RESPONSE 3065670 5 2 2
RESPONSE 3065674 2010 4 5
RESPONSE 3066672 2008 3 4
RESPONSE 3067176 509 4 5
RESPONSE 3067670 3 2 2
RESPONSE 3068674 6 4 4
RESPONSE 3070175 506 3 4
RESPONSE 3070673 3 2 2
RESPONSE 3072178 508 4 5
RESPONSE 3073679 7 3 3
RESPONSE 3073682 1010 5 6
RESPONSE 3075180 506 3 4
RESPONSE 3075680 6 4 4
RESPONSE 3077181 506 3 4
RESPONSE 3077679 3 2 2
RESPONSE 3078679 2 1 1
RESPONSE 3079684 6 4 4
RESPONSE 3081185 506 3 4
RESPONSE 3081686 7 4 4
RESPONSE 3083186 506 3 4
RESPONSE 3083683 2 1 1
RESPONSE 3085188 506 3 4
RESPONSE 3085686 3 2 2
RESPONSE 3086690 6 4 4
RESPONSE 3087689 5 3 3
RESPONSE 3089192 506 3 4
RESPONSE 3089691 5 3 3
RESPONSE 3090693 6 4 4
RESPONSE 3092196 507 4 5
RESPONSE 3092693 3 2 2
RESPONSE 3094195 505 2 3
RESPONSE 3095697 1006 3 4
RESPONSE 3097699 2008 3 4
RESPONSE 3098700 2007 3 4
RESPONSE 3101700 4007 2 3
RESPONSE 3101703 2008 4 4
RESPONSE 3101705 8 2 2
RESPONSE 3101707 1010 4 4
RESPONSE 3102705 4010 5 6
RESPONSE 3103203 506 3 4
RESPONSE 3103702 4 3 3
RESPONSE 3105208 509 5 6
RESPONSE 3105704 5 3 3
RESPONSE 3107208 507 4 5
RESPONSE 3107706 5 3 3
RESPONSE 3109210 508 4 5
RESPONSE 3110714 1010 5 6
RESPONSE 3111711 5 3 3
RESPONSE 3112713 6 3 3
RESPONSE 3112716 2011 5 6
RESPONSE 3113712 4 3 3
RESPONSE 3115214 506 3 4
RESPONSE 3116717 1008 4 5
RESPONSE 3117716 5 3 3
RESPONSE 3118717 2006 2 3
RESPONSE 3118718 6 3 3
RESPONSE 3120219 506 3 4
RESPONSE 3121722 1008 4 5
RESPONSE 3121724 9 5 5
RESPONSE 3123223 507 4 5
RESPONSE 3124724 1008 3 4
RESPONSE 3124728 11 5 5
RESPONSE 3125723 5 3 3
RESPONSE 3127225 506 3 4
RESPONSE 3128726 1006 3 4
RESPONSE 3129727 5 3 3
RESPONSE 3130728 2007 3 4
RESPONSE 3131730 7 3 3
RESPONSE 3131731 1009 4 5
RESPONSE 3133232 508 3 4
RESPONSE 3134733 7 3 3
RESPONSE 3134735 1010 4 5
RESPONSE 3136236 509 4 5
RESPONSE 3136923 195 4 4
RESPONSE 3137732 3 2 2
