RESPONSE 5088 88 3 3
RESPONSE 6040 39 3 3
RESPONSE 7028 27 4 4
RESPONSE 8025 23 3 3
RESPONSE 12509 3506 2 5
RESPONSE 12514 1510 3 3
RESPONSE 13009 3 2 2
RESPONSE 13015 1010 3 4
RESPONSE 13545 3541 3 6
RESPONSE 14032 24 4 4
RESPONSE 15011 3 2 2
RESPONSE 16015 6 4 4
RESPONSE 19014 1004 2 3
RESPONSE 19539 527 4 5
RESPONSE 20519 506 3 4
RESPONSE 21037 24 4 4
RESPONSE 22540 5530 2 8
RESPONSE 23017 2 1 1
RESPONSE 23519 1504 2 4
RESPONSE 24019 3 2 2
RESPONSE 25023 6 4 4
RESPONSE 26022 4 3 3
RESPONSE 27525 506 4 5
RESPONSE 28025 6 4 4
RESPONSE 29024 4 3 3
RESPONSE 31545 1525 3 5
RESPONSE 32048 26 3 3
RESPONSE 32527 1506 3 5
RESPONSE 33027 4 3 3
RESPONSE 34530 506 4 5
RESPONSE 35029 4 3 3
RESPONSE 36528 502 1 2
RESPONSE 38033 6 4 4
RESPONSE 38534 1507 4 6
RESPONSE 39532 504 2 3
RESPONSE 41035 6 4 4
RESPONSE 42537 2508 4 7
RESPONSE 43034 1004 2 3
RESPONSE 43535 504 2 3
RESPONSE 45539 1507 4 6
RESPONSE 46036 1003 1 2
RESPONSE 46038 5 3 3
RESPONSE 47038 4 3 3
RESPONSE 48039 4 3 3
RESPONSE 49040 4 3 3
RESPONSE 50039 3 2 2
RESPONSE 51043 6 4 4
RESPONSE 52541 504 2 3
RESPONSE 53543 505 3 4
RESPONSE 55545 1506 3 5
RESPONSE 56046 1007 4 5
RESPONSE 56546 506 3 4
RESPONSE 57546 505 3 4
RESPONSE 58046 4 3 3
RESPONSE 59547 505 3 4
RESPONSE 60550 506 4 5
RESPONSE 61550 506 4 5
RESPONSE 62046 2 1 1
RESPONSE 63549 504 2 3
RESPONSE 64051 4 3 3
RESPONSE 66054 6 4 4
RESPONSE 66551 1504 2 4
RESPONSE 67054 6 4 4
RESPONSE 68054 4 3 3
RESPONSE 69074 24 5 5
RESPONSE 70054 3 2 2
RESPONSE 71558 506 4 5
RESPONSE 72055 2 1 1
RESPONSE 75058 1004 2 3
RESPONSE 75062 7 3 3
RESPONSE 76062 6 4 4
RESPONSE 79564 6510 4 9
RESPONSE 79567 1509 4 4
RESPONSE 80062 3 2 2
RESPONSE 81064 2006 1 3
RESPONSE 82066 5009 3 8
RESPONSE 82569 508 3 4
RESPONSE 83064 2 1 1
RESPONSE 84069 6 4 4
RESPONSE 85068 4 3 3
RESPONSE 87069 1005 3 4
RESPONSE 88574 1509 2 4
RESPONSE 89576 510 3 4
RESPONSE 90574 2508 4 6
RESPONSE 91071 3 2 2
RESPONSE 91074 1007 2 4
RESPONSE 92572 504 2 3
RESPONSE 93074 12013 3 16
RESPONSE 94076 6 4 4
RESPONSE 95077 6 4 4
RESPONSE 97075 4005 1 6
RESPONSE 98580 1508 2 4
RESPONSE 98584 511 3 3
RESPONSE 99580 506 3 4
RESPONSE 99582 3510 3 8
RESPONSE 100077 3 2 2
RESPONSE 101079 4 3 3
RESPONSE 102080 4 3 3
RESPONSE 103584 508 5 6
RESPONSE 105081 3 2 2
RESPONSE 106082 3 2 2
RESPONSE 106582 2505 2 5
RESPONSE 107585 505 3 4
RESPONSE 109084 3 2 2
RESPONSE 109585 1504 2 4
RESPONSE 110090 7 5 5
RESPONSE 111086 2 1 1
RESPONSE 112089 4 3 3
RESPONSE 113088 3 2 2
RESPONSE 115092 6 4 4
RESPONSE 115591 1506 3 5
RESPONSE 116093 6 4 4
RESPONSE 117092 4 3 3
RESPONSE 118093 4 3 3
RESPONSE 119594 505 3 4
RESPONSE 120595 505 3 4
RESPONSE 121094 3 2 2
RESPONSE 122096 4 3 3
RESPONSE 123095 3 2 2
RESPONSE 124100 7 5 5
RESPONSE 126099 5 3 3
RESPONSE 126601 1507 3 5
RESPONSE 127100 4 3 3
RESPONSE 129100 3 2 2
RESPONSE 129602 1506 3 5
RESPONSE 130100 3 2 2
RESPONSE 132604 1506 3 5
RESPONSE 133606 1507 3 5
RESPONSE 133609 510 5 6
RESPONSE 134106 6 4 4
RESPONSE 135107 6 4 4
RESPONSE 136108 6 4 4
RESPONSE 137108 6 4 4
RESPONSE 138106 3 2 2
RESPONSE 139107 3 2 2
RESPONSE 140109 4 3 3
RESPONSE 141107 2 1 1
RESPONSE 142611 505 3 4
RESPONSE 143615 508 5 6
RESPONSE 144111 3 2 2
RESPONSE 146114 5 3 3
RESPONSE 147113 3 2 2
RESPONSE 148618 3510 4 8
RESPONSE 149118 7 3 3
RESPONSE 149119 1008 4 5
RESPONSE 150614 502 1 2
RESPONSE 151618 505 3 4
RESPONSE 153117 3 2 2
RESPONSE 154621 2508 4 7
RESPONSE 155119 1004 2 3
RESPONSE 155622 506 3 4
RESPONSE 156121 5 3 3
RESPONSE 157122 4 3 3
RESPONSE 158124 6 4 4
RESPONSE 159625 506 4 5
RESPONSE 160124 4 3 3
RESPONSE 161126 6 4 4
RESPONSE 162126 6 4 4
RESPONSE 171128 7005 2 5
RESPONSE 171134 5011 3 3
RESPONSE 171137 6014 5 5
RESPONSE 171138 3013 3 3
RESPONSE 171641 4516 2 3
RESPONSE 171643 2517 2 3
RESPONSE 171645 518 3 4
RESPONSE 172134 6 4 4
RESPONSE 172145 2018 3 5
RESPONSE 173133 4 3 3
RESPONSE 175635 1506 3 5
RESPONSE 176136 5 3 3
RESPONSE 183140 8010 2 6
RESPONSE 183147 5014 4 4
RESPONSE 183149 4016 4 4
RESPONSE 183153 1017 3 3
RESPONSE 183153 2019 4 4
RESPONSE 183634 20512 3 12
RESPONSE 183650 6519 4 5
RESPONSE 183653 3519 4 5
RESPONSE 184143 6 4 4
RESPONSE 184156 1020 2 4
RESPONSE 185142 4 3 3
RESPONSE 186140 2 1 1
RESPONSE 187643 504 2 3
RESPONSE 188146 6 4 4
RESPONSE 189644 504 2 3
RESPONSE 190146 5 3 3
RESPONSE 192149 6 4 4
RESPONSE 193147 3 2 2
RESPONSE 194148 3 2 2
RESPONSE 194652 3509 4 8
RESPONSE 195152 6 4 4
RESPONSE 196148 2 1 1
RESPONSE 197652 505 3 4
RESPONSE 199652 1504 2 4
RESPONSE 200154 1005 3 4
RESPONSE 201658 1509 4 6
RESPONSE 202156 1005 3 4
RESPONSE 203655 1504 1 3
RESPONSE 205657 1505 2 4
RESPONSE 205664 511 5 5
RESPONSE 206160 6 4 4
RESPONSE 207159 4 3 3
RESPONSE 207661 4510 5 9
RESPONSE 208661 505 3 4
RESPONSE 209161 4 3 3
RESPONSE 217666 7508 3 7
RESPONSE 217669 5510 2 2
RESPONSE 218168 7010 5 8
RESPONSE 218669 4509 3 4
RESPONSE 218674 1511 3 4
RESPONSE 218676 2514 5 6
RESPONSE 219167 3 2 2
RESPONSE 219176 4015 3 5
RESPONSE 220170 7010 3 6
RESPONSE 221674 1508 2 4
RESPONSE 221679 513 4 4
RESPONSE 221683 3520 3 7
RESPONSE 222171 4 3 3
RESPONSE 223674 506 4 5
RESPONSE 224174 6 4 4
RESPONSE 225173 4 3 3
RESPONSE 227176 6 4 4
RESPONSE 227676 1507 4 6
RESPONSE 228675 504 2 3
RESPONSE 229678 505 3 4
RESPONSE 231180 6 4 4
RESPONSE 232179 5 3 3
RESPONSE 232680 2506 3 6
RESPONSE 233180 4 3 3
RESPONSE 234680 504 2 3
RESPONSE 235181 4 3 3
RESPONSE 236184 6 4 4
RESPONSE 237180 2 1 1
RESPONSE 238686 506 4 5
RESPONSE 239184 4 3 3
RESPONSE 240187 6 4 4
RESPONSE 241684 502 1 2
RESPONSE 243686 1504 2 4
RESPONSE 244190 6 4 4
RESPONSE 244690 1507 4 6
RESPONSE 245190 6 4 4
RESPONSE 248191 1005 3 4
RESPONSE 248194 7 3 3
RESPONSE 250694 4509 3 7
RESPONSE 250697 1510 5 7
RESPONSE 250698 510 3 3
RESPONSE 251694 505 3 4
RESPONSE 252191 2 1 1
RESPONSE 253193 3 2 2
RESPONSE 254195 4 3 3
RESPONSE 255199 7 5 5
RESPONSE 256699 506 4 5
RESPONSE 257196 3 2 2
RESPONSE 258699 505 3 4
RESPONSE 260198 3 2 2
RESPONSE 260699 1504 2 4
RESPONSE 261201 5 3 3
RESPONSE 262200 3 2 2
RESPONSE 263205 7 5 5
RESPONSE 264700 502 1 2
RESPONSE 265205 6 4 4
RESPONSE 266204 4 3 3
RESPONSE 269205 1004 2 3
RESPONSE 270708 3508 4 7
RESPONSE 270710 1509 3 5
RESPONSE 272713 2511 4 7
RESPONSE 273711 1507 3 4
RESPONSE 274210 4 3 3
RESPONSE 275215 9 1 1
RESPONSE 275218 2013 5 8
RESPONSE 275710 4507 3 7
RESPONSE 276712 505 3 4
RESPONSE 279212 1004 2 3
RESPONSE 279718 509 4 5
RESPONSE 280214 4 3 3
RESPONSE 281215 4008 3 7
RESPONSE 285222 4011 5 8
RESPONSE 285222 2010 3 3
RESPONSE 285223 1010 3 3
RESPONSE 285224 10 1 1
RESPONSE 287222 1007 3 4
RESPONSE 287223 8 2 2
RESPONSE 287223 5012 5 10
RESPONSE 288224 7 5 5
RESPONSE 289222 4 3 3
RESPONSE 290725 506 4 5
RESPONSE 291225 6 4 4
RESPONSE 293222 2 1 1
RESPONSE 293724 1504 2 4
RESPONSE 294227 6 4 4
RESPONSE 295727 505 3 4
RESPONSE 296726 504 2 3
RESPONSE 297731 508 5 6
RESPONSE 298228 4 3 3
RESPONSE 299730 505 3 4
RESPONSE 300728 502 1 2
RESPONSE 301229 3 2 2
RESPONSE 302230 3 2 2
RESPONSE 303231 3 2 2
RESPONSE 305234 4 3 3
RESPONSE 305736 1507 4 6
RESPONSE 306235 5 3 3
RESPONSE 309238 1006 4 5
RESPONSE 310738 3507 3 6
RESPONSE 310810 1577 1 3
RESPONSE 311240 1007 2 3
RESPONSE 312241 7 5 5
RESPONSE 313239 4 3 3
RESPONSE 313740 2506 2 5
RESPONSE 316242 1005 3 4
RESPONSE 316245 8 4 4
RESPONSE 317241 3 2 2
RESPONSE 318244 6 4 4
RESPONSE 319244 4 3 3
RESPONSE 320242 2 1 1
RESPONSE 320746 6510 3 9
RESPONSE 324749 3508 4 7
RESPONSE 324750 507 3 3
RESPONSE 325249 5 2 2
RESPONSE 325250 3008 3 5
RESPONSE 325751 2509 2 4
RESPONSE 326248 3 2 2
RESPONSE 327252 6 4 4
RESPONSE 328251 4 3 3
RESPONSE 330754 1506 3 5
RESPONSE 331254 1005 3 4
RESPONSE 334754 3505 1 4
RESPONSE 335262 2011 4 5
RESPONSE 335758 3508 4 7
RESPONSE 335764 1513 4 6
RESPONSE 336757 504 2 3
RESPONSE 337258 4 3 3
RESPONSE 339261 1006 4 5
RESPONSE 339263 8 4 4
RESPONSE 340260 4 3 3
RESPONSE 340266 5014 2 7
RESPONSE 343264 1006 4 5
RESPONSE 343764 507 2 3
RESPONSE 344263 4 3 3
RESPONSE 344763 3506 3 6
RESPONSE 345264 4 3 3
RESPONSE 346267 7 5 5
RESPONSE 347767 506 4 5
RESPONSE 348267 6 4 4
RESPONSE 349766 503 2 3
RESPONSE 352270 1007 4 5
RESPONSE 352271 7 2 2
RESPONSE 353269 4 3 3
RESPONSE 353769 3506 3 6
RESPONSE 354770 504 2 3
RESPONSE 355274 7 5 5
RESPONSE 356272 4 3 3
RESPONSE 358773 1504 2 4
RESPONSE 360776 2507 2 5
RESPONSE 360778 1508 4 6
RESPONSE 360780 510 3 3
RESPONSE 362278 6 4 4
RESPONSE 362775 1504 2 4
RESPONSE 363779 506 4 5
RESPONSE 365278 4 3 3
RESPONSE 366282 7 5 5
RESPONSE 367281 6 4 4
RESPONSE 368279 3 2 2
RESPONSE 368782 4509 4 9
RESPONSE 369280 3 2 2
RESPONSE 370282 4 3 3
RESPONSE 372283 4 3 3
RESPONSE 372783 1504 2 4
RESPONSE 374285 4 3 3
RESPONSE 376288 1006 4 5
RESPONSE 376289 7 3 3
RESPONSE 377287 4 3 3
RESPONSE 378786 5506 2 7
RESPONSE 379789 505 3 4
RESPONSE 380291 6 4 4
RESPONSE 380790 2506 3 6
RESPONSE 381290 5 3 3
RESPONSE 382790 504 2 3
RESPONSE 383294 7 5 5
RESPONSE 384291 3 2 2
RESPONSE 385792 504 2 3
RESPONSE 386797 506 4 5
RESPONSE 387796 505 3 4
RESPONSE 388798 506 4 5
RESPONSE 390800 1507 4 6
RESPONSE 391800 506 3 4
RESPONSE 392300 6 4 4
RESPONSE 394302 1006 4 5
RESPONSE 395803 5510 3 8
RESPONSE 395804 507 2 2
RESPONSE 396305 7 5 5
RESPONSE 396309 2012 5 8
RESPONSE 398303 4 3 3
RESPONSE 400305 1005 3 4
RESPONSE 401807 505 2 2
RESPONSE 401808 4510 5 9
RESPONSE 401809 1508 2 4
RESPONSE 402306 4 3 3
RESPONSE 403306 3 2 2
RESPONSE 404308 4 3 3
RESPONSE 405307 3 2 2
RESPONSE 406808 504 2 3
RESPONSE 407812 505 3 4
RESPONSE 408313 6 4 4
RESPONSE 409813 505 3 4
RESPONSE 414315 3005 2 4
RESPONSE 414318 2008 2 2
RESPONSE 414824 1513 3 4
RESPONSE 417816 3504 3 6
RESPONSE 417819 7510 3 7
RESPONSE 418316 2 1 1
RESPONSE 418323 2010 4 5
RESPONSE 419319 4007 3 6
RESPONSE 419826 2512 5 8
RESPONSE 420318 2 1 1
RESPONSE 421320 3 2 2
RESPONSE 421823 2508 2 5
RESPONSE 422825 506 4 5
RESPONSE 423823 503 2 3
RESPONSE 424326 6 4 4
RESPONSE 425827 506 4 5
RESPONSE 426326 5 3 3
RESPONSE 427328 6 4 4
RESPONSE 429829 1506 3 5
RESPONSE 430331 1007 3 4
RESPONSE 430332 8 4 4
RESPONSE 431330 4 3 3
RESPONSE 433331 4 3 3
RESPONSE 433831 1506 3 5
RESPONSE 435334 6 4 4
RESPONSE 435833 1506 3 5
RESPONSE 436333 4 3 3
RESPONSE 437834 505 3 4
RESPONSE 438332 2 1 1
RESPONSE 440837 1506 3 5
RESPONSE 441837 1505 2 4
RESPONSE 442338 4 3 3
RESPONSE 445839 4507 3 7
RESPONSE 445844 509 4 4
RESPONSE 446340 3 2 2
RESPONSE 446343 2008 2 3
RESPONSE 446839 3505 2 5
RESPONSE 447343 6 4 4
RESPONSE 448342 3 2 2
RESPONSE 449344 4 3 3
RESPONSE 450846 506 4 5
RESPONSE 451346 6 4 4
RESPONSE 453347 4 3 3
RESPONSE 454345 2 1 1
RESPONSE 455850 3508 4 8
RESPONSE 456351 7 4 4
RESPONSE 457348 3 2 2
RESPONSE 457850 2506 3 6
RESPONSE 458350 4 3 3
RESPONSE 459351 4 3 3
RESPONSE 460350 3 2 2
RESPONSE 461352 4 3 3
RESPONSE 462352 3 2 2
RESPONSE 463853 504 2 3
RESPONSE 464856 506 4 5
RESPONSE 465355 4 3 3
RESPONSE 466358 6 4 4
RESPONSE 468357 4 3 3
RESPONSE 469358 4 3 3
RESPONSE 471360 1005 3 4
RESPONSE 472861 5509 4 9
RESPONSE 472865 1510 4 6
RESPONSE 473361 1005 2 3
RESPONSE 473861 505 2 3
RESPONSE 475864 1506 3 5
RESPONSE 476365 5 2 2
RESPONSE 476366 1006 3 4
RESPONSE 477365 4 3 3
RESPONSE 478366 4 3 3
RESPONSE 491873 12511 5 10
RESPONSE 492369 12006 2 6
RESPONSE 492375 11011 4 5
RESPONSE 492880 9515 5 6
RESPONSE 493875 8509 3 4
RESPONSE 493878 11514 3 6
RESPONSE 494383 10018 4 7
RESPONSE 495382 7013 3 5
RESPONSE 495387 9020 4 6
RESPONSE 495388 5018 3 3
RESPONSE 495889 6519 1 2
RESPONSE 495892 8524 3 6
RESPONSE 495897 1524 3 3
RESPONSE 495900 526 5 5
RESPONSE 496382 7 5 5
RESPONSE 496395 4024 2 4
RESPONSE 496397 5026 4 6
RESPONSE 496899 3527 3 6
RESPONSE 497381 6 4 4
RESPONSE 498880 504 2 3
RESPONSE 501381 1004 2 3
RESPONSE 501385 6 2 2
RESPONSE 502885 3508 3 6
RESPONSE 502886 507 4 5
RESPONSE 503384 4 3 3
RESPONSE 504385 4 3 3
RESPONSE 505388 7 5 5
RESPONSE 506388 6 4 4
RESPONSE 508888 1506 3 5
RESPONSE 509892 1509 5 7
RESPONSE 510388 3 2 2
RESPONSE 510890 1506 3 5
RESPONSE 511892 506 4 5
RESPONSE 512391 4 3 3
RESPONSE 514894 1507 4 6
RESPONSE 515393 1005 2 3
RESPONSE 515397 8 5 5
RESPONSE 517395 5 3 3
RESPONSE 517895 1506 3 5
RESPONSE 518394 3 2 2
RESPONSE 519394 3 2 2
RESPONSE 520897 505 3 4
RESPONSE 521399 6 4 4
RESPONSE 523399 4 3 3
RESPONSE 523900 1507 4 6
RESPONSE 524399 4 3 3
RESPONSE 525901 505 3 4
RESPONSE 528399 1002 1 2
RESPONSE 528403 5 2 2
RESPONSE 529904 3507 2 5
RESPONSE 529904 506 2 3
RESPONSE 530405 6 4 4
RESPONSE 531905 505 3 4
RESPONSE 532404 3 2 2
RESPONSE 533406 4 3 3
RESPONSE 535408 4 3 3
RESPONSE 535907 1504 2 4
RESPONSE 536408 4 3 3
RESPONSE 537908 504 2 3
RESPONSE 539410 4 3 3
RESPONSE 540410 3 2 2
RESPONSE 540913 2508 4 7
RESPONSE 541914 506 4 5
RESPONSE 543412 3 2 2
RESPONSE 543911 1503 1 3
RESPONSE 544915 505 3 4
RESPONSE 545915 505 3 4
RESPONSE 546418 7 5 5
RESPONSE 547413 2 1 1
RESPONSE 548417 5 3 3
RESPONSE 549917 504 2 3
RESPONSE 550920 505 3 4
RESPONSE 551919 504 2 3
RESPONSE 554422 1005 3 4
RESPONSE 561928 7511 2 6
RESPONSE 561930 5511 1 1
RESPONSE 561937 3516 4 4
RESPONSE 561940 1518 4 4
RESPONSE 561942 519 3 3
RESPONSE 563927 4506 2 3
RESPONSE 563932 1508 3 4
RESPONSE 565440 8019 5 8
RESPONSE 565440 2016 3 4
RESPONSE 565442 10023 4 8
RESPONSE 565444 18 2 2
RESPONSE 565930 13513 3 10
RESPONSE 565942 1517 2 3
RESPONSE 566432 6 4 4
RESPONSE 569432 1004 2 3
RESPONSE 569937 508 3 4
RESPONSE 571938 4511 5 9
RESPONSE 572933 1503 1 2
RESPONSE 572938 507 3 4
RESPONSE 573437 6 4 4
RESPONSE 573937 3507 3 6
RESPONSE 574437 4 3 3
RESPONSE 582941 7508 2 6
RESPONSE 582944 4509 2 2
RESPONSE 582950 3514 4 4
RESPONSE 582951 512 2 2
RESPONSE 583443 7009 4 7
RESPONSE 583444 5 3 3
RESPONSE 583952 3515 2 4
RESPONSE 583952 6518 4 6
RESPONSE 584443 3 2 2
RESPONSE 584455 3017 4 7
RESPONSE 585442 2 1 1
RESPONSE 587445 3 2 2
RESPONSE 589448 1005 3 4
RESPONSE 589954 511 5 6
RESPONSE 590949 505 3 4
RESPONSE 591450 5 3 3
RESPONSE 593452 1007 4 5
RESPONSE 593456 10 5 5
RESPONSE 594954 507 4 5
RESPONSE 595451 3 2 2
RESPONSE 596454 6 4 4
RESPONSE 597455 6 4 4
RESPONSE 598452 2 1 1
RESPONSE 599454 3 2 2
RESPONSE 600957 14516 3 17
RESPONSE 601455 3 1 1
RESPONSE 601458 1007 4 5
RESPONSE 603458 4 3 3
RESPONSE 604459 5 3 3
RESPONSE 607962 5509 3 8
RESPONSE 608961 1505 3 4
RESPONSE 608966 508 4 4
RESPONSE 609463 4 3 3
RESPONSE 609467 4012 4 8
RESPONSE 609468 3012 3 5
RESPONSE 610467 7 5 5
RESPONSE 611466 6 4 4
RESPONSE 612466 4 3 3
RESPONSE 613970 508 5 6
RESPONSE 614968 505 3 4
RESPONSE 616469 5 3 3
RESPONSE 617970 2506 3 6
RESPONSE 618469 1004 2 3
RESPONSE 619471 4 3 3
RESPONSE 620473 6 4 4
RESPONSE 621976 3510 4 8
RESPONSE 622473 1005 3 4
RESPONSE 622973 505 2 3
RESPONSE 623976 506 4 5
RESPONSE 624478 7 5 5
RESPONSE 625977 505 3 4
RESPONSE 626977 505 3 4
RESPONSE 627980 506 4 5
RESPONSE 628480 6 4 4
RESPONSE 629481 6 4 4
RESPONSE 630983 507 4 5
RESPONSE 631483 5 4 4
RESPONSE 632482 4 3 3
RESPONSE 633985 506 4 5
RESPONSE 635485 5 3 3
RESPONSE 635985 1506 3 5
RESPONSE 636486 5 3 3
RESPONSE 637486 5 3 3
RESPONSE 638488 6 4 4
RESPONSE 639487 4 3 3
RESPONSE 640485 2 1 1
RESPONSE 642487 2 1 1
RESPONSE 642991 1507 4 6
RESPONSE 643991 505 3 4
RESPONSE 644993 506 4 5
RESPONSE 645493 6 4 4
RESPONSE 646997 508 5 6
RESPONSE 647495 6 4 4
RESPONSE 648495 4 3 3
RESPONSE 649497 6 4 4
RESPONSE 650496 4 3 3
RESPONSE 651496 3 2 2
RESPONSE 652999 505 3 4
RESPONSE 654001 506 4 5
RESPONSE 656000 1504 2 4
RESPONSE 656502 1005 3 4
RESPONSE 658005 1508 4 6
RESPONSE 659004 505 2 3
RESPONSE 659005 1507 3 5
RESPONSE 659504 4 3 3
RESPONSE 660505 4 3 3
RESPONSE 661507 6 4 4
RESPONSE 662508 6 4 4
RESPONSE 664009 506 4 5
RESPONSE 664508 4 3 3
RESPONSE 665508 4 3 3
RESPONSE 667008 504 2 3
RESPONSE 668012 506 4 5
RESPONSE 668509 3 2 2
RESPONSE 669513 6 4 4
RESPONSE 671013 505 3 4
RESPONSE 673013 1504 2 4
RESPONSE 673513 1004 2 3
RESPONSE 674014 504 2 3
RESPONSE 676513 1002 1 2
RESPONSE 678017 3506 3 6
RESPONSE 678520 1007 3 4
RESPONSE 678522 9 3 3
RESPONSE 680023 3511 3 7
RESPONSE 681022 507 3 4
RESPONSE 681022 1508 4 6
RESPONSE 682522 6 4 4
RESPONSE 686023 4507 3 7
RESPONSE 686521 3004 1 3
RESPONSE 686525 6 1 1
RESPONSE 686527 2009 4 5
RESPONSE 687524 4 3 3
RESPONSE 694527 9008 1 6
RESPONSE 694534 4012 3 3
RESPONSE 694535 5013 4 4
RESPONSE 694538 3016 4 4
RESPONSE 694541 2018 5 5
RESPONSE 695039 1515 4 5
RESPONSE 695040 515 3 4
RESPONSE 696028 7507 2 6
RESPONSE 697029 503 1 2
RESPONSE 698031 504 2 3
RESPONSE 700034 505 1 1
RESPONSE 700035 4510 4 9
RESPONSE 701034 505 3 4
RESPONSE 701535 4 3 3
RESPONSE 702537 4009 4 8
RESPONSE 703037 506 4 5
RESPONSE 703536 4 3 3
RESPONSE 705036 504 2 3
RESPONSE 705541 7 5 5
RESPONSE 707038 504 2 3
RESPONSE 707541 6 4 4
RESPONSE 708541 4 3 3
RESPONSE 710041 504 2 3
RESPONSE 711542 3 2 2
RESPONSE 712045 1507 4 6
RESPONSE 713041 502 1 2
RESPONSE 713544 3 2 2
RESPONSE 715550 7 5 5
RESPONSE 716047 1506 3 5
RESPONSE 716546 3 2 2
RESPONSE 717549 6 4 4
RESPONSE 718549 5 3 3
RESPONSE 719552 6 4 4
RESPONSE 720553 6 4 4
RESPONSE 722553 4 3 3
RESPONSE 723554 4 3 3
RESPONSE 724554 4 3 3
RESPONSE 725056 3508 4 8
RESPONSE 726056 505 3 4
RESPONSE 727558 6 4 4
RESPONSE 728559 6 4 4
RESPONSE 730061 3509 4 8
RESPONSE 730557 1004 2 3
RESPONSE 731062 507 4 5
RESPONSE 732059 504 2 3
RESPONSE 733064 508 5 6
RESPONSE 734560 3 2 2
RESPONSE 735063 1507 3 5
RESPONSE 736062 504 2 3
RESPONSE 737066 508 5 6
RESPONSE 737565 5 4 4
RESPONSE 739064 504 2 3
RESPONSE 739564 3 2 2
RESPONSE 742566 1004 2 3
RESPONSE 742572 9 4 4
RESPONSE 743570 6 4 4
RESPONSE 745069 4508 3 7
RESPONSE 745568 3 1 1
RESPONSE 745572 1007 4 5
RESPONSE 747571 5 3 3
RESPONSE 748072 1506 3 5
RESPONSE 749071 504 2 3
RESPONSE 751075 1507 4 6
RESPONSE 752076 507 3 4
RESPONSE 752077 1508 4 6
RESPONSE 753576 4 3 3
RESPONSE 755077 2506 3 6
RESPONSE 755578 6 4 4
RESPONSE 756079 1507 4 6
RESPONSE 756576 3 2 2
RESPONSE 761082 1506 2 2
RESPONSE 761083 3509 4 7
RESPONSE 761579 2 1 1
RESPONSE 761580 3005 2 4
RESPONSE 762587 2011 5 7
RESPONSE 763581 1004 2 3
RESPONSE 764085 507 4 5
RESPONSE 766082 1504 2 4
RESPONSE 779089 12510 3 8
RESPONSE 779092 11512 2 2
RESPONSE 779095 10513 4 4
RESPONSE 779100 9518 3 3
RESPONSE 779100 6516 3 3
RESPONSE 779106 4520 5 5
RESPONSE 779107 519 4 4
RESPONSE 783094 9509 2 3
RESPONSE 783098 5511 1 2
RESPONSE 783100 7513 4 5
RESPONSE 783103 12521 3 5
RESPONSE 783108 2518 4 4
RESPONSE 783595 3 2 2
RESPONSE 783609 7022 3 5
RESPONSE 784112 18533 3 10
RESPONSE 784115 4526 2 5
RESPONSE 784115 12532 2 6
RESPONSE 784119 2528 3 5
RESPONSE 784593 2001 5 7
RESPONSE 785097 504 2 3
RESPONSE 785599 6 4 4
RESPONSE 787102 508 5 6
RESPONSE 787599 4 3 3
RESPONSE 789101 505 3 4
RESPONSE 789601 4 3 3
RESPONSE 790602 4 3 3
RESPONSE 792101 503 2 3
RESPONSE 793102 504 2 3
RESPONSE 793606 7 5 5
RESPONSE 794604 4 3 3
RESPONSE 795607 6 4 4
RESPONSE 796606 4 3 3
RESPONSE 798106 503 2 3
RESPONSE 799607 3 2 2
RESPONSE 800107 1504 2 4
RESPONSE 801613 8 5 5
RESPONSE 802610 4 3 3
RESPONSE 803610 3 2 2
RESPONSE 805611 1004 2 3
RESPONSE 805618 10 5 5
RESPONSE 806615 6 4 4
RESPONSE 807113 6509 2 8
RESPONSE 808613 3 2 2
RESPONSE 809116 1507 4 6
RESPONSE 813114 3503 1 4
RESPONSE 813119 1506 2 2
RESPONSE 814117 1503 2 3
RESPONSE 815123 4511 5 9
RESPONSE 815618 3 2 2
RESPONSE 815624 1009 4 6
RESPONSE 816119 2505 2 5
RESPONSE 816619 3 2 2
RESPONSE 818122 505 3 4
RESPONSE 818621 3 2 2
RESPONSE 821623 1004 2 3
RESPONSE 826129 6511 4 9
RESPONSE 826130 2509 3 3
RESPONSE 826135 512 3 3
RESPONSE 826136 1514 4 4
RESPONSE 827130 4509 4 5
RESPONSE 827627 3 2 2
RESPONSE 827633 1010 4 6
RESPONSE 828628 3 2 2
RESPONSE 829126 7506 1 5
RESPONSE 833134 3508 4 7
RESPONSE 833136 508 3 3
RESPONSE 833633 4 3 3
RESPONSE 833635 2008 3 4
RESPONSE 834131 3505 2 5
RESPONSE 834632 3 2 2
RESPONSE 837137 1507 4 6
RESPONSE 837637 6 4 4
RESPONSE 838135 1504 2 4
RESPONSE 839638 4 3 3
RESPONSE 840137 1504 2 4
RESPONSE 841141 506 4 5
RESPONSE 843140 1504 2 4
RESPONSE 844142 505 3 4
RESPONSE 844643 6 4 4
RESPONSE 845640 2 1 1
RESPONSE 846143 3507 2 6
RESPONSE 847644 5 3 3
RESPONSE 848147 1508 4 6
RESPONSE 848645 4 3 3
RESPONSE 849647 6 4 4
RESPONSE 851148 506 4 5
RESPONSE 851647 4 3 3
RESPONSE 853146 502 1 2
RESPONSE 854150 505 3 4
RESPONSE 855652 6 4 4
RESPONSE 856150 1504 2 4
RESPONSE 857651 3 2 2
RESPONSE 858154 1507 4 6
RESPONSE 858655 6 4 4
RESPONSE 859654 4 3 3
RESPONSE 861657 6 4 4
RESPONSE 862156 1506 3 5
RESPONSE 862659 7 5 5
RESPONSE 863657 5 3 3
RESPONSE 864655 2 1 1
RESPONSE 866160 506 4 5
RESPONSE 868159 1504 2 4
RESPONSE 868661 5 3 3
RESPONSE 870161 2506 2 5
RESPONSE 870659 1003 1 2
RESPONSE 871162 504 2 3
RESPONSE 872163 505 3 4
RESPONSE 872663 4 3 3
RESPONSE 873664 4 3 3
RESPONSE 874664 3 2 2
RESPONSE 879668 3006 3 5
RESPONSE 881173 2510 4 5
RESPONSE 881177 1514 5 5
RESPONSE 883168 2505 3 4
RESPONSE 883170 1505 2 3
RESPONSE 884172 6509 3 8
RESPONSE 884174 1509 2 3
RESPONSE 884177 511 4 5
RESPONSE 884670 3 2 2
RESPONSE 885679 10018 4 11
RESPONSE 887172 1505 2 4
RESPONSE 888176 1507 4 6
RESPONSE 888675 6 4 4
RESPONSE 890675 1005 3 4
RESPONSE 891179 508 3 4
RESPONSE 891679 7 5 5
RESPONSE 892676 3 2 2
RESPONSE 893675 6006 1 7
RESPONSE 894677 1004 1 2
RESPONSE 894681 7 4 4
RESPONSE 896178 504 2 3
RESPONSE 897179 504 2 3
RESPONSE 897682 6 4 4
RESPONSE 899183 506 4 5
RESPONSE 899681 3 2 2
RESPONSE 901183 505 3 4
RESPONSE 901683 4 3 3
RESPONSE 902687 7 5 5
RESPONSE 903684 3 2 2
RESPONSE 904686 4 3 3
RESPONSE 906690 6 4 4
RESPONSE 910691 3007 4 6
RESPONSE 912196 2510 4 5
RESPONSE 912197 3512 2 4
RESPONSE 912201 514 3 3
RESPONSE 912691 4 3 3
RESPONSE 912698 2012 3 4
RESPONSE 914191 8508 3 8
RESPONSE 915195 1507 3 5
RESPONSE 915694 1005 3 4
RESPONSE 919697 3007 4 6
RESPONSE 919700 1009 4 4
RESPONSE 921206 1514 4 5
RESPONSE 921211 518 4 4
RESPONSE 921211 3520 5 7
RESPONSE 922199 505 3 4
RESPONSE 923700 8010 4 9
RESPONSE 924200 1506 3 5
RESPONSE 924702 6 4 4
RESPONSE 925702 6 4 4
RESPONSE 926702 4 3 3
RESPONSE 926706 3011 4 8
RESPONSE 927702 4 3 3
RESPONSE 928705 6 4 4
RESPONSE 930205 505 3 4
RESPONSE 931203 502 1 2
RESPONSE 931707 6 4 4
RESPONSE 932708 6 4 4
RESPONSE 933707 4 3 3
RESPONSE 935207 504 2 3
RESPONSE 935706 2 1 1
RESPONSE 937210 505 3 4
RESPONSE 938712 6 4 4
RESPONSE 940214 2508 4 7
RESPONSE 940712 1005 3 4
RESPONSE 941714 6 4 4
RESPONSE 942213 1505 2 4
RESPONSE 944216 1506 3 5
RESPONSE 944719 1008 4 5
RESPONSE 944719 8 4 4
RESPONSE 946216 504 2 3
RESPONSE 947720 6 4 4
RESPONSE 948717 3 2 2
RESPONSE 949222 2509 5 8
RESPONSE 949722 7 5 5
RESPONSE 950722 6 4 4
RESPONSE 952722 5 3 3
RESPONSE 953721 3 2 2
RESPONSE 954723 5 3 3
RESPONSE 955222 3506 2 6
RESPONSE 956226 506 4 5
RESPONSE 960727 3006 2 4
RESPONSE 960731 1008 3 3
RESPONSE 960734 10 3 3
RESPONSE 962233 3512 4 6
RESPONSE 962235 511 3 3
RESPONSE 962729 4 3 3
RESPONSE 963729 3 2 2
RESPONSE 964227 7507 3 7
RESPONSE 965233 506 4 5
RESPONSE 967735 1007 4 5
RESPONSE 968239 509 4 5
RESPONSE 968732 2 1 1
RESPONSE 969235 3508 4 7
RESPONSE 969734 3 2 2
RESPONSE 970739 7 5 5
RESPONSE 972736 3 2 2
RESPONSE 976241 4509 4 8
RESPONSE 976242 1508 3 3
RESPONSE 976740 3006 3 5
RESPONSE 977243 508 5 6
RESPONSE 978746 3011 4 7
RESPONSE 979243 1507 4 6
RESPONSE 986268 7532 4 8
RESPONSE 986269 4531 3 3
RESPONSE 986743 7006 2 5
RESPONSE 986748 2007 3 3
RESPONSE 987251 4512 3 4
RESPONSE 988756 2014 3 5
RESPONSE 988760 8022 4 6
RESPONSE 988761 1019 2 2
RESPONSE 988762 18 2 2
RESPONSE 989260 5519 3 7
RESPONSE 993253 3509 4 7
RESPONSE 993255 2510 2 2
RESPONSE 993255 7514 3 10
RESPONSE 993752 4 3 3
RESPONSE 993753 2007 1 2
RESPONSE 993759 1013 3 4
RESPONSE 995254 506 4 5
RESPONSE 995753 4 3 3
RESPONSE 997755 5 3 3
RESPONSE 998756 5 3 3
RESPONSE 999756 4 3 3
RESPONSE 1000255 3506 2 6
RESPONSE 1001259 506 4 5
RESPONSE 1002258 505 3 4
RESPONSE 1002760 6 4 4
RESPONSE 1004260 505 3 4
RESPONSE 1004758 3 2 2
RESPONSE 1005762 6 4 4
RESPONSE 1010266 3509 4 7
RESPONSE 1010268 1509 2 2
RESPONSE 1010268 509 2 2
RESPONSE 1010763 3005 3 5
RESPONSE 1011265 506 3 4
RESPONSE 1012265 505 3 4
RESPONSE 1013265 505 3 4
RESPONSE 1013767 6 4 4
RESPONSE 1015767 4 3 3
RESPONSE 1016270 1508 5 7
RESPONSE 1017271 508 5 6
RESPONSE 1021269 3505 2 5
RESPONSE 1021274 1508 3 3
RESPONSE 1022270 1504 2 3
RESPONSE 1022271 3507 2 5
RESPONSE 1022772 4 3 3
RESPONSE 1022775 1008 3 5
RESPONSE 1023773 4 3 3
RESPONSE 1024773 3 2 2
RESPONSE 1027277 1506 3 5
RESPONSE 1027775 1004 2 3
RESPONSE 1029779 1006 4 5
RESPONSE 1030280 507 3 4
RESPONSE 1030776 2 1 1
RESPONSE 1031278 3506 2 5
RESPONSE 1031779 4 3 3
RESPONSE 1033279 504 2 3
RESPONSE 1033782 6 4 4
RESPONSE 1034782 4 3 3
RESPONSE 1035784 6 4 4
RESPONSE 1037782 3 2 2
RESPONSE 1038284 1506 3 5
RESPONSE 1039284 504 2 3
RESPONSE 1040287 506 4 5
RESPONSE 1040785 3 2 2
RESPONSE 1041787 5 3 3
RESPONSE 1042786 3 2 2
RESPONSE 1045291 1507 4 6
RESPONSE 1045791 1006 3 4
RESPONSE 1045792 6 3 3
RESPONSE 1047291 505 3 4
RESPONSE 1047791 4 3 3
RESPONSE 1049794 6 4 4
RESPONSE 1051294 2506 3 6
RESPONSE 1051793 1004 2 3
RESPONSE 1052795 4 3 3
RESPONSE 1053298 1508 4 6
RESPONSE 1053797 5 4 4
RESPONSE 1054797 4 3 3
RESPONSE 1056798 3 2 2
RESPONSE 1057299 1506 3 5
RESPONSE 1057799 4 3 3
RESPONSE 1060300 1505 2 4
RESPONSE 1060805 7 5 5
RESPONSE 1073307 13510 4 10
RESPONSE 1073310 10511 2 2
RESPONSE 1073314 8514 2 2
RESPONSE 1073316 7516 3 3
RESPONSE 1073320 6518 3 3
RESPONSE 1073322 4519 2 2
RESPONSE 1073324 2519 2 2
RESPONSE 1073826 10026 3 4
RESPONSE 1074305 1500 3 4
RESPONSE 1074809 7006 3 5
RESPONSE 1074811 13014 3 9
RESPONSE 1075313 3508 2 5
RESPONSE 1075317 510 3 4
RESPONSE 1075811 6007 4 7
RESPONSE 1075815 7 5 5
RESPONSE 1075817 2011 3 6
RESPONSE 1077313 505 3 4
RESPONSE 1077812 3 2 2
RESPONSE 1078811 2 1 1
RESPONSE 1080814 3 2 2
RESPONSE 1081314 1504 2 4
RESPONSE 1082818 6 4 4
RESPONSE 1083316 1504 2 4
RESPONSE 1084817 3 2 2
RESPONSE 1085321 1508 5 7
RESPONSE 1085817 3 2 2
RESPONSE 1087322 507 4 5
RESPONSE 1087818 2 1 1
RESPONSE 1088821 5 3 3
RESPONSE 1089820 3 2 2
RESPONSE 1091823 4 3 3
RESPONSE 1092321 1503 1 3
RESPONSE 1093324 505 3 4
RESPONSE 1094325 505 3 4
RESPONSE 1095329 508 5 6
RESPONSE 1096325 504 2 3
RESPONSE 1098830 1007 4 5
RESPONSE 1098832 8 4 4
RESPONSE 1099831 6 4 4
RESPONSE 1100828 3 2 2
RESPONSE 1101331 4509 4 8
RESPONSE 1101832 6 4 4
RESPONSE 1102833 6 4 4
RESPONSE 1105832 1004 2 3
RESPONSE 1105838 9 4 4
RESPONSE 1106834 5 3 3
RESPONSE 1107335 3507 3 6
RESPONSE 1107836 6 4 4
RESPONSE 1108834 3 2 2
RESPONSE 1109838 6 4 4
RESPONSE 1110837 4 3 3
RESPONSE 1112338 505 3 4
RESPONSE 1112840 6 4 4
RESPONSE 1115839 1004 2 3
RESPONSE 1115842 6 2 2
RESPONSE 1117343 506 3 4
RESPONSE 1118342 4508 2 6
RESPONSE 1118343 505 2 3
RESPONSE 1120344 1506 3 5
RESPONSE 1120846 6 3 3
RESPONSE 1120847 1008 4 5
RESPONSE 1122847 6 4 4
RESPONSE 1123347 1507 3 5
RESPONSE 1123844 2 1 1
RESPONSE 1125848 4 3 3
RESPONSE 1126351 1508 5 7
RESPONSE 1126846 2 1 1
RESPONSE 1129852 5 2 2
RESPONSE 1129853 1007 4 5
RESPONSE 1130852 4 3 3
RESPONSE 1131353 3508 4 7
RESPONSE 1131851 3 2 2
RESPONSE 1133854 4 3 3
RESPONSE 1134856 6 4 4
RESPONSE 1135854 3 2 2
RESPONSE 1136856 4 3 3
RESPONSE 1140357 7508 2 9
RESPONSE 1140359 1505 1 1
RESPONSE 1140859 5 3 3
RESPONSE 1141358 3506 2 5
RESPONSE 1141862 2008 2 4
RESPONSE 1142359 503 2 3
RESPONSE 1144363 1507 4 6
RESPONSE 1144865 7 4 4
RESPONSE 1144866 1009 4 5
RESPONSE 1145863 4 3 3
RESPONSE 1148366 1507 4 6
RESPONSE 1152368 3507 3 6
RESPONSE 1152371 2510 3 3
RESPONSE 1154369 2506 3 4
RESPONSE 1154373 3511 4 6
RESPONSE 1154374 510 3 3
RESPONSE 1154872 7 5 5
RESPONSE 1154874 2011 4 6
RESPONSE 1156369 8509 3 8
RESPONSE 1156372 507 4 5
RESPONSE 1156872 6 4 4
RESPONSE 1159872 1004 2 3
RESPONSE 1160379 511 5 6
RESPONSE 1160874 4 3 3
RESPONSE 1161375 3508 4 7
RESPONSE 1161874 4 3 3
RESPONSE 1163877 6 4 4
RESPONSE 1165376 2505 2 5
RESPONSE 1165879 1007 4 5
RESPONSE 1166377 505 2 3
RESPONSE 1167878 3 2 2
RESPONSE 1168379 1504 2 4
RESPONSE 1169881 4 3 3
RESPONSE 1171382 2506 3 6
RESPONSE 1172382 504 2 3
RESPONSE 1172885 6 4 4
RESPONSE 1176386 5508 3 8
RESPONSE 1176387 506 2 2
RESPONSE 1176887 3007 2 4
RESPONSE 1176888 6 3 3
RESPONSE 1176892 2012 4 5
RESPONSE 1177888 6 4 4
RESPONSE 1180389 1506 3 5
RESPONSE 1180889 3 2 2
RESPONSE 1181889 3 2 2
RESPONSE 1182392 2508 3 6
RESPONSE 1183392 505 3 4
RESPONSE 1184393 505 3 4
RESPONSE 1186396 1507 4 6
RESPONSE 1186896 1007 4 5
RESPONSE 1188395 1505 2 4
RESPONSE 1189399 1508 4 6
RESPONSE 1189898 4 3 3
RESPONSE 1190899 5 3 3
RESPONSE 1191901 6 4 4
RESPONSE 1193399 4507 2 7
RESPONSE 1193900 1005 2 3
RESPONSE 1193902 6 3 3
RESPONSE 1195402 505 3 4
RESPONSE 1195902 4 3 3
RESPONSE 1197904 4 3 3
RESPONSE 1198403 1504 2 4
RESPONSE 1198906 6 4 4
RESPONSE 1200404 504 2 3
RESPONSE 1201408 506 4 5
RESPONSE 1201908 6 4 4
RESPONSE 1203908 4 3 3
RESPONSE 1205412 2509 5 8
RESPONSE 1205912 7 5 5
RESPONSE 1206409 1505 2 4
RESPONSE 1207911 5 3 3
RESPONSE 1208410 1504 2 4
RESPONSE 1208912 4 3 3
RESPONSE 1209912 5 3 3
RESPONSE 1210917 7 5 5
RESPONSE 1211913 3 2 2
RESPONSE 1212916 4 3 3
RESPONSE 1213916 4 3 3
RESPONSE 1218919 3006 2 4
RESPONSE 1219422 2508 2 3
RESPONSE 1222421 4506 3 6
RESPONSE 1222425 2509 4 4
RESPONSE 1222427 1510 2 2
RESPONSE 1222429 512 4 4
RESPONSE 1224426 9513 4 10
RESPONSE 1224429 510 3 3
RESPONSE 1225424 504 1 2
RESPONSE 1225426 6511 4 8
RESPONSE 1225932 3014 4 6
RESPONSE 1226427 505 3 4
RESPONSE 1227426 504 2 3
RESPONSE 1228928 4 3 3
RESPONSE 1229930 5 3 3
RESPONSE 1233433 5510 4 9
RESPONSE 1234934 4009 1 4
RESPONSE 1235938 2010 4 5
RESPONSE 1239438 4509 1 3
RESPONSE 1239443 6516 3 9
RESPONSE 1239445 2516 2 2
RESPONSE 1239936 4 3 3
RESPONSE 1239946 8020 2 8
RESPONSE 1239950 2020 3 4
RESPONSE 1241451 5522 2 5
RESPONSE 1241456 522 4 4
RESPONSE 1241938 3 2 2
RESPONSE 1242940 4 3 3
RESPONSE 1246456 7525 4 10
RESPONSE 1247960 4023 3 6
RESPONSE 1247962 3025 3 5
RESPONSE 1248466 1528 3 4
RESPONSE 1248469 529 3 4
RESPONSE 1248946 6 3 3
RESPONSE 1248947 3008 3 6
RESPONSE 1250948 6 4 4
RESPONSE 1251445 1504 1 3
RESPONSE 1253450 1507 4 6
RESPONSE 1253950 6 4 4
RESPONSE 1254449 1506 3 5
RESPONSE 1256951 1005 3 4
RESPONSE 1256955 8 4 4
RESPONSE 1257954 7 5 5
RESPONSE 1258952 4 3 3
RESPONSE 1259451 4506 2 6
RESPONSE 1259951 3 2 2
RESPONSE 1260955 6 4 4
RESPONSE 1261957 7 5 5
RESPONSE 1262955 4 3 3
RESPONSE 1263956 4 3 3
RESPONSE 1264955 3 2 2
RESPONSE 1266960 6 4 4
RESPONSE 1267460 1507 4 6
RESPONSE 1268459 505 3 4
RESPONSE 1268959 4 3 3
RESPONSE 1270459 504 2 3
RESPONSE 1270963 6 4 4
RESPONSE 1272463 505 3 4
RESPONSE 1274466 1507 4 6
RESPONSE 1274965 5 3 3
RESPONSE 1275465 1506 3 5
RESPONSE 1275964 3 2 2
RESPONSE 1276964 2 1 1
RESPONSE 1278968 4 3 3
RESPONSE 1279968 4 3 3
RESPONSE 1280969 4 3 3
RESPONSE 1281970 5 3 3
RESPONSE 1283470 5507 2 8
RESPONSE 1283972 1005 3 4
RESPONSE 1284474 507 4 5
RESPONSE 1285471 504 2 3
RESPONSE 1285972 3 2 2
RESPONSE 1287477 506 4 5
RESPONSE 1287974 3 2 2
RESPONSE 1289975 3 2 2
RESPONSE 1290977 4 3 3
RESPONSE 1291478 2506 3 6
RESPONSE 1292979 4 3 3
RESPONSE 1293481 1507 4 6
RESPONSE 1293977 2 1 1
RESPONSE 1294979 3 2 2
RESPONSE 1295981 4 3 3
RESPONSE 1297983 5 3 3
RESPONSE 1298986 7 5 5
RESPONSE 1300485 3507 3 7
RESPONSE 1300986 6 4 4
RESPONSE 1301985 4 3 3
RESPONSE 1302486 2506 3 6
RESPONSE 1302988 6 4 4
RESPONSE 1304487 505 3 4
RESPONSE 1306489 1506 3 5
RESPONSE 1306989 5 3 3
RESPONSE 1307491 1506 3 5
RESPONSE 1307990 4 3 3
RESPONSE 1310492 1506 3 5
RESPONSE 1310994 6 4 4
RESPONSE 1311494 1508 4 6
RESPONSE 1312493 505 3 4
RESPONSE 1313497 508 5 6
RESPONSE 1314996 6 4 4
RESPONSE 1315996 4 3 3
RESPONSE 1316496 2506 2 5
RESPONSE 1318496 1504 2 4
RESPONSE 1318997 3 2 2
RESPONSE 1319997 3 2 2
RESPONSE 1321498 3506 2 6
RESPONSE 1322002 1007 4 5
RESPONSE 1322998 2 1 1
RESPONSE 1323502 1506 2 4
RESPONSE 1324003 6 4 4
RESPONSE 1325004 6 4 4
RESPONSE 1327003 3 2 2
RESPONSE 1328004 4 3 3
RESPONSE 1328505 2506 3 6
RESPONSE 1329004 3 2 2
RESPONSE 1330003 2 1 1
RESPONSE 1331005 3 2 2
RESPONSE 1332009 6 4 4
RESPONSE 1334009 4 3 3
RESPONSE 1335010 4 3 3
RESPONSE 1336512 3509 4 8
RESPONSE 1337012 1007 4 5
RESPONSE 1337511 504 2 3
RESPONSE 1340014 1005 3 4
RESPONSE 1341512 3504 1 4
RESPONSE 1341516 1506 1 3
RESPONSE 1342018 7 5 5
RESPONSE 1343520 2509 3 6
RESPONSE 1344518 1506 3 5
RESPONSE 1345519 1506 3 5
RESPONSE 1346522 507 3 4
RESPONSE 1346522 1509 4 6
RESPONSE 1348022 6 4 4
RESPONSE 1348519 1504 2 4
RESPONSE 1349520 504 2 3
RESPONSE 1350020 3 2 2
RESPONSE 1351022 4 3 3
RESPONSE 1352525 506 4 5
RESPONSE 1353526 506 4 5
RESPONSE 1354525 505 3 4
RESPONSE 1356026 4 3 3
RESPONSE 1356525 1505 2 4
RESPONSE 1357527 505 3 4
RESPONSE 1358027 4 3 3
RESPONSE 1359028 4 3 3
RESPONSE 1360030 6 4 4
RESPONSE 1362032 6 4 4
RESPONSE 1364030 1004 2 3
RESPONSE 1364535 508 3 4
RESPONSE 1365531 502 1 2
RESPONSE 1366034 6 4 4
RESPONSE 1367037 7 5 5
RESPONSE 1368033 3 2 2
RESPONSE 1368535 7510 3 10
RESPONSE 1369037 6 4 4
RESPONSE 1370035 3 2 2
RESPONSE 1371037 4 3 3
RESPONSE 1372036 3 2 2
RESPONSE 1374039 4 3 3
RESPONSE 1377542 4508 3 7
RESPONSE 1377545 1509 2 2
RESPONSE 1377548 511 4 4
RESPONSE 1378543 505 2 3
RESPONSE 1378545 3509 4 7
RESPONSE 1379041 3 2 2
RESPONSE 1380041 2 1 1
RESPONSE 1381546 506 4 5
RESPONSE 1382049 7 5 5
RESPONSE 1384045 2 1 1
RESPONSE 1384551 1508 5 7
RESPONSE 1385047 3 2 2
RESPONSE 1387047 2 1 1
RESPONSE 1387552 1507 4 6
RESPONSE 1388551 505 3 4
RESPONSE 1389054 7 5 5
RESPONSE 1390054 7 5 5
RESPONSE 1391554 506 4 5
RESPONSE 1392555 506 4 5
RESPONSE 1394053 3 2 2
RESPONSE 1395555 2505 2 5
RESPONSE 1396557 1506 3 5
RESPONSE 1397055 3 2 2
RESPONSE 1397561 1509 5 7
RESPONSE 1398559 506 4 5
RESPONSE 1399061 7 5 5
RESPONSE 1400058 3 2 2
RESPONSE 1401060 4 3 3
RESPONSE 1403059 2 1 1
RESPONSE 1403560 1504 2 4
RESPONSE 1404062 4 3 3
RESPONSE 1405562 504 2 3
RESPONSE 1406064 4 3 3
RESPONSE 1407066 6 4 4
RESPONSE 1408567 506 4 5
RESPONSE 1409069 7 5 5
RESPONSE 1413568 3506 3 6
RESPONSE 1413570 506 2 2
RESPONSE 1414569 3506 2 5
RESPONSE 1414573 508 3 4
RESPONSE 1415068 3 2 2
RESPONSE 1415570 3507 3 5
RESPONSE 1416068 2 1 1
RESPONSE 1417572 505 3 4
RESPONSE 1418071 3 2 2
RESPONSE 1419572 504 2 3
RESPONSE 1421576 1506 3 5
RESPONSE 1422075 3 2 2
RESPONSE 1422577 1506 3 5
RESPONSE 1423078 6 4 4
RESPONSE 1424079 6 4 4
RESPONSE 1425580 506 4 5
RESPONSE 1426578 504 2 3
RESPONSE 1427081 6 4 4
RESPONSE 1428578 502 1 2
RESPONSE 1429078 2 1 1
RESPONSE 1430082 4 3 3
RESPONSE 1431582 504 2 3
RESPONSE 1432584 505 3 4
RESPONSE 1433586 506 4 5
RESPONSE 1435589 1507 4 6
RESPONSE 1436087 5 3 3
RESPONSE 1436588 1506 3 5
RESPONSE 1437085 2 1 1
RESPONSE 1438589 505 3 4
RESPONSE 1439088 3 2 2
RESPONSE 1441593 1507 4 6
RESPONSE 1443593 1505 2 4
RESPONSE 1443597 508 3 3
RESPONSE 1445593 4507 2 6
RESPONSE 1446094 3 2 2
RESPONSE 1446097 1006 2 3
RESPONSE 1447595 3505 2 5
RESPONSE 1448096 3 2 2
RESPONSE 1448596 1504 2 4
RESPONSE 1449096 2 1 1
RESPONSE 1450603 508 5 6
RESPONSE 1451097 2 1 1
RESPONSE 1452100 3 2 2
RESPONSE 1454104 6 4 4
RESPONSE 1456104 1005 3 4
RESPONSE 1457605 4508 3 7
RESPONSE 1457608 1509 3 5
RESPONSE 1458107 6 4 4
RESPONSE 1459105 3 2 2
RESPONSE 1459609 2509 2 5
RESPONSE 1460105 3 2 2
RESPONSE 1462110 6 4 4
RESPONSE 1462606 1503 1 3
RESPONSE 1463609 505 3 4
RESPONSE 1464612 506 4 5
RESPONSE 1465113 7 5 5
RESPONSE 1466609 502 1 2
RESPONSE 1467113 6 4 4
RESPONSE 1468113 4 3 3
RESPONSE 1469113 4 3 3
RESPONSE 1470114 4 3 3
RESPONSE 1471115 4 3 3
RESPONSE 1472615 504 2 3
RESPONSE 1473619 506 4 5
RESPONSE 1474617 504 2 3
RESPONSE 1475117 3 2 2
RESPONSE 1476119 4 3 3
RESPONSE 1477122 6 4 4
RESPONSE 1478118 2 1 1
RESPONSE 1479120 3 2 2
RESPONSE 1480624 506 4 5
RESPONSE 1484624 3505 2 5
RESPONSE 1485128 2007 2 3
RESPONSE 1485135 13 5 5
RESPONSE 1485627 3507 4 7
RESPONSE 1485634 1513 5 7
RESPONSE 1486628 505 3 4
RESPONSE 1487129 4 3 3
RESPONSE 1488128 3 2 2
RESPONSE 1489129 3 2 2
RESPONSE 1490132 6 4 4
RESPONSE 1491133 6 4 4
RESPONSE 1492632 504 2 3
RESPONSE 1494134 4 3 3
RESPONSE 1495633 2505 2 5
RESPONSE 1496135 5 3 3
RESPONSE 1497641 2511 3 6
RESPONSE 1498639 1508 3 5
RESPONSE 1498640 508 3 4
RESPONSE 1500138 4 3 3
RESPONSE 1501137 3 2 2
RESPONSE 1501638 2505 2 5
RESPONSE 1502641 505 3 4
RESPONSE 1503140 3 2 2
RESPONSE 1504640 502 1 2
RESPONSE 1507146 1007 4 5
RESPONSE 1507147 7 3 3
RESPONSE 1508143 3 2 2
RESPONSE 1508647 3508 4 7
RESPONSE 1510143 2 1 1
RESPONSE 1511144 1 1 1
RESPONSE 1511649 2507 3 6
RESPONSE 1512150 7 5 5
RESPONSE 1514149 4 3 3
RESPONSE 1515150 4 3 3
RESPONSE 1523155 7008 4 7
RESPONSE 1523656 6509 3 4
RESPONSE 1523659 4511 2 2
RESPONSE 1523661 5514 4 5
RESPONSE 1523663 512 1 1
RESPONSE 1523667 3517 4 4
RESPONSE 1524155 3 2 2
RESPONSE 1524166 3016 4 5
RESPONSE 1525670 3520 4 7
RESPONSE 1525672 519 3 3
RESPONSE 1527652 14508 2 9
RESPONSE 1527659 1505 3 5
RESPONSE 1528155 1000 2 3
RESPONSE 1528159 4 3 3
RESPONSE 1529160 4 3 3
RESPONSE 1530160 4 2 2
RESPONSE 1532164 6 4 4
RESPONSE 1532664 1507 4 6
RESPONSE 1533667 508 5 6
RESPONSE 1534164 4 3 3
RESPONSE 1536669 1509 5 7
RESPONSE 1537667 1506 2 4
RESPONSE 1537668 506 3 4
RESPONSE 1538168 6 4 4
RESPONSE 1539168 4 3 3
RESPONSE 1540669 505 3 4
RESPONSE 1541170 6 4 4
RESPONSE 1542170 4 3 3
RESPONSE 1546672 3506 2 5
RESPONSE 1546678 1511 4 4
RESPONSE 1547174 5 2 2
RESPONSE 1547177 3010 5 7
RESPONSE 1548177 2009 2 4
RESPONSE 1549176 5 2 2
RESPONSE 1549177 1008 4 5
RESPONSE 1550675 503 2 3
RESPONSE 1551174 2 1 1
RESPONSE 1552179 6 4 4
RESPONSE 1555178 1004 2 3
RESPONSE 1555181 6 2 2
RESPONSE 1556682 3509 3 6
RESPONSE 1556684 508 4 5
RESPONSE 1558682 1506 3 5
RESPONSE 1559181 3 2 2
RESPONSE 1560184 6 4 4
RESPONSE 1561182 3 2 2
RESPONSE 1561685 3508 2 6
RESPONSE 1562184 3 2 2
RESPONSE 1563184 3 2 2
RESPONSE 1564690 508 5 6
RESPONSE 1565186 3 2 2
RESPONSE 1566189 5 3 3
RESPONSE 1567189 5 3 3
RESPONSE 1569189 3 2 2
RESPONSE 1569689 1504 2 4
RESPONSE 1574193 3005 3 5
RESPONSE 1577691 5503 1 3
RESPONSE 1577698 3509 2 2
RESPONSE 1577698 7512 3 7
RESPONSE 1577702 4513 3 5
RESPONSE 1577703 512 3 3
RESPONSE 1578194 3 2 2
RESPONSE 1578202 2012 3 4
RESPONSE 1579197 4 3 3
RESPONSE 1580196 3 2 2
RESPONSE 1582201 1007 4 5
RESPONSE 1583206 11 2 2
RESPONSE 1583207 8018 4 9
RESPONSE 1584202 6 4 4
RESPONSE 1584704 2510 2 5
RESPONSE 1586203 6 4 4
RESPONSE 1586704 1507 4 6
RESPONSE 1587202 4 3 3
RESPONSE 1588701 502 1 2
RESPONSE 1589204 4 3 3
RESPONSE 1590203 3 2 2
RESPONSE 1592206 4 3 3
RESPONSE 1595707 4506 2 6
RESPONSE 1595711 507 3 3
RESPONSE 1596209 3006 3 5
RESPONSE 1596710 506 3 4
RESPONSE 1597209 4 3 3
RESPONSE 1598211 4 3 3
RESPONSE 1599211 4 3 3
RESPONSE 1600212 4 3 3
RESPONSE 1600216 6012 4 8
RESPONSE 1601213 4 3 3
RESPONSE 1605718 3509 4 7
RESPONSE 1605719 507 2 2
RESPONSE 1606216 3 2 2
RESPONSE 1607220 3009 2 4
RESPONSE 1607224 10 3 3
RESPONSE 1607717 4507 3 7
RESPONSE 1608220 6 4 4
RESPONSE 1610722 1507 4 6
RESPONSE 1611724 1508 4 6
RESPONSE 1612222 4 3 3
RESPONSE 1612723 1506 3 5
RESPONSE 1614220 2 1 1
RESPONSE 1617724 4506 2 6
RESPONSE 1617728 1508 2 2
RESPONSE 1617730 509 3 3
RESPONSE 1618226 3006 3 5
RESPONSE 1618229 8 5 5
RESPONSE 1619225 3 2 2
RESPONSE 1620225 3 2 2
RESPONSE 1621728 505 3 4
RESPONSE 1622228 4 3 3
RESPONSE 1623229 4 3 3
RESPONSE 1624227 2 1 1
RESPONSE 1626231 5 3 3
RESPONSE 1626732 1506 3 5
RESPONSE 1627233 6 4 4
RESPONSE 1628234 6 4 4
RESPONSE 1629735 506 4 5
RESPONSE 1630232 3 2 2
RESPONSE 1631734 504 2 3
RESPONSE 1632235 4 3 3
RESPONSE 1634237 4 3 3
RESPONSE 1635740 2508 4 7
RESPONSE 1636240 6 4 4
RESPONSE 1637242 7 5 5
RESPONSE 1638238 3 2 2
RESPONSE 1639740 4506 2 7
RESPONSE 1640240 3 2 2
RESPONSE 1642243 1005 3 4
RESPONSE 1642244 6 2 2
RESPONSE 1643242 3 2 2
RESPONSE 1644243 3 2 2
RESPONSE 1644746 5510 4 9
RESPONSE 1646244 3 2 2
RESPONSE 1647750 2509 5 8
RESPONSE 1648248 5 2 2
RESPONSE 1648249 1007 4 5
RESPONSE 1649748 505 3 4
RESPONSE 1650749 505 3 4
RESPONSE 1651251 6 4 4
RESPONSE 1653753 1507 4 6
RESPONSE 1654754 507 4 5
RESPONSE 1655753 505 2 3
RESPONSE 1655755 2509 4 7
RESPONSE 1656751 502 1 2
RESPONSE 1657255 6 4 4
RESPONSE 1658756 506 4 5
RESPONSE 1660756 1506 3 5
RESPONSE 1661756 1505 2 4
RESPONSE 1662755 1503 1 3
RESPONSE 1663757 1505 2 4
RESPONSE 1664259 4 3 3
RESPONSE 1664758 1504 2 4
RESPONSE 1665761 505 3 4
RESPONSE 1667265 7 5 5
RESPONSE 1667761 1504 2 4
RESPONSE 1668762 504 2 3
RESPONSE 1669265 6 4 4
RESPONSE 1670263 3 2 2
RESPONSE 1671268 7 5 5
RESPONSE 1672266 5 3 3
RESPONSE 1673767 505 3 4
RESPONSE 1674771 508 5 6
RESPONSE 1675768 505 3 4
RESPONSE 1676770 506 4 5
RESPONSE 1677271 6 4 4
RESPONSE 1678269 3 2 2
RESPONSE 1679273 7 5 5
RESPONSE 1681771 1504 2 4
RESPONSE 1682272 1004 2 3
RESPONSE 1682774 506 3 4
RESPONSE 1684272 2 1 1
RESPONSE 1685276 6 4 4
RESPONSE 1686276 5 3 3
RESPONSE 1686775 3506 2 6
RESPONSE 1687278 5 3 3
RESPONSE 1689781 1507 4 6
RESPONSE 1690279 1004 2 3
RESPONSE 1691281 4 3 3
RESPONSE 1692284 7 5 5
RESPONSE 1692784 2509 4 7
RESPONSE 1693280 3 2 2
RESPONSE 1694284 6 4 4
RESPONSE 1695784 505 3 4
RESPONSE 1696283 3 2 2
RESPONSE 1697285 4 3 3
RESPONSE 1698287 6 4 4
RESPONSE 1699286 5 3 3
RESPONSE 1700789 506 4 5
RESPONSE 1701289 6 4 4
RESPONSE 1702286 2 1 1
RESPONSE 1703790 505 3 4
RESPONSE 1704290 5 3 3
RESPONSE 1705292 6 4 4
RESPONSE 1706292 5 3 3
RESPONSE 1707289 2 1 1
RESPONSE 1708291 3 2 2
RESPONSE 1713297 3007 4 6
RESPONSE 1713300 1008 4 4
RESPONSE 1716795 5505 2 4
RESPONSE 1716800 7511 3 7
RESPONSE 1716803 1510 2 2
RESPONSE 1716806 513 4 4
RESPONSE 1717302 3011 4 5
RESPONSE 1717800 506 3 4
RESPONSE 1718302 7 5 5
RESPONSE 1720302 1006 4 5
RESPONSE 1720803 507 3 4
RESPONSE 1721311 8019 3 9
RESPONSE 1721802 505 3 4
RESPONSE 1722305 7 5 5
RESPONSE 1723805 507 4 5
RESPONSE 1724306 6 4 4
RESPONSE 1725804 504 2 3
RESPONSE 1726808 506 4 5
RESPONSE 1727308 6 4 4
RESPONSE 1728306 3 2 2
RESPONSE 1730309 4 3 3
RESPONSE 1730808 1504 2 4
RESPONSE 1731311 6 4 4
RESPONSE 1735814 3508 4 7
RESPONSE 1735818 1511 5 5
RESPONSE 1736312 3006 3 5
RESPONSE 1736314 5 3 3
RESPONSE 1737318 2010 4 6
RESPONSE 1738313 3 1 1
RESPONSE 1738316 1007 4 5
RESPONSE 1739816 505 3 4
RESPONSE 1741318 6 4 4
RESPONSE 1741818 1507 3 5
RESPONSE 1743321 7 5 5
RESPONSE 1743819 1506 3 5
RESPONSE 1744818 504 2 3
RESPONSE 1745320 4 3 3
RESPONSE 1747320 3 2 2
RESPONSE 1748821 2505 2 5
RESPONSE 1749323 1005 3 4
RESPONSE 1749824 506 3 4
RESPONSE 1757826 7506 2 6
RESPONSE 1757829 4508 2 2
RESPONSE 1757835 2512 4 4
RESPONSE 1759337 3013 2 3
RESPONSE 1759341 8021 3 7
RESPONSE 1759829 5506 3 5
RESPONSE 1759831 506 3 3
RESPONSE 1760843 2518 2 3
RESPONSE 1760848 8527 2 6
RESPONSE 1760849 523 3 3
RESPONSE 1764837 3510 4 7
RESPONSE 1764838 2510 3 3
RESPONSE 1764841 512 3 3
RESPONSE 1766348 1018 2 3
RESPONSE 1766352 22 3 3
RESPONSE 1767336 10011 2 10
RESPONSE 1767341 10 4 4
RESPONSE 1767854 4525 4 8
RESPONSE 1768837 505 3 4
RESPONSE 1769336 3 2 2
RESPONSE 1770842 508 5 6
RESPONSE 1773342 1006 4 5
RESPONSE 1773344 8 4 4
RESPONSE 1774839 3505 2 5
RESPONSE 1775842 1506 2 4
RESPONSE 1775844 506 3 4
RESPONSE 1776843 505 3 4
RESPONSE 1777842 504 2 3
RESPONSE 1778345 4 3 3
RESPONSE 1779848 506 4 5
RESPONSE 1782348 1005 3 4
RESPONSE 1782350 7 3 3
RESPONSE 1783350 6 4 4
RESPONSE 1783850 3508 4 7
RESPONSE 1784352 7 5 5
RESPONSE 1785852 506 4 5
RESPONSE 1787352 5 3 3
RESPONSE 1794854 8507 2 7
RESPONSE 1794859 4510 4 4
RESPONSE 1795858 3507 2 3
RESPONSE 1795859 4508 4 5
RESPONSE 1796363 8015 3 8
RESPONSE 1796366 7018 2 4
RESPONSE 1796367 2015 3 4
RESPONSE 1796872 1519 4 5
RESPONSE 1796873 519 3 4
RESPONSE 1797865 4514 4 7
RESPONSE 1798361 6 4 4
RESPONSE 1798864 1509 5 7
RESPONSE 1799861 505 3 4
RESPONSE 1800360 3 2 2
RESPONSE 1801360 3 2 2
RESPONSE 1802362 4 3 3
RESPONSE 1806866 3507 2 5
RESPONSE 1807370 8 1 1
RESPONSE 1807371 2011 4 5
RESPONSE 1807866 3507 2 5
RESPONSE 1808368 6 4 4
RESPONSE 1809369 6 4 4
RESPONSE 1809876 3515 4 8
RESPONSE 1810369 6 4 4
RESPONSE 1811369 4 3 3
RESPONSE 1812869 504 2 3
RESPONSE 1813372 6 4 4
RESPONSE 1815375 7 5 5
RESPONSE 1815871 1504 2 4
RESPONSE 1816873 505 3 4
RESPONSE 1817372 3 2 2
RESPONSE 1818373 3 2 2
RESPONSE 1819378 7 5 5
RESPONSE 1820877 506 4 5
RESPONSE 1821377 5 3 3
RESPONSE 1822376 3 2 2
RESPONSE 1823876 502 1 2
RESPONSE 1824379 5 3 3
RESPONSE 1826882 1507 4 6
RESPONSE 1827380 3 2 2
RESPONSE 1828383 6 4 4
RESPONSE 1829384 7 4 4
RESPONSE 1830884 4509 2 7
RESPONSE 1831384 5 3 3
RESPONSE 1832384 4 3 3
RESPONSE 1832886 2508 4 7
RESPONSE 1833385 4 3 3
RESPONSE 1835887 1506 3 5
RESPONSE 1836386 4 2 2
RESPONSE 1838388 1004 2 3
RESPONSE 1838894 510 4 5
RESPONSE 1839388 3 2 2
RESPONSE 1847894 7508 3 7
RESPONSE 1849398 7010 2 3
RESPONSE 1849402 8016 3 5
RESPONSE 1849403 6015 3 3
RESPONSE 1849406 3016 2 2
RESPONSE 1849411 1019 3 3
RESPONSE 1852913 3520 2 3
RESPONSE 1852917 17535 3 12
RESPONSE 1852918 7528 1 3
RESPONSE 1852920 2527 3 3
RESPONSE 1852923 1529 2 2
RESPONSE 1852924 528 2 2
RESPONSE 1854399 1003 5 6
RESPONSE 1854901 7510 2 5
RESPONSE 1855903 505 3 4
RESPONSE 1856904 2507 2 5
RESPONSE 1856904 12516 3 9
RESPONSE 1856911 513 5 6
RESPONSE 1857906 506 4 5
RESPONSE 1858408 7 5 5
RESPONSE 1859407 6 4 4
RESPONSE 1860909 506 4 5
RESPONSE 1861407 4 3 3
RESPONSE 1863910 1506 3 5
RESPONSE 1864409 1004 2 3
RESPONSE 1866411 1005 3 4
RESPONSE 1866414 7 3 3
RESPONSE 1868916 1509 4 6
RESPONSE 1868917 4512 4 8
RESPONSE 1869419 1011 4 5
RESPONSE 1870414 1005 3 5
RESPONSE 1870915 505 3 4
RESPONSE 1871915 505 3 4
RESPONSE 1872916 505 3 4
RESPONSE 1874916 1504 2 4
RESPONSE 1875417 3 2 2
RESPONSE 1876418 4 3 3
RESPONSE 1876916 2504 1 4
RESPONSE 1877418 3 2 2
RESPONSE 1879923 1507 4 6
RESPONSE 1880420 1004 2 3
RESPONSE 1881421 3 2 2
RESPONSE 1882926 2509 4 7
RESPONSE 1883424 1006 3 4
RESPONSE 1883427 7 4 4
RESPONSE 1884424 4 3 3
RESPONSE 1886926 1506 3 5
RESPONSE 1887426 1005 2 3
RESPONSE 1887431 9 5 5
RESPONSE 1888427 4 3 3
RESPONSE 1896931 7508 2 6
RESPONSE 1897929 5503 1 2
RESPONSE 1897935 4509 4 4
RESPONSE 1897938 3511 3 3
RESPONSE 1897940 2512 4 4
RESPONSE 1897943 513 3 3
RESPONSE 1897944 1515 4 4
RESPONSE 1898436 7011 2 4
RESPONSE 1898437 8013 5 10
RESPONSE 1900435 1004 2 3
RESPONSE 1900436 4 1 1
RESPONSE 1901941 3510 4 7
RESPONSE 1902941 1508 4 6
RESPONSE 1903438 4 3 3
RESPONSE 1903938 1505 2 4
RESPONSE 1904438 3 2 2
RESPONSE 1905442 6 4 4
RESPONSE 1907442 5 3 3
RESPONSE 1909443 1005 3 4
RESPONSE 1909445 5 2 2
RESPONSE 1911947 1507 3 5
RESPONSE 1911953 512 5 5
RESPONSE 1913949 7512 3 9
RESPONSE 1913950 1508 4 6
RESPONSE 1915950 1507 4 6
RESPONSE 1915951 508 3 3
RESPONSE 1916949 505 3 4
RESPONSE 1917449 4 3 3
RESPONSE 1918450 4 3 3
RESPONSE 1918956 5514 3 8
RESPONSE 1921455 1008 5 6
RESPONSE 1922952 3505 2 5
RESPONSE 1922959 1511 5 7
RESPONSE 1923954 505 3 4
RESPONSE 1924454 4 3 3
RESPONSE 1924457 2009 3 6
RESPONSE 1925958 506 4 5
RESPONSE 1926460 6 4 4
RESPONSE 1935461 7006 3 6
RESPONSE 1935465 6009 3 3
RESPONSE 1935469 4012 4 4
RESPONSE 1935474 2015 4 4
RESPONSE 1935475 1015 4 4
RESPONSE 1935975 5519 3 4
RESPONSE 1935977 3519 2 3
RESPONSE 1935979 519 3 4
RESPONSE 1936465 4 3 3
RESPONSE 1937969 508 5 6
RESPONSE 1939968 1506 3 5
RESPONSE 1939971 507 3 3
RESPONSE 1940963 13508 3 9
RESPONSE 1941472 6 4 4
RESPONSE 1943468 1002 1 2
RESPONSE 1943473 6 3 3
RESPONSE 1944974 507 4 5
RESPONSE 1945473 4 3 3
RESPONSE 1945973 5508 3 8
RESPONSE 1946471 2 1 1
RESPONSE 1948974 1504 2 4
RESPONSE 1949477 1007 4 5
RESPONSE 1952979 3507 3 6
RESPONSE 1953978 1505 2 3
RESPONSE 1954485 1010 4 5
RESPONSE 1954488 13 4 4
RESPONSE 1954987 3514 4 7
RESPONSE 1955477 2 1 1
RESPONSE 1955486 5014 4 9
RESPONSE 1956982 506 3 4
RESPONSE 1957482 4 3 3
RESPONSE 1958482 4 3 3
RESPONSE 1960983 1504 2 4
RESPONSE 1961487 1008 5 6
RESPONSE 1962485 4 3 3
RESPONSE 1963988 2508 3 6
RESPONSE 1964485 3 1 1
RESPONSE 1964487 1005 2 3
RESPONSE 1965486 3 2 2
RESPONSE 1966989 505 3 4
RESPONSE 1967489 4 3 3
RESPONSE 1969991 1506 3 5
RESPONSE 1970490 3 2 2
RESPONSE 1971991 2505 2 5
RESPONSE 1972495 1008 4 5
RESPONSE 1972496 8 4 4
RESPONSE 1973994 505 3 4
RESPONSE 1976493 1002 1 2
RESPONSE 1976997 506 2 3
RESPONSE 1977997 3507 3 6
RESPONSE 1978497 4 3 3
RESPONSE 1979000 1508 4 6
RESPONSE 1979497 4 3 3
RESPONSE 1980498 4 3 3
RESPONSE 1981501 6 4 4
RESPONSE 1983000 505 3 4
RESPONSE 1983498 2 1 1
RESPONSE 1986003 1506 3 5
RESPONSE 1986503 1005 2 3
RESPONSE 1986504 5 2 2
RESPONSE 1987504 5 3 3
RESPONSE 1988504 4 3 3
RESPONSE 1989506 6 4 4
RESPONSE 2003509 12007 2 6
RESPONSE 2003512 10009 1 1
RESPONSE 2003515 11013 3 3
RESPONSE 2003521 9016 3 3
RESPONSE 2003522 6015 3 3
RESPONSE 2003525 5018 2 2
RESPONSE 2003527 2018 4 4
RESPONSE 2003529 1019 2 2
RESPONSE 2003532 22 4 4
RESPONSE 2004023 8518 2 3
RESPONSE 2004029 4521 3 4
RESPONSE 2004031 3523 4 5
RESPONSE 2005017 8511 4 6
RESPONSE 2005018 508 3 4
RESPONSE 2006017 506 4 5
RESPONSE 2006518 6 4 4
RESPONSE 2008020 507 4 5
RESPONSE 2010014 19512 4 13
RESPONSE 2010515 1000 3 4
RESPONSE 2010522 2007 3 6
RESPONSE 2014523 3008 4 6
RESPONSE 2014526 1009 3 3
RESPONSE 2014527 10 2 2
RESPONSE 2016024 3508 2 4
RESPONSE 2016030 511 4 4
RESPONSE 2017025 505 3 4
RESPONSE 2017526 6 4 4
RESPONSE 2018022 7506 2 6
RESPONSE 2019526 4 3 3
RESPONSE 2020026 1506 3 5
RESPONSE 2020526 4 3 3
RESPONSE 2021529 6 4 4
RESPONSE 2024028 1504 2 4
RESPONSE 2025029 1505 2 4
RESPONSE 2029033 4508 2 6
RESPONSE 2029035 3509 4 7
RESPONSE 2029538 3011 3 4
RESPONSE 2029543 1015 5 6
RESPONSE 2030043 2516 4 6
RESPONSE 2030535 5 3 3
RESPONSE 2030535 1007 3 5
RESPONSE 2032533 2 1 1
RESPONSE 2033036 1506 3 5
RESPONSE 2033537 6 4 4
RESPONSE 2035036 504 2 3
RESPONSE 2037039 1506 3 5
RESPONSE 2037539 1005 3 4
RESPONSE 2045041 7506 1 5
RESPONSE 2045047 5511 3 3
RESPONSE 2045543 7007 3 6
RESPONSE 2045545 1006 3 3
RESPONSE 2046048 4510 4 5
RESPONSE 2046548 4010 1 3
RESPONSE 2046556 6019 5 7
RESPONSE 2047057 1517 3 5
RESPONSE 2047058 517 2 3
RESPONSE 2048048 506 4 5
RESPONSE 2052047 3504 1 4
RESPONSE 2052052 1508 3 3
RESPONSE 2052055 510 3 3
RESPONSE 2053051 3508 3 4
RESPONSE 2053549 3 2 2
RESPONSE 2053558 1012 5 7
RESPONSE 2055054 507 4 5
RESPONSE 2055551 3 2 2
RESPONSE 2055556 12017 2 10
RESPONSE 2060555 3006 2 4
RESPONSE 2060558 1007 2 2
RESPONSE 2061061 2511 2 3
RESPONSE 2061065 513 3 4
RESPONSE 2063055 1503 1 3
RESPONSE 2063061 508 3 3
RESPONSE 2064057 7508 3 7
RESPONSE 2064560 6 4 4
RESPONSE 2065058 1504 2 4
RESPONSE 2067059 1504 2 4
RESPONSE 2068062 505 3 4
RESPONSE 2068560 3 2 2
RESPONSE 2070062 3507 2 6
RESPONSE 2070562 3 2 2
RESPONSE 2071065 1507 4 6
RESPONSE 2071564 4 3 3
RESPONSE 2074066 1506 3 5
RESPONSE 2074565 1004 2 3
RESPONSE 2075565 3 2 2
RESPONSE 2076068 1506 2 4
RESPONSE 2077069 506 3 4
RESPONSE 2077565 2 1 1
RESPONSE 2078567 3 2 2
RESPONSE 2080570 4 3 3
RESPONSE 2081071 1506 3 5
RESPONSE 2082071 505 3 4
RESPONSE 2083074 506 4 5
RESPONSE 2083572 4 3 3
RESPONSE 2084575 6 4 4
RESPONSE 2085574 4 3 3
RESPONSE 2090079 3509 4 7
RESPONSE 2090082 1510 4 4
RESPONSE 2090579 6 4 4
RESPONSE 2090580 1008 2 3
RESPONSE 2091079 3508 4 7
RESPONSE 2092578 3 2 2
RESPONSE 2094081 2507 3 6
RESPONSE 2094578 2 1 1
RESPONSE 2095081 1506 3 5
RESPONSE 2095582 5 4 4
RESPONSE 2096586 7 5 5
RESPONSE 2098084 505 3 4
RESPONSE 2099086 506 4 5
RESPONSE 2100586 4 3 3
RESPONSE 2101086 1506 3 5
RESPONSE 2103089 1507 4 6
RESPONSE 2103591 7 3 3
RESPONSE 2103591 1008 4 5
RESPONSE 2104590 4 3 3
RESPONSE 2106090 504 2 3
RESPONSE 2106589 2 1 1
RESPONSE 2107595 8 5 5
RESPONSE 2108593 4 3 3
RESPONSE 2109592 3 2 2
RESPONSE 2110596 6 4 4
RESPONSE 2112093 502 1 2
RESPONSE 2113097 505 3 4
RESPONSE 2114098 505 3 4
RESPONSE 2114599 6 4 4
RESPONSE 2119601 3005 2 4
RESPONSE 2119604 2008 2 2
RESPONSE 2119610 12 4 4
RESPONSE 2120108 1511 4 5
RESPONSE 2123103 7509 3 7
RESPONSE 2123106 506 2 2
RESPONSE 2123107 1508 3 3
RESPONSE 2123606 6 4 4
RESPONSE 2124105 3507 4 7
RESPONSE 2124604 3 2 2
RESPONSE 2125605 3 2 2
RESPONSE 2127106 504 2 3
RESPONSE 2128108 505 3 4
RESPONSE 2129109 505 3 4
RESPONSE 2130109 504 2 3
RESPONSE 2130611 6 4 4
RESPONSE 2131611 5 3 3
RESPONSE 2133112 505 3 4
RESPONSE 2133611 3 2 2
RESPONSE 2136613 1004 2 3
RESPONSE 2136616 6 2 2
RESPONSE 2137617 6 4 4
RESPONSE 2138115 3507 3 6
RESPONSE 2139118 506 4 5
RESPONSE 2139615 3 2 2
RESPONSE 2140618 6 4 4
RESPONSE 2143621 1006 4 5
RESPONSE 2144121 506 2 3
RESPONSE 2146124 508 3 3
RESPONSE 2146125 4512 5 9
RESPONSE 2146621 4 3 3
RESPONSE 2147621 3 2 2
RESPONSE 2148623 4 3 3
RESPONSE 2149624 4 3 3
RESPONSE 2150125 5510 3 8
RESPONSE 2150624 4 3 3
RESPONSE 2151624 3 2 2
RESPONSE 2152627 6 4 4
RESPONSE 2154129 506 4 5
RESPONSE 2155130 507 4 5
RESPONSE 2156632 7 5 5
RESPONSE 2160130 4506 2 6
RESPONSE 2160629 3004 2 4
RESPONSE 2160633 6 3 3
RESPONSE 2162138 3512 2 5
RESPONSE 2162139 2512 2 5
RESPONSE 2162143 516 4 4
RESPONSE 2164135 1507 4 6
RESPONSE 2164636 1008 3 4
RESPONSE 2164637 7 3 3
RESPONSE 2165633 2 1 1
RESPONSE 2166635 3 2 2
RESPONSE 2169140 1507 4 6
RESPONSE 2169636 1003 1 2
RESPONSE 2170140 506 3 4
RESPONSE 2170639 4 3 3
RESPONSE 2172641 4 3 3
RESPONSE 2173141 1506 3 5
RESPONSE 2173643 6 4 4
RESPONSE 2175143 505 3 4
RESPONSE 2175644 6 4 4
RESPONSE 2176643 4 3 3
RESPONSE 2177646 6 4 4
RESPONSE 2178647 7 5 5
RESPONSE 2180146 505 3 4
RESPONSE 2180646 4 3 3
RESPONSE 2181645 2 1 1
RESPONSE 2182647 3 2 2
RESPONSE 2184651 6 4 4
RESPONSE 2186653 1008 5 6
RESPONSE 2187156 509 4 5
RESPONSE 2188152 4508 3 7
RESPONSE 2188154 506 3 4
RESPONSE 2188652 3 2 2
RESPONSE 2190153 504 2 3
RESPONSE 2191158 508 5 6
RESPONSE 2193654 1002 1 2
RESPONSE 2193659 6 3 3
RESPONSE 2194659 4 3 3
RESPONSE 2198661 3006 3 5
RESPONSE 2198664 2008 2 2
RESPONSE 2198665 1008 2 2
RESPONSE 2199167 510 2 3
RESPONSE 2200165 508 5 6
RESPONSE 2200660 3 2 2
RESPONSE 2202161 10510 4 10
RESPONSE 2202662 3 2 2
RESPONSE 2203663 3 2 2
RESPONSE 2204166 2507 3 6
RESPONSE 2204666 6 4 4
RESPONSE 2206166 505 3 4
RESPONSE 2206664 2 1 1
RESPONSE 2208168 505 3 4
RESPONSE 2209168 505 3 4
RESPONSE 2210169 505 3 4
RESPONSE 2211669 3 2 2
RESPONSE 2213668 1002 1 2
RESPONSE 2214174 507 3 4
RESPONSE 2216675 6010 4 10
RESPONSE 2216678 1009 3 3
RESPONSE 2216679 9 3 3
RESPONSE 2219176 4508 3 7
RESPONSE 2219180 509 4 4
RESPONSE 2221176 3506 3 6
RESPONSE 2223179 3508 2 5
RESPONSE 2223180 1507 3 4
RESPONSE 2223183 2511 3 5
RESPONSE 2224687 2013 4 6
RESPONSE 2228192 3517 4 7
RESPONSE 2228197 2521 4 4
RESPONSE 2228198 1521 4 4
RESPONSE 2229180 1503 1 2
RESPONSE 2229186 5511 2 8
RESPONSE 2230184 505 2 3
RESPONSE 2230185 1507 3 5
RESPONSE 2230683 3 2 2
RESPONSE 2231686 4 3 3
RESPONSE 2234689 1006 4 5
RESPONSE 2237191 4509 4 8
RESPONSE 2237192 1508 3 3
RESPONSE 2239192 2508 1 3
RESPONSE 2239199 1513 3 5
RESPONSE 2239200 514 4 4
RESPONSE 2239691 4 3 3
RESPONSE 2241193 505 3 4
RESPONSE 2241694 7011 2 7
RESPONSE 2241695 7 4 4
RESPONSE 2243196 506 4 5
RESPONSE 2244195 505 3 4
RESPONSE 2246698 6 2 2
RESPONSE 2246698 1007 4 5
RESPONSE 2248197 504 2 3
RESPONSE 2248696 3 2 2
RESPONSE 2250700 1006 4 5
RESPONSE 2252200 7509 3 9
RESPONSE 2264708 13012 3 8
RESPONSE 2264712 11015 2 2
RESPONSE 2264715 12018 5 5
RESPONSE 2268217 11518 2 3
RESPONSE 2268223 12524 2 4
RESPONSE 2268224 13526 4 6
RESPONSE 2268228 7526 2 2
RESPONSE 2268229 8528 3 3
RESPONSE 2268233 6530 3 3
RESPONSE 2268237 5534 4 4
RESPONSE 2268238 4534 4 4
RESPONSE 2268713 4 3 3
RESPONSE 2268739 11039 2 4
RESPONSE 2269244 1537 3 4
RESPONSE 2269248 10547 4 6
RESPONSE 2269250 3544 2 4
RESPONSE 2269251 4546 4 6
RESPONSE 2269714 4 3 3
RESPONSE 2269747 19052 3 11
RESPONSE 2270208 3502 2 5
RESPONSE 2271715 3 2 2
RESPONSE 2272219 1508 5 7
RESPONSE 2273717 4 3 3
RESPONSE 2274718 4 3 3
RESPONSE 2276219 3507 3 7
RESPONSE 2276721 1006 3 4
RESPONSE 2276722 7 4 4
RESPONSE 2278721 4 3 3
RESPONSE 2279723 6 4 4
RESPONSE 2280221 2505 2 5
RESPONSE 2280721 3 2 2
RESPONSE 2281723 4 3 3
RESPONSE 2283224 504 2 3
RESPONSE 2283723 2 1 1
RESPONSE 2284725 3 2 2
RESPONSE 2286229 506 4 5
RESPONSE 2286728 5 3 3
RESPONSE 2287727 3 2 2
RESPONSE 2289731 6 4 4
RESPONSE 2290230 1505 2 4
RESPONSE 2290731 4 3 3
RESPONSE 2293235 1507 4 6
RESPONSE 2293735 1006 3 4
RESPONSE 2293737 7 4 4
RESPONSE 2294735 4 3 3
RESPONSE 2297238 1507 4 6
RESPONSE 2297738 4 3 3
RESPONSE 2298739 4 3 3
RESPONSE 2299240 2508 3 6
RESPONSE 2300238 504 2 3
RESPONSE 2300740 4 3 3
RESPONSE 2301743 6 4 4
RESPONSE 2302741 4 3 3
RESPONSE 2304240 502 1 2
RESPONSE 2304743 4 3 3
RESPONSE 2305745 6 4 4
RESPONSE 2308246 1506 3 5
RESPONSE 2309248 1507 3 5
RESPONSE 2309249 508 4 5
RESPONSE 2310750 7 5 5
RESPONSE 2312249 2506 3 6
RESPONSE 2312749 1005 3 4
RESPONSE 2313250 506 3 4
RESPONSE 2314750 4 3 3
RESPONSE 2315252 1507 4 6
RESPONSE 2315752 6 4 4
RESPONSE 2317251 504 2 3
RESPONSE 2321257 3509 5 8
RESPONSE 2322255 1505 2 3
RESPONSE 2322257 3509 1 4
RESPONSE 2323257 1506 3 4
RESPONSE 2323757 4 3 3
RESPONSE 2323760 4010 2 5
RESPONSE 2325258 505 3 4
RESPONSE 2325757 3 2 2
RESPONSE 2327758 1004 2 3
RESPONSE 2327763 7 3 3
RESPONSE 2328762 6 4 4
RESPONSE 2329762 6 4 4
RESPONSE 2330763 6 4 4
RESPONSE 2330764 8012 1 9
RESPONSE 2332764 5 3 3
RESPONSE 2333265 1507 4 6
RESPONSE 2334265 505 3 4
RESPONSE 2335264 503 2 3
RESPONSE 2336266 503 2 3
RESPONSE 2344270 7507 3 7
RESPONSE 2344273 5509 3 3
RESPONSE 2344276 2510 3 3
RESPONSE 2344282 1514 4 4
RESPONSE 2344282 514 4 4
RESPONSE 2344770 7006 3 6
RESPONSE 2344772 3 2 2
RESPONSE 2345279 4514 5 7
RESPONSE 2345775 6 4 4
RESPONSE 2346275 6510 2 5
RESPONSE 2347276 505 3 4
RESPONSE 2347776 5 4 4
RESPONSE 2350279 1507 4 6
RESPONSE 2351278 505 3 4
RESPONSE 2351779 5 4 4
RESPONSE 2352779 4 3 3
RESPONSE 2354279 4506 2 7
RESPONSE 2354779 3 2 2
RESPONSE 2362284 8509 2 7
RESPONSE 2362285 4507 1 1
RESPONSE 2362291 2511 3 3
RESPONSE 2362796 6019 4 5
RESPONSE 2362799 4020 4 5
RESPONSE 2363286 7510 4 8
RESPONSE 2364300 3520 2 5
RESPONSE 2364305 522 3 3
RESPONSE 2366290 1507 3 4
RESPONSE 2366291 4510 1 6
RESPONSE 2366293 509 3 3
RESPONSE 2373801 11019 2 8
RESPONSE 2373806 6020 3 3
RESPONSE 2373806 4019 1 1
RESPONSE 2373811 1021 2 2
RESPONSE 2374293 7508 3 7
RESPONSE 2374312 5525 3 4
RESPONSE 2374312 3525 1 2
RESPONSE 2374315 2527 3 4
RESPONSE 2374316 527 3 4
RESPONSE 2376298 1508 4 6
RESPONSE 2377296 504 2 3
RESPONSE 2377796 3 2 2
RESPONSE 2379301 3510 5 9
RESPONSE 2379796 1003 1 2
RESPONSE 2380802 7 5 5
RESPONSE 2381303 1509 4 6
RESPONSE 2381800 4 3 3
RESPONSE 2382799 3 2 2
RESPONSE 2383803 6 4 4
RESPONSE 2384804 6 4 4
RESPONSE 2385806 7 5 5
RESPONSE 2388306 1507 4 6
RESPONSE 2389305 504 1 2
RESPONSE 2389306 1506 3 5
RESPONSE 2389807 6 4 4
RESPONSE 2391806 3 2 2
RESPONSE 2393809 1005 3 4
RESPONSE 2398314 7512 4 10
RESPONSE 2398315 2509 3 3
RESPONSE 2398316 509 1 1
RESPONSE 2398317 1511 2 2
RESPONSE 2398814 6 4 4
RESPONSE 2399817 5012 4 6
RESPONSE 2399819 10 3 3
RESPONSE 2401316 7511 3 7
RESPONSE 2401814 4 3 3
RESPONSE 2402815 4 3 3
RESPONSE 2404317 3507 3 7
RESPONSE 2405319 507 3 4
RESPONSE 2405320 1508 4 6
RESPONSE 2405817 4 3 3
RESPONSE 2407818 4 2 2
RESPONSE 2409321 2507 3 6
RESPONSE 2409820 1005 2 3
RESPONSE 2409823 7 4 4
RESPONSE 2410820 3 2 2
RESPONSE 2412321 504 2 3
RESPONSE 2414325 1507 4 6
RESPONSE 2414826 6 4 4
RESPONSE 2415325 1506 3 5
RESPONSE 2415826 6 4 4
RESPONSE 2417829 6 4 4
RESPONSE 2421831 3007 4 6
RESPONSE 2422335 2510 4 5
RESPONSE 2422336 1510 3 4
RESPONSE 2422828 3 2 2
RESPONSE 2423837 2012 3 5
RESPONSE 2423840 14 3 3
RESPONSE 2426834 10012 4 11
RESPONSE 2426837 9 4 4
RESPONSE 2427337 1509 4 5
RESPONSE 2427834 4 3 3
RESPONSE 2428335 3508 3 6
RESPONSE 2428833 3 2 2
RESPONSE 2437339 7508 3 7
RESPONSE 2437842 6009 3 4
RESPONSE 2437847 4013 4 4
RESPONSE 2437849 2014 4 4
RESPONSE 2437853 16 4 4
RESPONSE 2438341 7510 4 8
RESPONSE 2438350 3516 2 3
RESPONSE 2438352 1516 2 3
RESPONSE 2439349 6516 3 6
RESPONSE 2439845 6 4 4
RESPONSE 2443344 4507 2 6
RESPONSE 2443350 1510 4 4
RESPONSE 2443848 3008 4 6
RESPONSE 2443849 7 4 4
RESPONSE 2444846 4 3 3
RESPONSE 2444851 2009 3 5
RESPONSE 2446848 4 3 3
RESPONSE 2447847 3 2 2
RESPONSE 2449350 3507 3 7
RESPONSE 2449850 1006 3 4
RESPONSE 2449851 6 3 3
RESPONSE 2452351 1505 2 4
RESPONSE 2452852 1005 2 3
RESPONSE 2452855 7 4 4
RESPONSE 2453852 3 2 2
RESPONSE 2454856 6 4 4
RESPONSE 2456854 3 2 2
RESPONSE 2457355 1504 2 4
RESPONSE 2457856 4 3 3
RESPONSE 2458859 6 4 4
RESPONSE 2461358 1504 2 4
RESPONSE 2462360 1505 2 4
RESPONSE 2462361 506 2 3
RESPONSE 2462858 2 1 1
RESPONSE 2463863 6 4 4
RESPONSE 2465362 504 2 3
RESPONSE 2465862 3 2 2
RESPONSE 2466864 5 3 3
RESPONSE 2469866 1005 3 4
RESPONSE 2471366 3505 2 5
RESPONSE 2471870 1008 3 4
RESPONSE 2471873 10 3 3
RESPONSE 2472370 2508 2 5
RESPONSE 2473369 505 3 4
RESPONSE 2475369 1504 2 4
RESPONSE 2477373 1507 3 5
RESPONSE 2479375 2508 3 5
RESPONSE 2479377 1509 5 6
RESPONSE 2479871 2 1 1
RESPONSE 2479880 1011 4 5
RESPONSE 2481879 7013 2 9
RESPONSE 2482376 1506 3 5
RESPONSE 2482385 514 4 5
RESPONSE 2483378 506 4 5
RESPONSE 2483876 3 2 2
RESPONSE 2485380 506 4 5
RESPONSE 2485879 4 3 3
RESPONSE 2486881 6 4 4
RESPONSE 2487881 4 3 3
RESPONSE 2489382 505 3 4
RESPONSE 2489882 4 3 3
RESPONSE 2492383 1504 2 4
RESPONSE 2494384 1504 1 3
RESPONSE 2494387 2508 4 7
RESPONSE 2494389 509 3 3
RESPONSE 2496887 1005 3 4
RESPONSE 2505390 10509 2 8
RESPONSE 2505396 6512 3 3
RESPONSE 2505399 4513 3 3
RESPONSE 2505402 3516 3 3
RESPONSE 2505405 1517 3 3
RESPONSE 2505906 8023 3 4
RESPONSE 2505909 3022 3 4
RESPONSE 2505911 21 3 3
RESPONSE 2506412 6527 5 7
RESPONSE 2506415 1526 5 7
RESPONSE 2510396 3505 2 5
RESPONSE 2510401 2509 3 3
RESPONSE 2511396 2503 4 5
RESPONSE 2511398 504 2 3
RESPONSE 2511897 2004 2 4
RESPONSE 2511901 7 3 3
RESPONSE 2512900 6 4 4
RESPONSE 2513902 17020 5 14
RESPONSE 2514901 5 3 3
RESPONSE 2514903 1008 4 5
RESPONSE 2516401 505 3 4
RESPONSE 2516900 3 2 2
RESPONSE 2517904 6 4 4
RESPONSE 2518904 6 4 4
RESPONSE 2520403 504 2 3
RESPONSE 2520905 4 3 3
RESPONSE 2521906 5 3 3
RESPONSE 2522906 4 3 3
RESPONSE 2524906 3 2 2
RESPONSE 2525408 1506 3 5
RESPONSE 2526409 505 3 4
RESPONSE 2527910 4 3 3
RESPONSE 2528910 4 3 3
RESPONSE 2529409 2505 1 4
RESPONSE 2529914 6 4 4
RESPONSE 2531412 504 2 3
RESPONSE 2533416 1507 4 6
RESPONSE 2533916 6 4 4
RESPONSE 2534416 1506 3 5
RESPONSE 2534919 7 5 5
RESPONSE 2537918 1005 3 4
RESPONSE 2537921 7 3 3
RESPONSE 2538919 4 3 3
RESPONSE 2539418 3506 3 6
RESPONSE 2540419 504 2 3
RESPONSE 2544425 1508 2 2
RESPONSE 2544426 3511 5 8
RESPONSE 2544923 3007 4 6
RESPONSE 2545927 2010 2 4
RESPONSE 2546426 1507 4 6
RESPONSE 2549431 3511 1 4
RESPONSE 2549439 517 5 5
RESPONSE 2549925 3005 3 5
RESPONSE 2550939 3019 4 6
RESPONSE 2550942 19 4 4
RESPONSE 2551431 1509 5 7
RESPONSE 2551927 3 2 2
RESPONSE 2552929 4 3 3
RESPONSE 2553932 7 5 5
RESPONSE 2555431 505 3 4
RESPONSE 2556435 508 5 6
RESPONSE 2557433 505 3 4
RESPONSE 2557932 4 3 3
RESPONSE 2558933 5 3 3
RESPONSE 2560435 505 3 4
RESPONSE 2561435 505 3 4
RESPONSE 2562439 508 5 6
RESPONSE 2564436 1504 2 4
RESPONSE 2566440 2508 2 5
RESPONSE 2567443 1509 5 6
RESPONSE 2567444 509 4 5
RESPONSE 2567940 4 3 3
RESPONSE 2568441 3508 2 5
RESPONSE 2568942 6 4 4
RESPONSE 2573445 3508 3 6
RESPONSE 2573449 1510 3 3
RESPONSE 2573452 513 5 5
RESPONSE 2573943 3 2 2
RESPONSE 2574446 3508 4 7
RESPONSE 2575944 3 2 2
RESPONSE 2576946 4 3 3
RESPONSE 2577947 5 3 3
RESPONSE 2578448 3507 3 7
RESPONSE 2579450 506 4 5
RESPONSE 2580949 4 3 3
RESPONSE 2581450 1506 3 5
RESPONSE 2582449 504 2 3
RESPONSE 2584452 1506 3 5
RESPONSE 2584951 3 2 2
RESPONSE 2585450 1503 1 3
RESPONSE 2587956 1007 4 5
RESPONSE 2587959 9 4 4
RESPONSE 2588955 3 2 2
RESPONSE 2589955 3 2 2
RESPONSE 2590454 4505 1 5
RESPONSE 2591958 4 3 3
RESPONSE 2592457 1504 2 4
RESPONSE 2592959 4 3 3
RESPONSE 2594462 506 4 5
RESPONSE 2594960 4 3 3
RESPONSE 2595961 4 3 3
RESPONSE 2596962 5 3 3
RESPONSE 2597963 4 3 3
RESPONSE 2598962 3 2 2
RESPONSE 2599966 6 4 4
RESPONSE 2601967 6 4 4
RESPONSE 2603468 2508 4 7
RESPONSE 2604465 1503 1 3
RESPONSE 2604966 3 2 2
RESPONSE 2606469 2506 2 5
RESPONSE 2606971 6 3 3
RESPONSE 2606972 1008 4 5
RESPONSE 2608969 3 2 2
RESPONSE 2609973 6 4 4
RESPONSE 2610471 2506 2 5
RESPONSE 2610974 6 4 4
RESPONSE 2611974 4 3 3
RESPONSE 2613477 506 4 5
RESPONSE 2614975 3 2 2
RESPONSE 2615478 1507 4 6
RESPONSE 2616479 507 4 5
RESPONSE 2617477 504 2 3
RESPONSE 2618982 7 5 5
RESPONSE 2619981 6 4 4
RESPONSE 2620479 2505 2 5
RESPONSE 2621482 506 4 5
RESPONSE 2621982 5 4 4
RESPONSE 2624983 1005 2 3
RESPONSE 2625487 507 2 3
RESPONSE 2625988 7 5 5
RESPONSE 2626986 4008 3 7
RESPONSE 2627987 1005 2 3
RESPONSE 2627989 7 4 4
RESPONSE 2630990 6 2 2
RESPONSE 2630991 1008 5 6
RESPONSE 2631992 6 4 4
RESPONSE 2632492 3509 4 7
RESPONSE 2633493 506 4 5
RESPONSE 2633992 4 3 3
RESPONSE 2635493 505 3 4
RESPONSE 2636493 504 2 3
RESPONSE 2637492 502 1 2
RESPONSE 2638996 4 3 3
RESPONSE 2651501 13510 4 10
RESPONSE 2651503 9509 2 2
RESPONSE 2651508 7513 4 4
RESPONSE 2652498 9504 2 3
RESPONSE 2652504 6507 2 3
RESPONSE 2652506 12514 4 9
RESPONSE 2652507 4509 1 1
RESPONSE 2652511 2512 4 4
RESPONSE 2652514 513 4 4
RESPONSE 2653012 8016 2 4
RESPONSE 2653013 6016 3 4
RESPONSE 2653017 12024 3 5
RESPONSE 2653518 4519 2 4
RESPONSE 2653519 2519 3 5
RESPONSE 2654005 3 2 2
RESPONSE 2654022 1021 3 5
RESPONSE 2655507 504 2 3
RESPONSE 2656008 4 3 3
RESPONSE 2657507 502 1 2
RESPONSE 2658011 6 4 4
RESPONSE 2659009 3 2 2
RESPONSE 2660010 3 2 2
RESPONSE 2661013 6 4 4
RESPONSE 2662013 5 3 3
RESPONSE 2663013 4 3 3
RESPONSE 2664015 6 4 4
RESPONSE 2665016 6 4 4
RESPONSE 2666515 504 2 3
RESPONSE 2668517 1506 3 5
RESPONSE 2669020 1008 4 5
RESPONSE 2669021 8 4 4
RESPONSE 2670018 4 3 3
RESPONSE 2671021 6 4 4
RESPONSE 2672018 2 1 1
RESPONSE 2673522 505 3 4
RESPONSE 2674022 4 3 3
RESPONSE 2675022 3 2 2
RESPONSE 2680028 3008 4 6
RESPONSE 2680032 2012 4 4
RESPONSE 2680033 1011 4 4
RESPONSE 2680534 512 3 4
RESPONSE 2682530 1507 4 6
RESPONSE 2682531 508 3 3
RESPONSE 2684026 8007 2 7
RESPONSE 2684530 505 3 4
RESPONSE 2685032 6 4 4
RESPONSE 2685530 2506 2 5
RESPONSE 2687531 1504 2 4
RESPONSE 2688033 1005 3 4
RESPONSE 2692035 3007 3 5
RESPONSE 2692040 9 2 2
RESPONSE 2692041 2011 4 4
RESPONSE 2692541 1511 4 5
RESPONSE 2693539 508 5 6
RESPONSE 2694539 506 4 5
RESPONSE 2695037 4 3 3
RESPONSE 2697039 9011 4 10
RESPONSE 2697042 8 3 3
RESPONSE 2697043 1009 4 5
RESPONSE 2698039 5 3 3
RESPONSE 2700542 1507 4 6
RESPONSE 2701042 1007 4 5
RESPONSE 2701540 503 1 2
RESPONSE 2702040 3 2 2
RESPONSE 2703544 506 4 5
RESPONSE 2705044 4 3 3
RESPONSE 2706045 4 3 3
RESPONSE 2707548 3509 4 8
RESPONSE 2708546 504 2 3
RESPONSE 2709548 2507 3 6
RESPONSE 2710548 505 2 3
RESPONSE 2710551 1509 4 6
RESPONSE 2711549 505 3 4
RESPONSE 2712050 6 4 4
RESPONSE 2713050 4 3 3
RESPONSE 2714050 4 3 3
RESPONSE 2715052 4 3 3
RESPONSE 2716050 2 1 1
RESPONSE 2717054 4 3 3
RESPONSE 2718556 506 4 5
RESPONSE 2719556 505 3 4
RESPONSE 2720055 4 3 3
RESPONSE 2721056 4 3 3
RESPONSE 2722058 5 3 3
RESPONSE 2723057 3 2 2
RESPONSE 2724057 3 2 2
RESPONSE 2725057 2 1 1
RESPONSE 2726059 3 2 2
RESPONSE 2727059 3 2 2
RESPONSE 2728060 3 2 2
RESPONSE 2729061 3 2 2
RESPONSE 2730566 507 4 5
RESPONSE 2732562 1503 1 3
RESPONSE 2733064 1004 1 2
RESPONSE 2733065 4 2 2
RESPONSE 2734067 6 4 4
RESPONSE 2735566 504 2 3
RESPONSE 2736568 505 3 4
RESPONSE 2737072 7 5 5
RESPONSE 2738571 505 3 4
RESPONSE 2739071 4 3 3
RESPONSE 2740074 7 5 5
RESPONSE 2741073 6 4 4
RESPONSE 2742074 6 4 4
RESPONSE 2743574 505 3 4
RESPONSE 2744574 504 2 3
RESPONSE 2745074 3 2 2
RESPONSE 2746578 506 4 5
RESPONSE 2747078 6 4 4
RESPONSE 2748077 4 3 3
RESPONSE 2749081 7 5 5
RESPONSE 2751579 1505 2 4
RESPONSE 2752079 1004 2 3
RESPONSE 2753582 1507 3 5
RESPONSE 2754079 2 1 1
RESPONSE 2762084 7006 3 6
RESPONSE 2762091 6012 4 4
RESPONSE 2762091 5012 4 4
RESPONSE 2762093 3012 2 2
RESPONSE 2762094 2012 2 2
RESPONSE 2762095 4015 4 4
RESPONSE 2762595 1513 2 3
RESPONSE 2763588 1505 3 5
RESPONSE 2763589 506 2 3
RESPONSE 2764088 4 3 3
RESPONSE 2765089 4 3 3
RESPONSE 2766089 4 3 3
RESPONSE 2767086 14010 3 10
RESPONSE 2767089 4 2 2
RESPONSE 2768092 6 4 4
RESPONSE 2769595 508 5 6
RESPONSE 2770593 505 3 4
RESPONSE 2771094 6 4 4
RESPONSE 2772092 3 2 2
RESPONSE 2773094 4 3 3
RESPONSE 2774095 3 2 2
RESPONSE 2778599 3506 3 6
RESPONSE 2778603 1509 4 4
RESPONSE 2779098 3005 2 4
RESPONSE 2779100 5 3 3
RESPONSE 2781101 5 2 2
RESPONSE 2781103 1008 5 6
RESPONSE 2782100 4 2 2
RESPONSE 2782104 4009 3 6
RESPONSE 2784100 2 1 1
RESPONSE 2784603 1505 2 4
RESPONSE 2785105 6 4 4
RESPONSE 2786602 502 1 2
RESPONSE 2787105 4 3 3
RESPONSE 2788107 6 4 4
RESPONSE 2789107 6 4 4
RESPONSE 2790606 503 2 3
RESPONSE 2792610 1507 4 6
RESPONSE 2793607 1503 1 3
RESPONSE 2795612 1507 3 5
RESPONSE 2795613 2508 3 6
RESPONSE 2796615 508 4 5
RESPONSE 2797111 3 2 2
RESPONSE 2797117 2010 3 5
RESPONSE 2798613 505 3 4
RESPONSE 2799614 505 3 4
RESPONSE 2800615 505 3 4
RESPONSE 2801614 504 2 3
RESPONSE 2802616 505 3 4
RESPONSE 2803620 508 5 6
RESPONSE 2804118 6 4 4
RESPONSE 2805116 3 2 2
RESPONSE 2806116 2 1 1
RESPONSE 2807121 6 4 4
RESPONSE 2808119 3 2 2
RESPONSE 2809122 6 4 4
RESPONSE 2810120 3 2 2
RESPONSE 2811121 3 2 2
RESPONSE 2812125 6 4 4
RESPONSE 2813124 4 3 3
RESPONSE 2814123 3 2 2
RESPONSE 2816127 6 4 4
RESPONSE 2816628 1507 4 6
RESPONSE 2818128 5 3 3
RESPONSE 2818629 1507 3 5
RESPONSE 2819629 505 3 4
RESPONSE 2820130 6 4 4
RESPONSE 2821629 504 2 3
RESPONSE 2822131 6 4 4
RESPONSE 2823130 3 2 2
RESPONSE 2824132 4 3 3
RESPONSE 2825633 505 3 4
RESPONSE 2827632 1503 1 3
RESPONSE 2828135 1006 3 4
RESPONSE 2829134 3 2 2
RESPONSE 2830135 3 2 2
RESPONSE 2831637 3507 2 6
RESPONSE 2832138 1005 3 4
RESPONSE 2832641 507 4 5
RESPONSE 2835140 1005 3 4
RESPONSE 2835643 508 3 4
RESPONSE 2836139 3 2 2
RESPONSE 2836642 3508 4 7
RESPONSE 2837142 6 4 4
RESPONSE 2838145 7 5 5
RESPONSE 2839144 6 4 4
RESPONSE 2840647 508 5 6
RESPONSE 2841644 504 2 3
RESPONSE 2842646 505 3 4
RESPONSE 2843648 506 4 5
RESPONSE 2844148 6 4 4
RESPONSE 2846151 7 5 5
RESPONSE 2846647 1504 2 4
RESPONSE 2847648 504 2 3
RESPONSE 2850150 1005 3 4
RESPONSE 2850154 8 4 4
RESPONSE 2851151 4 3 3
RESPONSE 2852652 4507 3 7
RESPONSE 2853154 1007 4 5
RESPONSE 2853654 506 3 4
RESPONSE 2854654 505 3 4
RESPONSE 2855155 6 4 4
RESPONSE 2856656 506 3 4
RESPONSE 2857159 7 5 5
RESPONSE 2859157 5 3 3
RESPONSE 2860158 4 3 3
RESPONSE 2860657 2505 2 5
RESPONSE 2862158 3 2 2
RESPONSE 2863161 6 4 4
RESPONSE 2863663 2509 4 7
RESPONSE 2864161 4 3 3
RESPONSE 2865159 2 1 1
RESPONSE 2867665 1507 4 6
RESPONSE 2868163 3 2 2
RESPONSE 2869164 4 3 3
RESPONSE 2869665 2506 3 6
RESPONSE 2870664 504 2 3
RESPONSE 2872168 6 4 4
RESPONSE 2873668 2507 3 6
RESPONSE 2874170 6 4 4
RESPONSE 2874668 1504 2 4
RESPONSE 2875669 505 3 4
RESPONSE 2878171 1005 3 4
RESPONSE 2878675 508 3 4
RESPONSE 2879172 4 3 3
RESPONSE 2880174 6 3 3
RESPONSE 2880175 4010 4 8
RESPONSE 2881175 6 4 4
RESPONSE 2882177 7 5 5
RESPONSE 2883674 504 2 3
RESPONSE 2884178 7 5 5
RESPONSE 2885175 3 2 2
RESPONSE 2886677 504 2 3
RESPONSE 2888180 6 4 4
RESPONSE 2889680 2507 3 6
RESPONSE 2890179 1004 2 3
RESPONSE 2891180 4 3 3
RESPONSE 2891681 1505 2 4
RESPONSE 2895682 3505 2 5
RESPONSE 2895686 1508 3 3
RESPONSE 2896184 3007 4 6
RESPONSE 2896188 1009 3 4
RESPONSE 2896685 505 3 4
RESPONSE 2897185 4 3 3
RESPONSE 2901690 1507 1 1
RESPONSE 2901693 509 1 1
RESPONSE 2901693 3512 4 7
RESPONSE 2902190 3008 4 6
RESPONSE 2903189 4 3 3
RESPONSE 2904187 2 1 1
RESPONSE 2905193 7 5 5
RESPONSE 2905692 3508 3 7
RESPONSE 2906193 6 4 4
RESPONSE 2907692 504 2 3
RESPONSE 2908692 504 2 3
RESPONSE 2909694 505 3 4
RESPONSE 2911696 1506 3 5
RESPONSE 2912195 1004 2 3
RESPONSE 2912699 507 4 5
RESPONSE 2913199 7 5 5
RESPONSE 2916199 1005 3 4
RESPONSE 2916701 507 2 3
RESPONSE 2917700 3507 2 5
RESPONSE 2917703 508 4 5
RESPONSE 2918199 3 2 2
RESPONSE 2919201 4 3 3
RESPONSE 2920199 2 1 1
RESPONSE 2921200 2 1 1
RESPONSE 2922202 3 2 2
RESPONSE 2923203 3 2 2
RESPONSE 2927708 3508 4 7
RESPONSE 2927713 510 5 5
RESPONSE 2928710 3509 3 6
RESPONSE 2928710 2509 3 4
RESPONSE 2928711 508 2 3
RESPONSE 2929207 3 2 2
RESPONSE 2933710 3505 2 5
RESPONSE 2933714 1508 2 2
RESPONSE 2933716 509 3 3
RESPONSE 2934210 3005 3 5
RESPONSE 2934711 504 2 3
RESPONSE 2936716 1508 5 7
RESPONSE 2937215 1007 4 5
RESPONSE 2938213 3 2 2
RESPONSE 2938715 1507 3 5
RESPONSE 2940215 4 3 3
RESPONSE 2941215 3 2 2
RESPONSE 2944718 5508 3 8
RESPONSE 2945219 3006 3 5
RESPONSE 2945222 2008 3 4
RESPONSE 2946224 2010 4 6
RESPONSE 2947726 1511 2 4
RESPONSE 2947729 513 2 2
RESPONSE 2948220 3 2 2
RESPONSE 2949727 4512 2 6
RESPONSE 2950723 1506 3 5
RESPONSE 2951725 506 3 4
RESPONSE 2951727 1509 4 6
RESPONSE 2952223 3 2 2
RESPONSE 2953226 6 4 4
RESPONSE 2954226 4 3 3
RESPONSE 2955228 6 4 4
RESPONSE 2956228 6 4 4
RESPONSE 2957228 4 3 3
RESPONSE 2959229 4 3 3
RESPONSE 2960231 6 4 4
RESPONSE 2961734 3510 4 8
RESPONSE 2962233 6 4 4
RESPONSE 2962733 1507 4 6
RESPONSE 2963231 3 2 2
RESPONSE 2964732 504 2 3
RESPONSE 2965235 6 4 4
RESPONSE 2966234 4 3 3
RESPONSE 2967237 6 4 4
RESPONSE 2968735 504 2 3
RESPONSE 2969235 3 2 2
RESPONSE 2970240 7 5 5
RESPONSE 2971237 3 2 2
RESPONSE 2972240 6 4 4
RESPONSE 2973739 504 2 3
RESPONSE 2974739 504 2 3
RESPONSE 2975242 4 3 3
RESPONSE 2977242 3 2 2
RESPONSE 2978745 2506 3 6
RESPONSE 2979244 1004 2 3
RESPONSE 2980749 1508 4 6
RESPONSE 2981247 1006 3 4
RESPONSE 2981248 6 3 3
RESPONSE 2985748 3505 2 5
RESPONSE 2985752 507 3 3
RESPONSE 2986247 2 1 1
RESPONSE 2986252 2008 3 4
RESPONSE 2988253 1007 4 5
RESPONSE 2988254 7 3 3
RESPONSE 2989756 508 5 6
RESPONSE 2990254 6 4 4
RESPONSE 2990755 7511 4 11
RESPONSE 2992755 1506 3 5
RESPONSE 2993257 1007 3 4
RESPONSE 2993257 7 3 3
RESPONSE 2994257 6 4 4
RESPONSE 2995256 4 3 3
RESPONSE 2997759 1506 3 5
RESPONSE 2998763 1509 4 6
RESPONSE 2998763 509 4 5
RESPONSE 2999258 3 2 2
RESPONSE 3000262 6 4 4
RESPONSE 3001761 505 3 4
RESPONSE 3002761 504 2 3
RESPONSE 3003762 504 2 3
RESPONSE 3004261 3 2 2
RESPONSE 3005264 4 3 3
RESPONSE 3006767 507 4 5
RESPONSE 3010769 3508 4 7
RESPONSE 3011768 1505 3 4
RESPONSE 3011774 511 4 4
RESPONSE 3011775 3514 5 8
RESPONSE 3012773 507 4 5
RESPONSE 3013274 4012 4 7
RESPONSE 3013771 505 3 4
RESPONSE 3014271 4 3 3
RESPONSE 3015273 6 4 4
RESPONSE 3019775 3506 2 5
RESPONSE 3019778 1509 2 2
RESPONSE 3020777 3508 3 6
RESPONSE 3021278 6 4 4
RESPONSE 3021777 2506 2 4
RESPONSE 3022277 4 3 3
RESPONSE 3023285 3014 5 9
RESPONSE 3024279 5 2 2
RESPONSE 3024283 1009 5 6
RESPONSE 3028781 3506 3 6
RESPONSE 3028783 506 2 2
RESPONSE 3029785 3509 4 7
RESPONSE 3030286 7 5 5
RESPONSE 3030784 3507 3 5
RESPONSE 3031285 6 4 4
RESPONSE 3031290 2012 4 7
RESPONSE 3032287 7 5 5
RESPONSE 3033286 6 4 4
RESPONSE 3034785 504 2 3
RESPONSE 3035289 6 4 4
RESPONSE 3039791 3507 3 6
RESPONSE 3039795 1509 4 4
RESPONSE 3040291 3006 4 6
RESPONSE 3043295 4009 3 6
RESPONSE 3043793 3507 2 5
RESPONSE 3043799 511 4 4
RESPONSE 3044798 510 2 3
RESPONSE 3045294 4 3 3
RESPONSE 3046301 5014 1 5
RESPONSE 3046304 14 2 2
RESPONSE 3046797 4509 4 8
RESPONSE 3048295 3 2 2
RESPONSE 3049297 4 3 3
RESPONSE 3049801 2510 5 8
RESPONSE 3050298 4 3 3
RESPONSE 3051298 4 3 3
RESPONSE 3052800 505 3 4
RESPONSE 3054299 3 2 2
RESPONSE 3055301 4 3 3
RESPONSE 3058803 5508 3 8
RESPONSE 3058807 1509 4 4
RESPONSE 3059303 3005 2 4
RESPONSE 3059304 5 2 2
RESPONSE 3060806 506 4 5
RESPONSE 3061302 2 1 1
RESPONSE 3061308 3009 2 5
RESPONSE 3062807 506 4 5
RESPONSE 3067309 3007 3 5
RESPONSE 3067314 2010 4 4
RESPONSE 3067315 10 3 3
RESPONSE 3067814 1510 4 5
RESPONSE 3069811 1506 3 5
RESPONSE 3070809 1503 3 4
RESPONSE 3070812 505 3 4
RESPONSE 3071312 8010 3 8
RESPONSE 3072311 2 1 1
RESPONSE 3073312 2 1 1
RESPONSE 3074317 6 4 4
RESPONSE 3075316 5 3 3
RESPONSE 3083322 7009 2 5
RESPONSE 3083324 12017 4 12
RESPONSE 3083326 6013 2 2
RESPONSE 3083329 3014 4 4
RESPONSE 3083331 14 2 2
RESPONSE 3083332 1015 3 3
RESPONSE 3084832 6519 4 6
RESPONSE 3084834 5520 3 5
RESPONSE 3085825 506 2 3
RESPONSE 3085826 1507 4 5
RESPONSE 3086829 5513 4 6
RESPONSE 3088826 2507 2 5
RESPONSE 3088827 1507 2 4
RESPONSE 3088829 508 2 2
RESPONSE 3090827 1505 2 4
RESPONSE 3091329 6 4 4
RESPONSE 3091828 1506 3 5
RESPONSE 3092327 3 2 2
RESPONSE 3094330 4 3 3
RESPONSE 3094829 1504 2 4
RESPONSE 3095330 3 2 2
RESPONSE 3097835 1508 4 6
RESPONSE 3098334 5 3 3
RESPONSE 3098832 1503 1 3
RESPONSE 3099334 4 3 3
RESPONSE 3100834 504 2 3
RESPONSE 3101337 6 4 4
RESPONSE 3102338 6 4 4
RESPONSE 3103339 6 4 4
RESPONSE 3104337 3 2 2
RESPONSE 3105339 4 3 3
RESPONSE 3114345 7009 4 7
RESPONSE 3114348 5010 1 1
RESPONSE 3114350 6013 5 5
RESPONSE 3114353 2014 1 1
RESPONSE 3114356 1016 3 3
RESPONSE 3114357 3018 4 4
RESPONSE 3114359 18 2 2
RESPONSE 3118846 12510 4 9
RESPONSE 3121856 6514 3 5
RESPONSE 3121862 3518 2 2
RESPONSE 3121864 11525 5 9
RESPONSE 3121864 2520 3 3
RESPONSE 3121867 1522 3 3
